DATE                      TIME                      FRAC_DAYS_SINCE_JAN1      FRAC_HRS_SINCE_JAN1       JULIAN_DAYS               EPOCH_TIME                ALARM_STATUS              INST_STATUS               species                   MPVPosition               solenoid_valves           CH4                       CH4_dry                   CO2                       CO2_dry                   H2O                       h2o_reported              
2019-06-21                02:28:35.519              170.76985554              4098.476533               171.76985554              1561084115.519            0                         963                       1.0000000000E+000         5.0000000000E+000         0.0000000000E+000         3.5378844797E+001         3.5706089568E+001         7.1311790903E+002         5.5609536197E+002         7.2107088853E-001         9.1298282307E-001         
2019-06-21                02:29:24.759              170.77042546              4098.490211               171.77042546              1561084164.760            0                         963                       1.0000000000E+000         5.0000000000E+000         0.0000000000E+000         3.5378844797E+001         3.5706089568E+001         7.7751564615E+002         7.2117974799E+002         7.2107088853E-001         9.1298282307E-001         
2019-06-21                02:29:53.180              170.77075441              4098.498106               171.77075441              1561084193.181            0                         963                       2.0000000000E+000         7.6888888889E+000         0.0000000000E+000         3.7039634838E+001         3.5706089568E+001         7.7751564615E+002         7.8630550522E+002         7.2107088853E-001         9.1298282307E-001         
2019-06-21                02:30:13.092              170.77098487              4098.503637               171.77098487              1561084213.093            0                         963                       1.0000000000E+000         1.6000000000E+001         0.0000000000E+000         3.7039634838E+001         3.5706089568E+001         5.3385852978E+002         7.8630550522E+002         7.2107088853E-001         9.1298282307E-001         
2019-06-21                02:31:03.299              170.77156596              4098.517583               171.77156596              1561084263.299            0                         963                       1.0000000000E+000         6.0000000000E+000         0.0000000000E+000         3.7039634838E+001         3.7382241469E+001         5.9085330257E+002         5.3989383115E+002         7.2107088853E-001         9.1298282307E-001         
2019-06-21                02:31:54.496              170.77215853              4098.531805               171.77215853              1561084314.497            0                         963                       1.0000000000E+000         6.0000000000E+000         0.0000000000E+000         3.7039634838E+001         3.7382241469E+001         6.2403495209E+002         5.9753293311E+002         7.2107088853E-001         9.1298282307E-001         
2019-06-21                02:32:44.868              170.77274154              4098.545797               171.77274154              1561084364.869            0                         963                       1.0000000000E+000         1.6000000000E+001         0.0000000000E+000         3.7039634838E+001         3.7382241469E+001         5.1454299254E+002         6.3108970309E+002         7.2107088853E-001         9.1298282307E-001         
2019-06-21                02:33:36.039              170.77333380              4098.560011               171.77333380              1561084416.040            0                         963                       1.0000000000E+000         7.0000000000E+000         0.0000000000E+000         3.7039634838E+001         3.7382241469E+001         6.2926085064E+002         5.2035993065E+002         7.2107088853E-001         9.1298282307E-001         
2019-06-21                02:34:25.267              170.77390356              4098.573686               171.77390356              1561084465.268            0                         963                       1.0000000000E+000         7.0000000000E+000         0.0000000000E+000         3.7039634838E+001         3.7382241469E+001         6.6990876042E+002         6.3637468072E+002         7.2107088853E-001         9.1298282307E-001         
2019-06-21                02:35:14.492              170.77447329              4098.587359               171.77447329              1561084514.492            0                         963                       1.0000000000E+000         1.6000000000E+001         0.0000000000E+000         3.7039634838E+001         3.7382241469E+001         5.2139567310E+002         6.7748211747E+002         7.2107088853E-001         9.1298282307E-001         
2019-06-21                02:36:05.677              170.77506572              4098.601577               171.77506572              1561084565.678            0                         963                       1.0000000000E+000         8.0000000000E+000         0.0000000000E+000         3.7039634838E+001         3.7382241469E+001         8.1151473343E+002         5.2729008115E+002         7.2107088853E-001         9.1298282307E-001         
2019-06-21                02:36:54.894              170.77563536              4098.615249               171.77563536              1561084614.895            0                         963                       1.0000000000E+000         8.0000000000E+000         0.0000000000E+000         3.7039634838E+001         3.7382241469E+001         8.8852351445E+002         8.2068895414E+002         7.2107088853E-001         9.1298282307E-001         
2019-06-21                02:37:43.229              170.77619478              4098.628675               171.77619478              1561084663.229            0                         963                       1.0000000000E+000         1.6000000000E+001         0.0000000000E+000         3.7039634838E+001         3.7382241469E+001         5.5854069402E+002         8.9856832385E+002         7.2107088853E-001         9.1298282307E-001         
2019-06-21                02:38:32.467              170.77676468              4098.642352               171.77676468              1561084712.468            0                         963                       1.0000000000E+000         9.0000000000E+000         0.0000000000E+000         3.7039634838E+001         3.7382241469E+001         6.3419303627E+002         5.6485502867E+002         7.2107088853E-001         9.1298282307E-001         
2019-06-21                02:38:35.173              170.77679598              4098.643104               171.77679598              1561084715.173            0                         963                       3.0000000000E+000         9.0000000000E+000         0.0000000000E+000         3.7039634838E+001         3.7806327930E+001         6.3419303627E+002         6.5024384519E+002         2.5163600943E+000         3.0280190864E+000         
2019-06-21                02:38:45.019              170.77690995              4098.645839               171.77690995              1561084725.020            0                         963                       2.0000000000E+000         9.0000000000E+000         0.0000000000E+000         3.8378953291E+001         3.7806327930E+001         6.3419303627E+002         6.5024384519E+002         2.5163600943E+000         3.0280190864E+000         
2019-06-21                02:39:05.168              170.77714316              4098.651436               171.77714316              1561084745.169            0                         963                       1.0000000000E+000         9.0000000000E+000         0.0000000000E+000         3.8378953291E+001         3.7806327930E+001         6.8318827584E+002         6.5024384519E+002         2.5163600943E+000         3.0280190864E+000         
2019-06-21                02:39:56.368              170.77773575              4098.665658               171.77773575              1561084796.369            0                         963                       1.0000000000E+000         9.0000000000E+000         0.0000000000E+000         3.8378953291E+001         3.9644782046E+001         5.9080258726E+002         7.1075711780E+002         2.5163600943E+000         3.0280190864E+000         
2019-06-21                02:40:47.519              170.77832778              4098.679867               171.77832778              1561084847.520            0                         963                       1.0000000000E+000         1.0000000000E+001         0.0000000000E+000         3.8378953291E+001         3.9644782046E+001         5.2327915994E+002         6.1464336985E+002         2.5163600943E+000         3.0280190864E+000         
2019-06-21                02:41:38.698              170.77892013              4098.694083               171.77892013              1561084898.699            0                         963                       1.0000000000E+000         1.0000000000E+001         0.0000000000E+000         3.8378953291E+001         3.9644782046E+001         4.8400870833E+002         5.4439515529E+002         2.5163600943E+000         3.0280190864E+000         
2019-06-21                02:42:29.891              170.77951263              4098.708303               171.77951263              1561084949.891            0                         963                       1.0000000000E+000         1.0000000000E+001         0.0000000000E+000         3.8378953291E+001         3.9644782046E+001         4.8478880368E+002         5.0354001479E+002         2.5163600943E+000         3.0280190864E+000         
2019-06-21                02:43:20.107              170.78009383              4098.722252               171.78009383              1561085000.107            0                         963                       1.0000000000E+000         1.1000000000E+001         0.0000000000E+000         3.8378953291E+001         3.9644782046E+001         4.8549309566E+002         5.0435158950E+002         2.5163600943E+000         3.0280190864E+000         
2019-06-21                02:44:10.315              170.78067495              4098.736199               171.78067495              1561085050.316            0                         963                       1.0000000000E+000         1.1000000000E+001         0.0000000000E+000         3.8378953291E+001         3.9644782046E+001         4.8623847017E+002         5.0508430192E+002         2.5163600943E+000         3.0280190864E+000         
2019-06-21                02:45:01.506              170.78126744              4098.750419               171.78126744              1561085101.507            0                         963                       1.0000000000E+000         1.6000000000E+001         0.0000000000E+000         3.8378953291E+001         3.9644782046E+001         4.8715592645E+002         5.0585975468E+002         2.5163600943E+000         3.0280190864E+000         
2019-06-21                02:45:52.688              170.78185983              4098.764636               171.78185983              1561085152.689            0                         963                       1.0000000000E+000         1.2000000000E+001         0.0000000000E+000         3.8378953291E+001         3.9644782046E+001         4.8807036470E+002         5.0681423327E+002         2.5163600943E+000         3.0280190864E+000         
2019-06-21                02:46:42.874              170.78244067              4098.778576               171.78244067              1561085202.874            0                         963                       1.0000000000E+000         1.2000000000E+001         0.0000000000E+000         3.8378953291E+001         3.9644782046E+001         4.8891781160E+002         5.0776557205E+002         2.5163600943E+000         3.0280190864E+000         
2019-06-21                02:47:34.023              170.78303267              4098.792784               171.78303267              1561085254.023            0                         963                       1.0000000000E+000         1.6000000000E+001         0.0000000000E+000         3.8378953291E+001         3.9644782046E+001         4.8712041677E+002         5.0864721615E+002         2.5163600943E+000         3.0280190864E+000         
2019-06-21                02:48:25.197              170.78362498              4098.806999               171.78362498              1561085305.198            0                         963                       1.0000000000E+000         1.3000000000E+001         0.0000000000E+000         3.8378953291E+001         3.9644782046E+001         4.8782815975E+002         5.0677729066E+002         2.5163600943E+000         3.0280190864E+000         
2019-06-21                02:49:16.397              170.78421756              4098.821221               171.78421756              1561085356.397            0                         963                       1.0000000000E+000         1.3000000000E+001         0.0000000000E+000         3.8378953291E+001         3.9644782046E+001         4.9104213555E+002         5.0751359334E+002         2.5163600943E+000         3.0280190864E+000         
2019-06-21                02:50:07.569              170.78480984              4098.835436               171.78480984              1561085407.570            0                         963                       1.0000000000E+000         1.6000000000E+001         0.0000000000E+000         3.8378953291E+001         3.9644782046E+001         4.9149473940E+002         5.1085726340E+002         2.5163600943E+000         3.0280190864E+000         
2019-06-21                02:50:57.690              170.78538994              4098.849359               171.78538994              1561085457.691            0                         963                       1.0000000000E+000         1.4000000000E+001         0.0000000000E+000         3.8378953291E+001         3.9644782046E+001         4.9199277798E+002         5.1132813127E+002         2.5163600943E+000         3.0280190864E+000         
2019-06-21                02:51:45.989              170.78594895              4098.862775               171.78594895              1561085505.989            0                         963                       1.0000000000E+000         1.4000000000E+001         0.0000000000E+000         3.8378953291E+001         3.9644782046E+001         4.9255458117E+002         5.1184626731E+002         2.5163600943E+000         3.0280190864E+000         
2019-06-21                02:52:37.184              170.78654148              4098.876996               171.78654148              1561085557.184            0                         963                       1.0000000000E+000         1.6000000000E+001         0.0000000000E+000         3.8378953291E+001         3.9644782046E+001         4.9294413310E+002         5.1243074105E+002         2.5163600943E+000         3.0280190864E+000         
2019-06-21                02:53:28.362              170.78713383              4098.891212               171.78713383              1561085608.363            0                         963                       1.0000000000E+000         1.5000000000E+001         0.0000000000E+000         3.8378953291E+001         3.9644782046E+001         4.9323222804E+002         5.1283601266E+002         2.5163600943E+000         3.0280190864E+000         
2019-06-21                02:54:17.578              170.78770345              4098.904883               171.78770345              1561085657.578            0                         963                       1.0000000000E+000         1.5000000000E+001         0.0000000000E+000         3.8378953291E+001         3.9644782046E+001         4.9350794900E+002         5.1313573316E+002         2.5163600943E+000         3.0280190864E+000         
2019-06-21                02:55:06.809              170.78827325              4098.918558               171.78827325              1561085706.809            0                         963                       1.0000000000E+000         1.6000000000E+001         0.0000000000E+000         3.8378953291E+001         3.9644782046E+001         4.9373751710E+002         5.1342258034E+002         2.5163600943E+000         3.0280190864E+000         
2019-06-21                02:55:57.980              170.78886551              4098.932772               171.78886551              1561085757.980            0                         963                       1.0000000000E+000         1.6000000000E+001         0.0000000000E+000         3.8378953291E+001         3.9644782046E+001         4.9398525591E+002         5.1366141225E+002         2.5163600943E+000         3.0280190864E+000         
2019-06-21                02:56:47.226              170.78943549              4098.946452               171.78943549              1561085807.226            0                         963                       1.0000000000E+000         1.6000000000E+001         0.0000000000E+000         3.8378953291E+001         3.9644782046E+001         4.9443128701E+002         5.1391914812E+002         2.5163600943E+000         3.0280190864E+000         
2019-06-21                02:57:36.480              170.79000557              4098.960134               171.79000557              1561085856.481            0                         963                       1.0000000000E+000         1.6000000000E+001         0.0000000000E+000         3.8378953291E+001         3.9644782046E+001         4.9494702781E+002         5.1438317801E+002         2.5163600943E+000         3.0280190864E+000         
2019-06-21                02:57:40.132              170.79004784              4098.961148               171.79004784              1561085860.133            0                         963                       3.0000000000E+000         1.6000000000E+001         0.0000000000E+000         3.8378953291E+001         3.9174172858E+001         4.9494702781E+002         5.0748633823E+002         7.2408691284E-001         9.1671706846E-001         
2019-06-21                02:58:12.224              170.79041927              4098.970062               171.79041927              1561085892.225            0                         963                       1.0000000000E+000         1.6000000000E+001         0.0000000000E+000         3.8378953291E+001         3.9174172858E+001         4.9540831135E+002         5.0748633823E+002         7.2408691284E-001         9.1671706846E-001         
2019-06-21                02:59:01.460              170.79098912              4098.983739               171.79098912              1561085941.460            0                         963                       1.0000000000E+000         1.6000000000E+001         0.0000000000E+000         3.8378953291E+001         3.8735445754E+001         4.9593063061E+002         5.0103256209E+002         7.2408691284E-001         9.1671706846E-001         
2019-06-21                02:59:51.607              170.79156953              4098.997669               171.79156953              1561085991.607            0                         963                       1.0000000000E+000         1.6000000000E+001         0.0000000000E+000         3.8378953291E+001         3.8735445754E+001         4.9652142470E+002         5.0156081112E+002         7.2408691284E-001         9.1671706846E-001         
2019-06-21                03:00:40.839              170.79213935              4099.011344               171.79213935              1561086040.840            0                         963                       1.0000000000E+000         1.6000000000E+001         0.0000000000E+000         3.8378953291E+001         3.8735445754E+001         4.9697770410E+002         5.0215831235E+002         7.2408691284E-001         9.1671706846E-001         
2019-06-21                03:01:31.016              170.79272009              4099.025282               171.79272009              1561086091.016            0                         963                       1.0000000000E+000         1.6000000000E+001         0.0000000000E+000         3.8378953291E+001         3.8735445754E+001         4.9713193130E+002         5.0261977178E+002         7.2408691284E-001         9.1671706846E-001         
2019-06-21                03:02:20.243              170.79328986              4099.038957               171.79328986              1561086140.244            0                         963                       1.0000000000E+000         1.6000000000E+001         0.0000000000E+000         3.8378953291E+001         3.8735445754E+001         4.9706862393E+002         5.0277574988E+002         7.2408691284E-001         9.1671706846E-001         
2019-06-21                03:03:11.431              170.79388231              4099.053176               171.79388231              1561086191.432            0                         963                       1.0000000000E+000         1.6000000000E+001         0.0000000000E+000         3.8378953291E+001         3.8735445754E+001         4.9701040804E+002         5.0271172380E+002         7.2408691284E-001         9.1671706846E-001         
2019-06-21                03:04:00.690              170.79445243              4099.066858               171.79445243              1561086240.690            0                         963                       1.0000000000E+000         1.6000000000E+001         0.0000000000E+000         3.8378953291E+001         3.8735445754E+001         4.9708840931E+002         5.0265284700E+002         7.2408691284E-001         9.1671706846E-001         
2019-06-21                03:04:05.184              170.79450444              4099.068107               171.79450444              1561086245.184            0                         963                       3.0000000000E+000         1.6000000000E+001         0.0000000000E+000         3.8378953291E+001         3.8736216598E+001         4.9708840931E+002         5.0274393940E+002         7.2719191229E-001         9.2056077410E-001         
2019-06-21                03:04:37.313              170.79487632              4099.077032               171.79487632              1561086277.314            0                         963                       1.0000000000E+000         1.6000000000E+001         0.0000000000E+000         3.8378953291E+001         3.8736216598E+001         4.9722359459E+002         5.0274393940E+002         7.2719191229E-001         9.2056077410E-001         
2019-06-21                03:05:26.553              170.79544623              4099.090709               171.79544623              1561086326.554            0                         963                       1.0000000000E+000         1.6000000000E+001         0.0000000000E+000         3.8378953291E+001         3.8736987541E+001         4.9736116278E+002         5.0289287323E+002         7.2719191229E-001         9.2056077410E-001         
2019-06-21                03:06:15.806              170.79601628              4099.104391               171.79601628              1561086375.807            0                         963                       1.0000000000E+000         1.0000000000E+000         0.0000000000E+000         3.8378953291E+001         3.8736987541E+001         5.4890665934E+002         5.0303200996E+002         7.2719191229E-001         9.2056077410E-001         
2019-06-21                03:07:05.049              170.79658623              4099.118069               171.79658623              1561086425.050            0                         963                       1.0000000000E+000         1.0000000000E+000         0.0000000000E+000         3.8378953291E+001         3.8736987541E+001         5.6958588556E+002         5.5516522156E+002         7.2719191229E-001         9.2056077410E-001         
2019-06-21                03:07:54.302              170.79715627              4099.131751               171.79715627              1561086474.302            0                         963                       1.0000000000E+000         1.6000000000E+001         0.0000000000E+000         3.8378953291E+001         3.8736987541E+001         5.1803794867E+002         5.7608022962E+002         7.2719191229E-001         9.2056077410E-001         
2019-06-21                03:08:43.588              170.79772671              4099.145441               171.79772671              1561086523.588            0                         963                       1.0000000000E+000         2.0000000000E+000         0.0000000000E+000         3.8378953291E+001         3.8736987541E+001         5.8364534071E+002         5.2394454986E+002         7.2719191229E-001         9.2056077410E-001         
2019-06-21                03:09:32.875              170.79829716              4099.159132               171.79829716              1561086572.875            0                         963                       1.0000000000E+000         2.0000000000E+000         0.0000000000E+000         3.8378953291E+001         3.8736987541E+001         6.1807276808E+002         5.9029998884E+002         7.2719191229E-001         9.2056077410E-001         
2019-06-21                03:09:35.542              170.79832803              4099.159873               171.79832803              1561086575.542            0                         963                       3.0000000000E+000         2.0000000000E+000         0.0000000000E+000         3.8378953291E+001         3.9051059310E+001         6.1807276808E+002         6.3130542821E+002         2.0054432459E+000         2.4465836767E+000         
2019-06-21                03:10:08.473              170.79870919              4099.169021               171.79870919              1561086608.474            0                         963                       1.0000000000E+000         1.6000000000E+001         0.0000000000E+000         3.8378953291E+001         3.9051059310E+001         5.3199122148E+002         6.3130542821E+002         2.0054432459E+000         2.4465836767E+000         
2019-06-21                03:10:58.579              170.79928912              4099.182939               171.79928912              1561086658.580            0                         963                       1.0000000000E+000         3.0000000000E+000         0.0000000000E+000         3.8378953291E+001         3.9381522048E+001         4.9769494988E+002         5.4898765954E+002         2.0054432459E+000         2.4465836767E+000         
2019-06-21                03:11:49.780              170.79988172              4099.197161               171.79988172              1561086709.781            0                         963                       1.0000000000E+000         3.0000000000E+000         0.0000000000E+000         3.8378953291E+001         3.9381522048E+001         4.9758261633E+002         5.1359566598E+002         2.0054432459E+000         2.4465836767E+000         
2019-06-21                03:12:40.993              170.80047447              4099.211387               171.80047447              1561086760.994            0                         963                       1.0000000000E+000         1.6000000000E+001         0.0000000000E+000         3.8378953291E+001         3.9381522048E+001         4.9767678013E+002         5.1347974352E+002         2.0054432459E+000         2.4465836767E+000         
2019-06-21                03:13:30.380              170.80104606              4099.225106               171.80104606              1561086810.380            0                         963                       1.0000000000E+000         4.0000000000E+000         0.0000000000E+000         3.8378953291E+001         3.9381522048E+001         6.7305423745E+002         5.1357691574E+002         2.0054432459E+000         2.4465836767E+000         
2019-06-21                03:14:17.635              170.80159301              4099.238232               171.80159301              1561086857.636            0                         963                       1.0000000000E+000         4.0000000000E+000         0.0000000000E+000         3.8378953291E+001         3.9381522048E+001         7.4315173583E+002         6.9455745816E+002         2.0054432459E+000         2.4465836767E+000         
2019-06-21                03:15:06.868              170.80216282              4099.251908               171.80216282              1561086906.868            0                         963                       1.0000000000E+000         1.6000000000E+001         0.0000000000E+000         3.8378953291E+001         3.9381522048E+001         5.6828855503E+002         7.6689448182E+002         2.0054432459E+000         2.4465836767E+000         
2019-06-21                03:15:58.026              170.80275493              4099.266118               171.80275493              1561086958.026            0                         963                       1.0000000000E+000         5.0000000000E+000         0.0000000000E+000         3.8378953291E+001         3.9381522048E+001         7.2889356485E+002         5.8644464640E+002         2.0054432459E+000         2.4465836767E+000         
2019-06-21                03:16:48.144              170.80333500              4099.280040               171.80333500              1561087008.144            0                         963                       1.0000000000E+000         5.0000000000E+000         0.0000000000E+000         3.8378953291E+001         3.9381522048E+001         7.9163662308E+002         7.5218078055E+002         2.0054432459E+000         2.4465836767E+000         
2019-06-21                03:17:37.381              170.80390487              4099.293717               171.80390487              1561087057.381            0                         963                       1.0000000000E+000         1.6000000000E+001         0.0000000000E+000         3.8378953291E+001         3.9381522048E+001         5.6148689812E+002         8.1692839911E+002         2.0054432459E+000         2.4465836767E+000         
2019-06-21                03:18:27.529              170.80448530              4099.307647               171.80448530              1561087107.530            0                         963                       1.0000000000E+000         6.0000000000E+000         0.0000000000E+000         3.8378953291E+001         3.9381522048E+001         5.9922330594E+002         5.7942568526E+002         2.0054432459E+000         2.4465836767E+000         
2019-06-21                03:19:16.772              170.80505523              4099.321326               171.80505523              1561087156.772            0                         963                       1.0000000000E+000         6.0000000000E+000         0.0000000000E+000         3.8378953291E+001         3.9381522048E+001         6.3273648474E+002         6.1836772297E+002         2.0054432459E+000         2.4465836767E+000         
2019-06-21                03:20:06.000              170.80562501              4099.335000               171.80562501              1561087206.001            0                         963                       1.0000000000E+000         1.6000000000E+001         0.0000000000E+000         3.8378953291E+001         3.9381522048E+001         5.3242755750E+002         6.5295160490E+002         2.0054432459E+000         2.4465836767E+000         
2019-06-21                03:20:55.217              170.80619464              4099.348671               171.80619464              1561087255.217            0                         963                       1.0000000000E+000         7.0000000000E+000         0.0000000000E+000         3.8378953291E+001         3.9381522048E+001         6.6088554801E+002         5.4943793593E+002         2.0054432459E+000         2.4465836767E+000         
2019-06-21                03:21:44.471              170.80676472              4099.362353               171.80676472              1561087304.472            0                         963                       1.0000000000E+000         7.0000000000E+000         0.0000000000E+000         3.8378953291E+001         3.9381522048E+001         7.0379356822E+002         6.8199999468E+002         2.0054432459E+000         2.4465836767E+000         
2019-06-21                03:22:34.576              170.80734464              4099.376271               171.80734464              1561087354.577            0                         963                       1.0000000000E+000         1.6000000000E+001         0.0000000000E+000         3.8378953291E+001         3.9381522048E+001         5.4157037117E+002         7.2627887117E+002         2.0054432459E+000         2.4465836767E+000         
2019-06-21                03:23:23.823              170.80791463              4099.389951               171.80791463              1561087403.824            0                         963                       1.0000000000E+000         8.0000000000E+000         0.0000000000E+000         3.8378953291E+001         3.9381522048E+001         8.8192501153E+002         5.5887285079E+002         2.0054432459E+000         2.4465836767E+000         
2019-06-21                03:24:13.066              170.80848457              4099.403630               171.80848457              1561087453.067            0                         963                       1.0000000000E+000         8.0000000000E+000         0.0000000000E+000         3.8378953291E+001         3.9381522048E+001         9.6579458199E+002         9.1010138591E+002         2.0054432459E+000         2.4465836767E+000         
2019-06-21                03:25:03.194              170.80906475              4099.417554               171.80906475              1561087503.194            0                         963                       1.0000000000E+000         1.6000000000E+001         0.0000000000E+000         3.8378953291E+001         3.9381522048E+001         5.8206742580E+002         9.9665048172E+002         2.0054432459E+000         2.4465836767E+000         
2019-06-21                03:25:54.411              170.80965753              4099.431781               171.80965753              1561087554.411            0                         963                       1.0000000000E+000         9.0000000000E+000         0.0000000000E+000         3.8378953291E+001         3.9381522048E+001         6.5174173486E+002         6.0066373444E+002         2.0054432459E+000         2.4465836767E+000         
2019-06-21                03:26:43.645              170.81022738              4099.445457               171.81022738              1561087603.646            0                         963                       1.0000000000E+000         9.0000000000E+000         0.0000000000E+000         3.8378953291E+001         3.9381522048E+001         7.0526302348E+002         6.7256404842E+002         2.0054432459E+000         2.4465836767E+000         
2019-06-21                03:27:32.865              170.81079705              4099.459129               171.81079705              1561087652.865            0                         963                       1.0000000000E+000         1.6000000000E+001         0.0000000000E+000         3.8378953291E+001         3.9381522048E+001         5.4975464990E+002         7.2779527365E+002         2.0054432459E+000         2.4465836767E+000         
2019-06-21                03:28:24.042              170.81138939              4099.473345               171.81138939              1561087704.043            0                         963                       1.0000000000E+000         1.0000000000E+001         0.0000000000E+000         3.8378953291E+001         3.9381522048E+001         4.9331426399E+002         5.6731860674E+002         2.0054432459E+000         2.4465836767E+000         
2019-06-21                03:29:15.234              170.81198189              4099.487565               171.81198189              1561087755.235            0                         963                       1.0000000000E+000         1.0000000000E+001         0.0000000000E+000         3.8378953291E+001         3.9381522048E+001         4.9177857391E+002         5.0907502279E+002         2.0054432459E+000         2.4465836767E+000         
