DATE                      TIME                      FRAC_DAYS_SINCE_JAN1      FRAC_HRS_SINCE_JAN1       JULIAN_DAYS               EPOCH_TIME                ALARM_STATUS              INST_STATUS               species                   MPVPosition               solenoid_valves           CH4                       CH4_dry                   CO2                       CO2_dry                   H2O                       h2o_reported              
2019-07-25                21:33:50.503              205.56516787              4933.564029               206.56516787              1564090430.504            0                         963                       1.0000000000E+000         2.0000000000E+000         0.0000000000E+000         5.2838759101E+001         5.3624592059E+001         4.4157798163E+002         4.4983023384E+002         1.1534660539E+000         1.4416486540E+000         
2019-07-25                21:34:39.763              205.56573801              4933.577712               206.56573801              1564090479.764            0                         963                       1.0000000000E+000         2.0000000000E+000         0.0000000000E+000         5.2838759101E+001         5.3624592059E+001         4.4132476119E+002         4.4960593610E+002         1.1534660539E+000         1.4416486540E+000         
2019-07-25                21:35:30.937              205.56633030              4933.591927               206.56633030              1564090530.938            0                         963                       1.0000000000E+000         2.0000000000E+000         0.0000000000E+000         5.2838759101E+001         5.3624592059E+001         4.4113010958E+002         4.4934811207E+002         1.1534660539E+000         1.4416486540E+000         
2019-07-25                21:36:22.122              205.56692272              4933.606145               206.56692272              1564090582.123            0                         963                       1.0000000000E+000         2.0000000000E+000         0.0000000000E+000         5.2838759101E+001         5.3624592059E+001         4.4090647426E+002         4.4914992166E+002         1.1534660539E+000         1.4416486540E+000         
2019-07-25                21:37:11.362              205.56749263              4933.619823               206.56749263              1564090631.363            0                         963                       1.0000000000E+000         2.0000000000E+000         0.0000000000E+000         5.2838759101E+001         5.3624592059E+001         4.4072763327E+002         4.4892222062E+002         1.1534660539E+000         1.4416486540E+000         
2019-07-25                21:38:00.591              205.56806240              4933.633498               206.56806240              1564090680.591            0                         963                       1.0000000000E+000         2.0000000000E+000         0.0000000000E+000         5.2838759101E+001         5.3624592059E+001         4.4063845983E+002         4.4874012827E+002         1.1534660539E+000         1.4416486540E+000         
2019-07-25                21:38:51.778              205.56865484              4933.647716               206.56865484              1564090731.778            0                         963                       1.0000000000E+000         2.0000000000E+000         0.0000000000E+000         5.2838759101E+001         5.3624592059E+001         4.4059115538E+002         4.4864933365E+002         1.1534660539E+000         1.4416486540E+000         
2019-07-25                21:39:42.934              205.56924693              4933.661926               206.56924693              1564090782.935            0                         963                       1.0000000000E+000         2.0000000000E+000         0.0000000000E+000         5.2838759101E+001         5.3624592059E+001         4.4059467868E+002         4.4860116920E+002         1.1534660539E+000         1.4416486540E+000         
2019-07-25                21:40:32.153              205.56981659              4933.675598               206.56981659              1564090832.153            0                         963                       1.0000000000E+000         2.0000000000E+000         0.0000000000E+000         5.2838759101E+001         5.3624592059E+001         4.4058878883E+002         4.4860475655E+002         1.1534660539E+000         1.4416486540E+000         
2019-07-25                21:41:21.385              205.57038641              4933.689274               206.57038641              1564090881.386            0                         963                       1.0000000000E+000         2.0000000000E+000         0.0000000000E+000         5.2838759101E+001         5.3624592059E+001         4.4059729415E+002         4.4859875962E+002         1.1534660539E+000         1.4416486540E+000         
2019-07-25                21:42:12.558              205.57097868              4933.703488               206.57097868              1564090932.558            0                         963                       1.0000000000E+000         2.0000000000E+000         0.0000000000E+000         5.2838759101E+001         5.3624592059E+001         4.4063126887E+002         4.4860741957E+002         1.1534660539E+000         1.4416486540E+000         
2019-07-25                21:43:03.788              205.57157162              4933.717719               206.57157162              1564090983.788            0                         963                       1.0000000000E+000         2.0000000000E+000         0.0000000000E+000         5.2838759101E+001         5.3624592059E+001         4.4073006355E+002         4.4864201195E+002         1.1534660539E+000         1.4416486540E+000         
2019-07-25                21:43:53.914              205.57215179              4933.731643               206.57215179              1564091033.915            0                         963                       1.0000000000E+000         2.0000000000E+000         0.0000000000E+000         5.2838759101E+001         5.3624592059E+001         4.4089957839E+002         4.4874260274E+002         1.1534660539E+000         1.4416486540E+000         
2019-07-25                21:44:44.198              205.57273378              4933.745611               206.57273378              1564091084.199            0                         963                       1.0000000000E+000         2.0000000000E+000         0.0000000000E+000         5.2838759101E+001         5.3624592059E+001         4.4105572831E+002         4.4891519938E+002         1.1534660539E+000         1.4416486540E+000         
2019-07-25                21:45:35.382              205.57332619              4933.759829               206.57332619              1564091135.383            0                         963                       1.0000000000E+000         2.0000000000E+000         0.0000000000E+000         5.2838759101E+001         5.3624592059E+001         4.4129990629E+002         4.4907418813E+002         1.1534660539E+000         1.4416486540E+000         
2019-07-25                21:46:26.591              205.57391888              4933.774053               206.57391888              1564091186.591            0                         963                       1.0000000000E+000         2.0000000000E+000         0.0000000000E+000         5.2838759101E+001         5.3624592059E+001         4.4158284213E+002         4.4932280530E+002         1.1534660539E+000         1.4416486540E+000         
2019-07-25                21:47:16.881              205.57450094              4933.788023               206.57450094              1564091236.881            0                         963                       1.0000000000E+000         2.0000000000E+000         0.0000000000E+000         5.2838759101E+001         5.3624592059E+001         4.4178904891E+002         4.4961088496E+002         1.1534660539E+000         1.4416486540E+000         
2019-07-25                21:48:01.203              205.57501394              4933.800334               206.57501394              1564091281.204            0                         963                       1.0000000000E+000         2.0000000000E+000         0.0000000000E+000         5.2838759101E+001         5.3624592059E+001         4.4203526906E+002         4.4982084061E+002         1.1534660539E+000         1.4416486540E+000         
2019-07-25                21:48:52.417              205.57560669              4933.814561               206.57560669              1564091332.418            0                         963                       1.0000000000E+000         2.0000000000E+000         0.0000000000E+000         5.2838759101E+001         5.3624592059E+001         4.4229360676E+002         4.5007153708E+002         1.1534660539E+000         1.4416486540E+000         
2019-07-25                21:49:43.594              205.57619900              4933.828776               206.57619900              1564091383.594            0                         963                       1.0000000000E+000         2.0000000000E+000         0.0000000000E+000         5.2838759101E+001         5.3624592059E+001         4.4251904038E+002         4.5033457140E+002         1.1534660539E+000         1.4416486540E+000         
2019-07-25                21:50:33.680              205.57677872              4933.842689               206.57677872              1564091433.681            0                         963                       1.0000000000E+000         2.0000000000E+000         0.0000000000E+000         5.2838759101E+001         5.3624592059E+001         4.4282243810E+002         4.5056410344E+002         1.1534660539E+000         1.4416486540E+000         
2019-07-25                21:51:21.953              205.57733742              4933.856098               206.57733742              1564091481.953            0                         963                       1.0000000000E+000         2.0000000000E+000         0.0000000000E+000         5.2838759101E+001         5.3624592059E+001         4.4302780221E+002         4.5087301697E+002         1.1534660539E+000         1.4416486540E+000         
2019-07-25                21:52:13.128              205.57792973              4933.870314               206.57792973              1564091533.129            0                         963                       1.0000000000E+000         2.0000000000E+000         0.0000000000E+000         5.2838759101E+001         5.3624592059E+001         4.4306622511E+002         4.5108211463E+002         1.1534660539E+000         1.4416486540E+000         
2019-07-25                21:53:04.421              205.57852339              4933.884561               206.57852339              1564091584.421            0                         963                       1.0000000000E+000         2.0000000000E+000         0.0000000000E+000         5.2838759101E+001         5.3624592059E+001         4.4304445872E+002         4.5112123607E+002         1.1534660539E+000         1.4416486540E+000         
2019-07-25                21:53:54.519              205.57910323              4933.898478               206.57910323              1564091634.519            0                         963                       1.0000000000E+000         2.0000000000E+000         0.0000000000E+000         5.2838759101E+001         5.3624592059E+001         4.4292348298E+002         4.5109907396E+002         1.1534660539E+000         1.4416486540E+000         
2019-07-25                21:54:43.760              205.57967316              4933.912156               206.57967316              1564091683.761            0                         963                       1.0000000000E+000         2.0000000000E+000         0.0000000000E+000         5.2838759101E+001         5.3624592059E+001         4.4272381063E+002         4.5097589887E+002         1.1534660539E+000         1.4416486540E+000         
2019-07-25                21:55:34.956              205.58026569              4933.926377               206.58026569              1564091734.956            0                         963                       1.0000000000E+000         2.0000000000E+000         0.0000000000E+000         5.2838759101E+001         5.3624592059E+001         4.4254464082E+002         4.5077259644E+002         1.1534660539E+000         1.4416486540E+000         
2019-07-25                21:56:26.118              205.58085785              4933.940588               206.58085785              1564091786.118            0                         963                       1.0000000000E+000         2.0000000000E+000         0.0000000000E+000         5.2838759101E+001         5.3624592059E+001         4.4251891442E+002         4.5059016929E+002         1.1534660539E+000         1.4416486540E+000         
2019-07-25                21:57:15.391              205.58142815              4933.954276               206.58142815              1564091835.392            0                         963                       1.0000000000E+000         2.0000000000E+000         0.0000000000E+000         5.2838759101E+001         5.3624592059E+001         4.4268135320E+002         4.5056397518E+002         1.1534660539E+000         1.4416486540E+000         
2019-07-25                21:58:05.486              205.58200794              4933.968191               206.58200794              1564091885.486            0                         963                       1.0000000000E+000         2.0000000000E+000         0.0000000000E+000         5.2838759101E+001         5.3624592059E+001         4.4301938241E+002         4.5072936712E+002         1.1534660539E+000         1.4416486540E+000         
2019-07-25                21:58:55.714              205.58258929              4933.982143               206.58258929              1564091935.715            0                         963                       1.0000000000E+000         2.0000000000E+000         0.0000000000E+000         5.2838759101E+001         5.3624592059E+001         4.4359449227E+002         4.5107354176E+002         1.1534660539E+000         1.4416486540E+000         
2019-07-25                21:59:46.918              205.58318193              4933.996366               206.58318193              1564091986.919            0                         963                       1.0000000000E+000         2.0000000000E+000         0.0000000000E+000         5.2838759101E+001         5.3624592059E+001         4.4411636465E+002         4.5165910721E+002         1.1534660539E+000         1.4416486540E+000         
2019-07-25                22:00:36.188              205.58375219              4934.010052               206.58375219              1564092036.189            0                         963                       1.0000000000E+000         2.0000000000E+000         0.0000000000E+000         5.2838759101E+001         5.3624592059E+001         4.4445520704E+002         4.5219046730E+002         1.1534660539E+000         1.4416486540E+000         
2019-07-25                22:01:26.279              205.58433193              4934.023966               206.58433193              1564092086.279            0                         963                       1.0000000000E+000         2.0000000000E+000         0.0000000000E+000         5.2838759101E+001         5.3624592059E+001         4.4471008826E+002         4.5253546990E+002         1.1534660539E+000         1.4416486540E+000         
2019-07-25                22:01:30.773              205.58438396              4934.025215               206.58438396              1564092090.774            0                         963                       3.0000000000E+000         2.0000000000E+000         0.0000000000E+000         5.2838759101E+001         5.3589074282E+001         4.4471008826E+002         4.5242938490E+002         1.0506962147E+000         1.3171965397E+000         
2019-07-25                22:02:04.828              205.58477811              4934.034675               206.58477811              1564092124.829            0                         963                       1.0000000000E+000         2.0000000000E+000         0.0000000000E+000         5.2838759101E+001         5.3589074282E+001         4.4478436993E+002         4.5242938490E+002         1.0506962147E+000         1.3171965397E+000         
2019-07-25                22:02:56.010              205.58537050              4934.048892               206.58537050              1564092176.011            0                         963                       1.0000000000E+000         2.0000000000E+000         0.0000000000E+000         5.2838759101E+001         5.3553704110E+001         4.4475303452E+002         4.5214083666E+002         1.0506962147E+000         1.3171965397E+000         
2019-07-25                22:03:46.118              205.58595045              4934.062811               206.58595045              1564092226.119            0                         963                       1.0000000000E+000         2.0000000000E+000         0.0000000000E+000         5.2838759101E+001         5.3553704110E+001         4.4468123562E+002         4.5210898298E+002         1.0506962147E+000         1.3171965397E+000         
2019-07-25                22:04:34.382              205.58650906              4934.076217               206.58650906              1564092274.383            0                         963                       1.0000000000E+000         2.0000000000E+000         0.0000000000E+000         5.2838759101E+001         5.3553704110E+001         4.4459767820E+002         4.5203599656E+002         1.0506962147E+000         1.3171965397E+000         
2019-07-25                22:05:25.571              205.58710152              4934.090436               206.58710152              1564092325.571            0                         963                       1.0000000000E+000         2.0000000000E+000         0.0000000000E+000         5.2838759101E+001         5.3553704110E+001         4.4461175481E+002         4.5195105716E+002         1.0506962147E+000         1.3171965397E+000         
2019-07-25                22:06:16.743              205.58769380              4934.104651               206.58769380              1564092376.744            0                         963                       1.0000000000E+000         2.0000000000E+000         0.0000000000E+000         5.2838759101E+001         5.3553704110E+001         4.4478393295E+002         4.5196536659E+002         1.0506962147E+000         1.3171965397E+000         
2019-07-25                22:07:05.982              205.58826368              4934.118328               206.58826368              1564092425.982            0                         963                       1.0000000000E+000         2.0000000000E+000         0.0000000000E+000         5.2838759101E+001         5.3553704110E+001         4.4504053885E+002         4.5214039245E+002         1.0506962147E+000         1.3171965397E+000         
2019-07-25                22:07:56.076              205.58884348              4934.132244               206.58884348              1564092476.077            0                         963                       1.0000000000E+000         2.0000000000E+000         0.0000000000E+000         5.2838759101E+001         5.3553704110E+001         4.4530583125E+002         4.5240124245E+002         1.0506962147E+000         1.3171965397E+000         
2019-07-25                22:08:47.230              205.58943554              4934.146453               206.58943554              1564092527.231            0                         963                       1.0000000000E+000         2.0000000000E+000         0.0000000000E+000         5.2838759101E+001         5.3553704110E+001         4.4570061461E+002         4.5267092263E+002         1.0506962147E+000         1.3171965397E+000         
2019-07-25                22:09:38.400              205.59002778              4934.160667               206.59002778              1564092578.400            0                         963                       1.0000000000E+000         2.0000000000E+000         0.0000000000E+000         5.2838759101E+001         5.3553704110E+001         4.4607287291E+002         4.5307223547E+002         1.0506962147E+000         1.3171965397E+000         
2019-07-25                22:10:28.502              205.59060766              4934.174584               206.59060766              1564092628.502            0                         963                       1.0000000000E+000         2.0000000000E+000         0.0000000000E+000         5.2838759101E+001         5.3553704110E+001         4.4625120569E+002         4.5345065070E+002         1.0506962147E+000         1.3171965397E+000         
2019-07-25                22:11:16.759              205.59116620              4934.187989               206.59116620              1564092676.760            0                         963                       1.0000000000E+000         2.0000000000E+000         0.0000000000E+000         5.2838759101E+001         5.3553704110E+001         4.4630110418E+002         4.5363193300E+002         1.0506962147E+000         1.3171965397E+000         
2019-07-25                22:12:07.944              205.59175861              4934.202207               206.59175861              1564092727.944            0                         963                       1.0000000000E+000         2.0000000000E+000         0.0000000000E+000         5.2838759101E+001         5.3553704110E+001         4.4637033895E+002         4.5368265678E+002         1.0506962147E+000         1.3171965397E+000         
2019-07-25                22:12:59.130              205.59235104              4934.216425               206.59235104              1564092779.130            0                         963                       1.0000000000E+000         2.0000000000E+000         0.0000000000E+000         5.2838759101E+001         5.3553704110E+001         4.4652804950E+002         4.5375303665E+002         1.0506962147E+000         1.3171965397E+000         
2019-07-25                22:13:48.348              205.59292069              4934.230097               206.59292069              1564092828.348            0                         963                       1.0000000000E+000         2.0000000000E+000         0.0000000000E+000         5.2838759101E+001         5.3553704110E+001         4.4658800009E+002         4.5391335564E+002         1.0506962147E+000         1.3171965397E+000         
2019-07-25                22:14:37.562              205.59349031              4934.243767               206.59349031              1564092877.563            0                         963                       1.0000000000E+000         2.0000000000E+000         0.0000000000E+000         5.2838759101E+001         5.3553704110E+001         4.4660548433E+002         4.5397429778E+002         1.0506962147E+000         1.3171965397E+000         
2019-07-25                22:15:28.744              205.59408270              4934.257985               206.59408270              1564092928.745            0                         963                       1.0000000000E+000         2.0000000000E+000         0.0000000000E+000         5.2838759101E+001         5.3553704110E+001         4.4664037642E+002         4.5399207119E+002         1.0506962147E+000         1.3171965397E+000         
2019-07-25                22:16:19.928              205.59467510              4934.272202               206.59467510              1564092979.929            0                         963                       1.0000000000E+000         2.0000000000E+000         0.0000000000E+000         5.2838759101E+001         5.3553704110E+001         4.4666869344E+002         4.5402754038E+002         1.0506962147E+000         1.3171965397E+000         
2019-07-25                22:17:11.109              205.59526748              4934.286419               206.59526748              1564093031.110            0                         963                       1.0000000000E+000         2.0000000000E+000         0.0000000000E+000         5.2838759101E+001         5.3553704110E+001         4.4701506309E+002         4.5405632575E+002         1.0506962147E+000         1.3171965397E+000         
2019-07-25                22:18:00.345              205.59583734              4934.300096               206.59583734              1564093080.346            0                         963                       1.0000000000E+000         2.0000000000E+000         0.0000000000E+000         5.2838759101E+001         5.3553704110E+001         4.4747567789E+002         4.5440842415E+002         1.0506962147E+000         1.3171965397E+000         
2019-07-25                22:18:51.532              205.59642977              4934.314314               206.59642977              1564093131.532            0                         963                       1.0000000000E+000         2.0000000000E+000         0.0000000000E+000         5.2838759101E+001         5.3553704110E+001         4.4774839205E+002         4.5487665723E+002         1.0506962147E+000         1.3171965397E+000         
2019-07-25                22:19:42.706              205.59702206              4934.328529               206.59702206              1564093182.706            0                         963                       1.0000000000E+000         2.0000000000E+000         0.0000000000E+000         5.2838759101E+001         5.3553704110E+001         4.4796241005E+002         4.5515388193E+002         1.0506962147E+000         1.3171965397E+000         
2019-07-25                22:20:31.934              205.59759184              4934.342204               206.59759184              1564093231.935            0                         963                       1.0000000000E+000         2.0000000000E+000         0.0000000000E+000         5.2838759101E+001         5.3553704110E+001         4.4825356106E+002         4.5537143965E+002         1.0506962147E+000         1.3171965397E+000         
2019-07-25                22:21:21.181              205.59816183              4934.355884               206.59816183              1564093281.182            0                         963                       1.0000000000E+000         2.0000000000E+000         0.0000000000E+000         5.2838759101E+001         5.3553704110E+001         4.4873074746E+002         4.5566740613E+002         1.0506962147E+000         1.3171965397E+000         
2019-07-25                22:22:12.394              205.59875457              4934.370110               206.59875457              1564093332.395            0                         963                       1.0000000000E+000         2.0000000000E+000         0.0000000000E+000         5.2838759101E+001         5.3553704110E+001         4.4909562025E+002         4.5615248490E+002         1.0506962147E+000         1.3171965397E+000         
2019-07-25                22:23:03.572              205.59934690              4934.384326               206.59934690              1564093383.572            0                         963                       1.0000000000E+000         2.0000000000E+000         0.0000000000E+000         5.2838759101E+001         5.3553704110E+001         4.4941421654E+002         4.5652339247E+002         1.0506962147E+000         1.3171965397E+000         
2019-07-25                22:23:52.789              205.59991655              4934.397997               206.59991655              1564093432.790            0                         963                       1.0000000000E+000         2.0000000000E+000         0.0000000000E+000         5.2838759101E+001         5.3553704110E+001         4.4987540960E+002         4.5684725816E+002         1.0506962147E+000         1.3171965397E+000         
2019-07-25                22:24:42.914              205.60049670              4934.411921               206.60049670              1564093482.915            0                         963                       1.0000000000E+000         2.0000000000E+000         0.0000000000E+000         5.2838759101E+001         5.3553704110E+001         4.5061115561E+002         4.5731607906E+002         1.0506962147E+000         1.3171965397E+000         
2019-07-25                22:25:33.155              205.60107819              4934.425877               206.60107819              1564093533.156            0                         963                       1.0000000000E+000         2.0000000000E+000         0.0000000000E+000         5.2838759101E+001         5.3553704110E+001         4.5131097372E+002         4.5806399388E+002         1.0506962147E+000         1.3171965397E+000         
2019-07-25                22:26:24.332              205.60167052              4934.440092               206.60167052              1564093584.333            0                         963                       1.0000000000E+000         2.0000000000E+000         0.0000000000E+000         5.2838759101E+001         5.3553704110E+001         4.5173471540E+002         4.5877538656E+002         1.0506962147E+000         1.3171965397E+000         
2019-07-25                22:27:13.569              205.60224038              4934.453769               206.60224038              1564093633.569            0                         963                       1.0000000000E+000         2.0000000000E+000         0.0000000000E+000         5.2838759101E+001         5.3553704110E+001         4.5212115091E+002         4.5920613667E+002         1.0506962147E+000         1.3171965397E+000         
2019-07-25                22:28:03.723              205.60282088              4934.467701               206.60282088              1564093683.724            0                         963                       1.0000000000E+000         2.0000000000E+000         0.0000000000E+000         5.2838759101E+001         5.3553704110E+001         4.5240373462E+002         4.5959896360E+002         1.0506962147E+000         1.3171965397E+000         
2019-07-25                22:28:53.940              205.60340209              4934.481650               206.60340209              1564093733.941            0                         963                       1.0000000000E+000         2.0000000000E+000         0.0000000000E+000         5.2838759101E+001         5.3553704110E+001         4.5270443748E+002         4.5988622107E+002         1.0506962147E+000         1.3171965397E+000         
2019-07-25                22:29:45.101              205.60399422              4934.495861               206.60399422              1564093785.101            0                         963                       1.0000000000E+000         2.0000000000E+000         0.0000000000E+000         5.2838759101E+001         5.3553704110E+001         4.5297079784E+002         4.6019189738E+002         1.0506962147E+000         1.3171965397E+000         
2019-07-25                22:30:34.367              205.60456443              4934.509546               206.60456443              1564093834.367            0                         963                       1.0000000000E+000         2.0000000000E+000         0.0000000000E+000         5.2838759101E+001         5.3553704110E+001         4.5318880582E+002         4.6046266317E+002         1.0506962147E+000         1.3171965397E+000         
2019-07-25                22:31:23.609              205.60513437              4934.523225               206.60513437              1564093883.610            0                         963                       1.0000000000E+000         2.0000000000E+000         0.0000000000E+000         5.2838759101E+001         5.3553704110E+001         4.5330972768E+002         4.6068427687E+002         1.0506962147E+000         1.3171965397E+000         
2019-07-25                22:32:14.798              205.60572683              4934.537444               206.60572683              1564093934.798            0                         963                       1.0000000000E+000         2.0000000000E+000         0.0000000000E+000         5.2838759101E+001         5.3553704110E+001         4.5334577138E+002         4.6080719871E+002         1.0506962147E+000         1.3171965397E+000         
2019-07-25                22:33:06.023              205.60631972              4934.551673               206.60631972              1564093986.024            0                         963                       1.0000000000E+000         2.0000000000E+000         0.0000000000E+000         5.2838759101E+001         5.3553704110E+001         4.5344341673E+002         4.6084383855E+002         1.0506962147E+000         1.3171965397E+000         
2019-07-25                22:33:56.108              205.60689941              4934.565586               206.60689941              1564094036.109            0                         963                       1.0000000000E+000         2.0000000000E+000         0.0000000000E+000         5.2838759101E+001         5.3553704110E+001         4.5345275464E+002         4.6094309890E+002         1.0506962147E+000         1.3171965397E+000         
