DATE                      TIME                      FRAC_DAYS_SINCE_JAN1      FRAC_HRS_SINCE_JAN1       JULIAN_DAYS               EPOCH_TIME                ALARM_STATUS              INST_STATUS               species                   MPVPosition               solenoid_valves           CH4                       CH4_dry                   CO2                       CO2_dry                   H2O                       h2o_reported              
2019-07-25                15:25:38.200              205.30946992              4927.427278               206.30946992              1564068338.201            0                         963                       1.0000000000E+000         2.0000000000E+000         0.0000000000E+000         4.7439202374E+001         4.8120449203E+001         5.0410278226E+002         5.1325617004E+002         1.1142855126E+000         1.3942880288E+000         
2019-07-25                15:26:28.290              205.31004966              4927.441192               206.31004966              1564068388.291            0                         963                       1.0000000000E+000         2.0000000000E+000         0.0000000000E+000         4.7439202374E+001         4.8120449203E+001         5.0374691889E+002         5.1295186487E+002         1.1142855126E+000         1.3942880288E+000         
2019-07-25                15:27:18.513              205.31063094              4927.455143               206.31063094              1564068438.513            0                         963                       1.0000000000E+000         2.0000000000E+000         0.0000000000E+000         4.7439202374E+001         4.8120449203E+001         5.0342492999E+002         5.1258975463E+002         1.1142855126E+000         1.3942880288E+000         
2019-07-25                15:28:09.707              205.31122347              4927.469363               206.31122347              1564068489.708            0                         963                       1.0000000000E+000         2.0000000000E+000         0.0000000000E+000         4.7439202374E+001         4.8120449203E+001         5.0306895701E+002         5.1226211349E+002         1.1142855126E+000         1.3942880288E+000         
2019-07-25                15:29:00.069              205.31180637              4927.483353               206.31180637              1564068540.070            0                         963                       1.0000000000E+000         2.0000000000E+000         0.0000000000E+000         4.7439202374E+001         4.8120449203E+001         5.0273817572E+002         5.1189989172E+002         1.1142855126E+000         1.3942880288E+000         
2019-07-25                15:29:03.701              205.31184840              4927.484362               206.31184840              1564068543.702            0                         963                       3.0000000000E+000         2.0000000000E+000         0.0000000000E+000         4.7439202374E+001         4.8136698433E+001         5.0273817572E+002         5.1177391100E+002         1.1667702953E+000         1.4577065494E+000         
2019-07-25                15:29:37.658              205.31224142              4927.493794               206.31224142              1564068577.659            0                         963                       1.0000000000E+000         2.0000000000E+000         0.0000000000E+000         4.7439202374E+001         4.8136698433E+001         5.0244188946E+002         5.1177391100E+002         1.1667702953E+000         1.4577065494E+000         
2019-07-25                15:30:28.857              205.31283399              4927.508016               206.31283399              1564068628.857            0                         963                       1.0000000000E+000         2.0000000000E+000         0.0000000000E+000         4.7439202374E+001         4.8152982161E+001         5.0216938408E+002         5.1168323619E+002         1.1667702953E+000         1.4577065494E+000         
2019-07-25                15:31:20.036              205.31342635              4927.522232               206.31342635              1564068680.037            0                         963                       1.0000000000E+000         2.0000000000E+000         0.0000000000E+000         4.7439202374E+001         4.8152982161E+001         5.0180000899E+002         5.1140571866E+002         1.1667702953E+000         1.4577065494E+000         
2019-07-25                15:32:10.142              205.31400628              4927.536151               206.31400628              1564068730.143            0                         963                       1.0000000000E+000         2.0000000000E+000         0.0000000000E+000         4.7439202374E+001         4.8152982161E+001         5.0135890667E+002         5.1102954970E+002         1.1667702953E+000         1.4577065494E+000         
2019-07-25                15:33:00.266              205.31458642              4927.550074               206.31458642              1564068780.267            0                         963                       1.0000000000E+000         2.0000000000E+000         0.0000000000E+000         4.7439202374E+001         4.8152982161E+001         5.0089629583E+002         5.1058033424E+002         1.1667702953E+000         1.4577065494E+000         
2019-07-25                15:33:51.453              205.31517887              4927.564293               206.31517887              1564068831.454            0                         963                       1.0000000000E+000         2.0000000000E+000         0.0000000000E+000         4.7439202374E+001         4.8152982161E+001         5.0048304819E+002         5.1010921466E+002         1.1667702953E+000         1.4577065494E+000         
2019-07-25                15:34:42.687              205.31577184              4927.578524               206.31577184              1564068882.687            0                         963                       1.0000000000E+000         2.0000000000E+000         0.0000000000E+000         4.7439202374E+001         4.8152982161E+001         5.0007475106E+002         5.0968836621E+002         1.1667702953E+000         1.4577065494E+000         
2019-07-25                15:35:30.971              205.31633069              4927.591937               206.31633069              1564068930.972            0                         963                       1.0000000000E+000         2.0000000000E+000         0.0000000000E+000         4.7439202374E+001         4.8152982161E+001         4.9958976988E+002         5.0927255932E+002         1.1667702953E+000         1.4577065494E+000         
2019-07-25                15:36:21.071              205.31691054              4927.605853               206.31691054              1564068981.071            0                         963                       1.0000000000E+000         2.0000000000E+000         0.0000000000E+000         4.7439202374E+001         4.8152982161E+001         4.9916763047E+002         5.0877865795E+002         1.1667702953E+000         1.4577065494E+000         
2019-07-25                15:37:12.243              205.31750282              4927.620068               206.31750282              1564069032.244            0                         963                       1.0000000000E+000         2.0000000000E+000         0.0000000000E+000         4.7439202374E+001         4.8152982161E+001         4.9872006661E+002         5.0834875418E+002         1.1667702953E+000         1.4577065494E+000         
2019-07-25                15:38:03.454              205.31809554              4927.634293               206.31809554              1564069083.455            0                         963                       1.0000000000E+000         2.0000000000E+000         0.0000000000E+000         4.7439202374E+001         4.8152982161E+001         4.9821124238E+002         5.0789295835E+002         1.1667702953E+000         1.4577065494E+000         
2019-07-25                15:38:53.565              205.31867553              4927.648213               206.31867553              1564069133.566            0                         963                       1.0000000000E+000         2.0000000000E+000         0.0000000000E+000         4.7439202374E+001         4.8152982161E+001         4.9769761885E+002         5.0737477538E+002         1.1667702953E+000         1.4577065494E+000         
2019-07-25                15:39:43.670              205.31925544              4927.662131               206.31925544              1564069183.670            0                         963                       1.0000000000E+000         2.0000000000E+000         0.0000000000E+000         4.7439202374E+001         4.8152982161E+001         4.9712388163E+002         5.0685170484E+002         1.1667702953E+000         1.4577065494E+000         
2019-07-25                15:40:34.865              205.31984799              4927.676352               206.31984799              1564069234.866            0                         963                       1.0000000000E+000         2.0000000000E+000         0.0000000000E+000         4.7439202374E+001         4.8152982161E+001         4.9654938045E+002         5.0626741495E+002         1.1667702953E+000         1.4577065494E+000         
2019-07-25                15:41:26.046              205.32044035              4927.690568               206.32044035              1564069286.046            0                         963                       1.0000000000E+000         2.0000000000E+000         0.0000000000E+000         4.7439202374E+001         4.8152982161E+001         4.9598014345E+002         5.0568234705E+002         1.1667702953E+000         1.4577065494E+000         
2019-07-25                15:42:16.140              205.32102014              4927.704483               206.32102014              1564069336.140            0                         963                       1.0000000000E+000         2.0000000000E+000         0.0000000000E+000         4.7439202374E+001         4.8152982161E+001         4.9543551195E+002         5.0510264014E+002         1.1667702953E+000         1.4577065494E+000         
2019-07-25                15:43:05.413              205.32159043              4927.718170               206.32159043              1564069385.413            0                         963                       1.0000000000E+000         2.0000000000E+000         0.0000000000E+000         4.7439202374E+001         4.8152982161E+001         4.9495146852E+002         5.0454799131E+002         1.1667702953E+000         1.4577065494E+000         
2019-07-25                15:43:56.644              205.32218338              4927.732401               206.32218338              1564069436.644            0                         963                       1.0000000000E+000         2.0000000000E+000         0.0000000000E+000         4.7439202374E+001         4.8152982161E+001         4.9459238860E+002         5.0405504493E+002         1.1667702953E+000         1.4577065494E+000         
2019-07-25                15:44:47.832              205.32277583              4927.746620               206.32277583              1564069487.832            0                         963                       1.0000000000E+000         2.0000000000E+000         0.0000000000E+000         4.7439202374E+001         4.8152982161E+001         4.9430614549E+002         5.0368936051E+002         1.1667702953E+000         1.4577065494E+000         
2019-07-25                15:45:37.940              205.32335580              4927.760539               206.32335580              1564069537.941            0                         963                       1.0000000000E+000         2.0000000000E+000         0.0000000000E+000         4.7439202374E+001         4.8152982161E+001         4.9388710936E+002         5.0339785256E+002         1.1667702953E+000         1.4577065494E+000         
2019-07-25                15:46:27.180              205.32392571              4927.774217               206.32392571              1564069587.181            0                         963                       1.0000000000E+000         2.0000000000E+000         0.0000000000E+000         4.7439202374E+001         4.8152982161E+001         4.9338999237E+002         5.0297110915E+002         1.1667702953E+000         1.4577065494E+000         
2019-07-25                15:47:18.357              205.32451802              4927.788433               206.32451802              1564069638.357            0                         963                       1.0000000000E+000         2.0000000000E+000         0.0000000000E+000         4.7439202374E+001         4.8152982161E+001         4.9293426603E+002         5.0246484876E+002         1.1667702953E+000         1.4577065494E+000         
2019-07-25                15:48:09.523              205.32511023              4927.802646               206.32511023              1564069689.524            0                         963                       1.0000000000E+000         2.0000000000E+000         0.0000000000E+000         4.7439202374E+001         4.8152982161E+001         4.9247882181E+002         5.0200074031E+002         1.1667702953E+000         1.4577065494E+000         
2019-07-25                15:48:58.757              205.32568007              4927.816322               206.32568007              1564069738.758            0                         963                       1.0000000000E+000         2.0000000000E+000         0.0000000000E+000         4.7439202374E+001         4.8152982161E+001         4.9199305352E+002         5.0153691916E+002         1.1667702953E+000         1.4577065494E+000         
2019-07-25                15:49:48.865              205.32626001              4927.830240               206.32626001              1564069788.865            0                         963                       1.0000000000E+000         2.0000000000E+000         0.0000000000E+000         4.7439202374E+001         4.8152982161E+001         4.9156650123E+002         5.0104221620E+002         1.1667702953E+000         1.4577065494E+000         
2019-07-25                15:50:40.046              205.32685238              4927.844457               206.32685238              1564069840.046            0                         963                       1.0000000000E+000         2.0000000000E+000         0.0000000000E+000         4.7439202374E+001         4.8152982161E+001         4.9123445547E+002         5.0060781839E+002         1.1667702953E+000         1.4577065494E+000         
2019-07-25                15:51:31.224              205.32744473              4927.858674               206.32744473              1564069891.225            0                         963                       1.0000000000E+000         2.0000000000E+000         0.0000000000E+000         4.7439202374E+001         4.8152982161E+001         4.9093179668E+002         5.0026966536E+002         1.1667702953E+000         1.4577065494E+000         
2019-07-25                15:52:21.378              205.32802521              4927.872605               206.32802521              1564069941.378            0                         963                       1.0000000000E+000         2.0000000000E+000         0.0000000000E+000         4.7439202374E+001         4.8152982161E+001         4.9059984056E+002         4.9996143980E+002         1.1667702953E+000         1.4577065494E+000         
2019-07-25                15:53:11.507              205.32860542              4927.886530               206.32860542              1564069991.508            0                         963                       1.0000000000E+000         2.0000000000E+000         0.0000000000E+000         4.7439202374E+001         4.8152982161E+001         4.9035769691E+002         4.9962337806E+002         1.1667702953E+000         1.4577065494E+000         
2019-07-25                15:54:01.714              205.32918652              4927.900476               206.32918652              1564070041.715            0                         963                       1.0000000000E+000         2.0000000000E+000         0.0000000000E+000         4.7439202374E+001         4.8152982161E+001         4.9024744164E+002         4.9937678069E+002         1.1667702953E+000         1.4577065494E+000         
2019-07-25                15:54:52.903              205.32977897              4927.914695               206.32977897              1564070092.903            0                         963                       1.0000000000E+000         2.0000000000E+000         0.0000000000E+000         4.7439202374E+001         4.8152982161E+001         4.9017658318E+002         4.9926449752E+002         1.1667702953E+000         1.4577065494E+000         
2019-07-25                15:55:42.148              205.33034895              4927.928375               206.33034895              1564070142.149            0                         963                       1.0000000000E+000         2.0000000000E+000         0.0000000000E+000         4.7439202374E+001         4.8152982161E+001         4.9006399473E+002         4.9919233576E+002         1.1667702953E+000         1.4577065494E+000         
2019-07-25                15:56:31.424              205.33091927              4927.942062               206.33091927              1564070191.425            0                         963                       1.0000000000E+000         2.0000000000E+000         0.0000000000E+000         4.7439202374E+001         4.8152982161E+001         4.8980924213E+002         4.9907767649E+002         1.1667702953E+000         1.4577065494E+000         
2019-07-25                15:57:22.634              205.33151197              4927.956287               206.33151197              1564070242.634            0                         963                       1.0000000000E+000         2.0000000000E+000         0.0000000000E+000         4.7439202374E+001         4.8152982161E+001         4.8951457212E+002         4.9881823826E+002         1.1667702953E+000         1.4577065494E+000         
2019-07-25                15:58:13.828              205.33210449              4927.970508               206.33210449              1564070293.828            0                         963                       1.0000000000E+000         2.0000000000E+000         0.0000000000E+000         4.7439202374E+001         4.8152982161E+001         4.8924667770E+002         4.9851814842E+002         1.1667702953E+000         1.4577065494E+000         
2019-07-25                15:59:03.921              205.33268428              4927.984423               206.33268428              1564070343.922            0                         963                       1.0000000000E+000         2.0000000000E+000         0.0000000000E+000         4.7439202374E+001         4.8152982161E+001         4.8895779051E+002         4.9824532666E+002         1.1667702953E+000         1.4577065494E+000         
2019-07-25                15:59:33.463              205.33302619              4927.992629               206.33302619              1564070373.463            0                         963                       2.0000000000E+000         2.0000000000E+000         0.0000000000E+000         5.2838759101E+001         4.8152982161E+001         4.8895779051E+002         4.9795112600E+002         1.1667702953E+000         1.4577065494E+000         
2019-07-25                15:59:53.203              205.33325468              4927.998112               206.33325468              1564070393.204            0                         963                       1.0000000000E+000         2.0000000000E+000         0.0000000000E+000         5.2838759101E+001         4.8152982161E+001         4.8874957570E+002         4.9795112600E+002         1.1667702953E+000         1.4577065494E+000         
2019-07-25                16:00:44.388              205.33384709              4928.012330               206.33384709              1564070444.389            0                         963                       1.0000000000E+000         2.0000000000E+000         0.0000000000E+000         5.2838759101E+001         5.3633781705E+001         4.8882928716E+002         4.9773908153E+002         1.1667702953E+000         1.4577065494E+000         
2019-07-25                16:01:35.592              205.33443972              4928.026553               206.33443972              1564070495.592            0                         963                       1.0000000000E+000         2.0000000000E+000         0.0000000000E+000         5.2838759101E+001         5.3633781705E+001         4.8876905811E+002         4.9782025911E+002         1.1667702953E+000         1.4577065494E+000         
2019-07-25                16:02:24.812              205.33500940              4928.040226               206.33500940              1564070544.812            0                         963                       1.0000000000E+000         2.0000000000E+000         0.0000000000E+000         5.2838759101E+001         5.3633781705E+001         4.8856721277E+002         4.9775892228E+002         1.1667702953E+000         1.4577065494E+000         
2019-07-25                16:03:14.927              205.33558944              4928.054147               206.33558944              1564070594.928            0                         963                       1.0000000000E+000         2.0000000000E+000         0.0000000000E+000         5.2838759101E+001         5.3633781705E+001         4.8830281903E+002         4.9755336442E+002         1.1667702953E+000         1.4577065494E+000         
2019-07-25                16:04:05.132              205.33617052              4928.068092               206.33617052              1564070645.133            0                         963                       1.0000000000E+000         2.0000000000E+000         0.0000000000E+000         5.2838759101E+001         5.3633781705E+001         4.8792344811E+002         4.9728410772E+002         1.1667702953E+000         1.4577065494E+000         
2019-07-25                16:04:56.306              205.33676281              4928.082307               206.33676281              1564070696.307            0                         963                       1.0000000000E+000         2.0000000000E+000         0.0000000000E+000         5.2838759101E+001         5.3633781705E+001         4.8755889097E+002         4.9689775908E+002         1.1667702953E+000         1.4577065494E+000         
2019-07-25                16:05:45.530              205.33733253              4928.095981               206.33733253              1564070745.531            0                         963                       1.0000000000E+000         2.0000000000E+000         0.0000000000E+000         5.2838759101E+001         5.3633781705E+001         4.8721185504E+002         4.9652649669E+002         1.1667702953E+000         1.4577065494E+000         
2019-07-25                16:06:34.828              205.33790310              4928.109674               206.33790310              1564070794.828            0                         963                       1.0000000000E+000         2.0000000000E+000         0.0000000000E+000         5.2838759101E+001         5.3633781705E+001         4.8686791064E+002         4.9617307778E+002         1.1667702953E+000         1.4577065494E+000         
2019-07-25                16:07:26.039              205.33849583              4928.123900               206.33849583              1564070846.040            0                         963                       1.0000000000E+000         2.0000000000E+000         0.0000000000E+000         5.2838759101E+001         5.3633781705E+001         4.8653690326E+002         4.9582280725E+002         1.1667702953E+000         1.4577065494E+000         
2019-07-25                16:08:17.230              205.33908832              4928.138120               206.33908832              1564070897.231            0                         963                       1.0000000000E+000         2.0000000000E+000         0.0000000000E+000         5.2838759101E+001         5.3633781705E+001         4.8617505941E+002         4.9548571170E+002         1.1667702953E+000         1.4577065494E+000         
2019-07-25                16:09:07.323              205.33966810              4928.152034               206.33966810              1564070947.324            0                         963                       1.0000000000E+000         2.0000000000E+000         0.0000000000E+000         5.2838759101E+001         5.3633781705E+001         4.8578876579E+002         4.9511721250E+002         1.1667702953E+000         1.4577065494E+000         
2019-07-25                16:09:57.642              205.34025050              4928.166012               206.34025050              1564070997.643            0                         963                       1.0000000000E+000         2.0000000000E+000         0.0000000000E+000         5.2838759101E+001         5.3633781705E+001         4.8533270843E+002         4.9472381383E+002         1.1667702953E+000         1.4577065494E+000         
2019-07-25                16:10:48.846              205.34084314              4928.180235               206.34084314              1564071048.847            0                         963                       1.0000000000E+000         2.0000000000E+000         0.0000000000E+000         5.2838759101E+001         5.3633781705E+001         4.8482757848E+002         4.9425936827E+002         1.1667702953E+000         1.4577065494E+000         
2019-07-25                16:11:40.048              205.34143574              4928.194458               206.34143574              1564071100.048            0                         963                       1.0000000000E+000         2.0000000000E+000         0.0000000000E+000         5.2838759101E+001         5.3633781705E+001         4.8434429262E+002         4.9374494753E+002         1.1667702953E+000         1.4577065494E+000         
2019-07-25                16:12:30.128              205.34201538              4928.208369               206.34201538              1564071150.129            0                         963                       1.0000000000E+000         2.0000000000E+000         0.0000000000E+000         5.2838759101E+001         5.3633781705E+001         4.8377824335E+002         4.9325277266E+002         1.1667702953E+000         1.4577065494E+000         
2019-07-25                16:13:19.411              205.34258578              4928.222059               206.34258578              1564071199.411            0                         963                       1.0000000000E+000         2.0000000000E+000         0.0000000000E+000         5.2838759101E+001         5.3633781705E+001         4.8317654692E+002         4.9267631212E+002         1.1667702953E+000         1.4577065494E+000         
2019-07-25                16:14:10.641              205.34317873              4928.236289               206.34317873              1564071250.642            0                         963                       1.0000000000E+000         2.0000000000E+000         0.0000000000E+000         5.2838759101E+001         5.3633781705E+001         4.8258406568E+002         4.9206354877E+002         1.1667702953E+000         1.4577065494E+000         
2019-07-25                16:15:01.825              205.34377113              4928.250507               206.34377113              1564071301.826            0                         963                       1.0000000000E+000         2.0000000000E+000         0.0000000000E+000         5.2838759101E+001         5.3633781705E+001         4.8204233141E+002         4.9146017010E+002         1.1667702953E+000         1.4577065494E+000         
2019-07-25                16:15:51.960              205.34435140              4928.264434               206.34435140              1564071351.961            0                         963                       1.0000000000E+000         2.0000000000E+000         0.0000000000E+000         5.2838759101E+001         5.3633781705E+001         4.8157002495E+002         4.9090847178E+002         1.1667702953E+000         1.4577065494E+000         
2019-07-25                16:16:41.223              205.34492156              4928.278118               206.34492156              1564071401.223            0                         963                       1.0000000000E+000         2.0000000000E+000         0.0000000000E+000         5.2838759101E+001         5.3633781705E+001         4.8104698700E+002         4.9042747826E+002         1.1667702953E+000         1.4577065494E+000         
2019-07-25                16:17:32.417              205.34551410              4928.292338               206.34551410              1564071452.418            0                         963                       1.0000000000E+000         2.0000000000E+000         0.0000000000E+000         5.2838759101E+001         5.3633781705E+001         4.8053581816E+002         4.8989482014E+002         1.1667702953E+000         1.4577065494E+000         
2019-07-25                16:18:23.660              205.34610718              4928.306572               206.34610718              1564071503.660            0                         963                       1.0000000000E+000         2.0000000000E+000         0.0000000000E+000         5.2838759101E+001         5.3633781705E+001         4.8003813881E+002         4.8937424943E+002         1.1667702953E+000         1.4577065494E+000         
2019-07-25                16:19:13.714              205.34668652              4928.320476               206.34668652              1564071553.715            0                         963                       1.0000000000E+000         2.0000000000E+000         0.0000000000E+000         5.2838759101E+001         5.3633781705E+001         4.7951202737E+002         4.8886741634E+002         1.1667702953E+000         1.4577065494E+000         
2019-07-25                16:20:02.969              205.34725659              4928.334158               206.34725659              1564071602.969            0                         963                       1.0000000000E+000         2.0000000000E+000         0.0000000000E+000         5.2838759101E+001         5.3633781705E+001         4.7902086009E+002         4.8833162820E+002         1.1667702953E+000         1.4577065494E+000         
2019-07-25                16:20:54.151              205.34784897              4928.348375               206.34784897              1564071654.151            0                         963                       1.0000000000E+000         2.0000000000E+000         0.0000000000E+000         5.2838759101E+001         5.3633781705E+001         4.7857314567E+002         4.8783142694E+002         1.1667702953E+000         1.4577065494E+000         
2019-07-25                16:21:45.331              205.34844133              4928.362592               206.34844133              1564071705.331            0                         963                       1.0000000000E+000         2.0000000000E+000         0.0000000000E+000         5.2838759101E+001         5.3633781705E+001         4.7810223056E+002         4.8737547778E+002         1.1667702953E+000         1.4577065494E+000         
2019-07-25                16:22:34.592              205.34901148              4928.376276               206.34901148              1564071754.592            0                         963                       1.0000000000E+000         2.0000000000E+000         0.0000000000E+000         5.2838759101E+001         5.3633781705E+001         4.7761668197E+002         4.8689590118E+002         1.1667702953E+000         1.4577065494E+000         
2019-07-25                16:23:24.714              205.34959161              4928.390199               206.34959161              1564071804.715            0                         963                       1.0000000000E+000         2.0000000000E+000         0.0000000000E+000         5.2838759101E+001         5.3633781705E+001         4.7711670747E+002         4.8640142196E+002         1.1667702953E+000         1.4577065494E+000         
2019-07-25                16:24:15.885              205.35018387              4928.404413               206.35018387              1564071855.886            0                         963                       1.0000000000E+000         2.0000000000E+000         0.0000000000E+000         5.2838759101E+001         5.3633781705E+001         4.7660401773E+002         4.8589225150E+002         1.1667702953E+000         1.4577065494E+000         
2019-07-25                16:25:06.086              205.35076490              4928.418357               206.35076490              1564071906.087            0                         963                       1.0000000000E+000         2.0000000000E+000         0.0000000000E+000         5.2838759101E+001         5.3633781705E+001         4.7607722250E+002         4.8537013192E+002         1.1667702953E+000         1.4577065494E+000         
2019-07-25                16:25:56.200              205.35134492              4928.432278               206.35134492              1564071956.201            0                         963                       1.0000000000E+000         2.0000000000E+000         0.0000000000E+000         5.2838759101E+001         5.3633781705E+001         4.7556695767E+002         4.8483364742E+002         1.1667702953E+000         1.4577065494E+000         
