DATE                      TIME                      FRAC_DAYS_SINCE_JAN1      FRAC_HRS_SINCE_JAN1       JULIAN_DAYS               EPOCH_TIME                ALARM_STATUS              INST_STATUS               species                   MPVPosition               solenoid_valves           CH4                       CH4_dry                   CO2                       CO2_dry                   H2O                       h2o_reported              
2019-10-24                15:20:23.519              296.30582778              7111.339867               297.30582778              1571930423.520            0                         963                       1.0000000000E+000         9.0000000000E+000         0.0000000000E+000         4.4888567980E+001         4.5293410320E+001         4.5101910705E+002         4.5584915537E+002         7.0321858791E-001         8.9086546440E-001         
2019-10-24                15:21:14.683              296.30641994              7111.354079               297.30641994              1571930474.683            0                         963                       1.0000000000E+000         9.0000000000E+000         0.0000000000E+000         4.4888567980E+001         4.5293410320E+001         4.5116795341E+002         4.5599059247E+002         7.0321858791E-001         8.9086546440E-001         
2019-10-24                15:22:03.930              296.30698993              7111.367758               297.30698993              1571930523.930            0                         963                       1.0000000000E+000         1.6000000000E+001         0.0000000000E+000         4.4888567980E+001         4.5293410320E+001         4.5128209752E+002         4.5614107954E+002         7.0321858791E-001         8.9086546440E-001         
2019-10-24                15:22:54.003              296.30756948              7111.381668               297.30756948              1571930574.003            0                         963                       1.0000000000E+000         1.0000000000E+001         0.0000000000E+000         4.4888567980E+001         4.5293410320E+001         4.5140049059E+002         4.5625648183E+002         7.0321858791E-001         8.9086546440E-001         
2019-10-24                15:23:45.153              296.30816149              7111.395876               297.30816149              1571930625.153            0                         963                       1.0000000000E+000         1.0000000000E+001         0.0000000000E+000         4.4888567980E+001         4.5293410320E+001         4.5155775638E+002         4.5637617992E+002         7.0321858791E-001         8.9086546440E-001         
2019-10-24                15:24:36.375              296.30875434              7111.410104               297.30875434              1571930676.375            0                         963                       1.0000000000E+000         1.6000000000E+001         0.0000000000E+000         4.4888567980E+001         4.5293410320E+001         4.6425982744E+002         4.5653517922E+002         7.0321858791E-001         8.9086546440E-001         
2019-10-24                15:24:39.867              296.30879476              7111.411074               297.30879476              1571930679.867            0                         963                       3.0000000000E+000         1.6000000000E+001         0.0000000000E+000         4.4888567980E+001         4.5303711472E+001         4.6425982744E+002         4.6950750666E+002         7.3872280234E-001         9.3482872678E-001         
2019-10-24                15:25:12.973              296.30917793              7111.420270               297.30917793              1571930712.973            0                         963                       1.0000000000E+000         1.1000000000E+001         0.0000000000E+000         4.4888567980E+001         4.5303711472E+001         7.2780377802E+002         4.6950750666E+002         7.3872280234E-001         9.3482872678E-001         
2019-10-24                15:26:03.063              296.30975769              7111.434184               297.30975769              1571930763.064            0                         963                       1.0000000000E+000         1.1000000000E+001         0.0000000000E+000         4.4888567980E+001         4.5314027890E+001         7.7733219558E+002         7.3623486497E+002         7.3872280234E-001         9.3482872678E-001         
2019-10-24                15:26:53.174              296.31033767              7111.448104               297.31033767              1571930813.175            0                         963                       1.0000000000E+000         1.1000000000E+001         0.0000000000E+000         4.4888567980E+001         4.5314027890E+001         5.4530335128E+002         7.8633703387E+002         7.3872280234E-001         9.3482872678E-001         
2019-10-24                15:27:43.275              296.31091753              7111.462021               297.31091753              1571930863.275            0                         963                       1.0000000000E+000         1.2000000000E+001         0.0000000000E+000         4.4888567980E+001         4.5314027890E+001         6.2817781424E+002         5.5162030113E+002         7.3872280234E-001         9.3482872678E-001         
2019-10-24                15:28:33.342              296.31149703              7111.475929               297.31149703              1571930913.343            0                         963                       1.0000000000E+000         1.2000000000E+001         0.0000000000E+000         4.4888567980E+001         4.5314027890E+001         6.5032750340E+002         6.3545480555E+002         7.3872280234E-001         9.3482872678E-001         
2019-10-24                15:29:23.447              296.31207694              7111.489847               297.31207694              1571930963.448            0                         963                       1.0000000000E+000         1.2000000000E+001         0.0000000000E+000         4.4888567980E+001         4.5314027890E+001         5.3444442881E+002         6.5786108304E+002         7.3872280234E-001         9.3482872678E-001         
2019-10-24                15:30:15.512              296.31267954              7111.504309               297.31267954              1571931015.512            0                         963                       1.0000000000E+000         1.3000000000E+001         0.0000000000E+000         4.4888567980E+001         4.5314027890E+001         6.4622072686E+002         5.4063558580E+002         7.3872280234E-001         9.3482872678E-001         
2019-10-24                15:31:06.703              296.31327203              7111.518529               297.31327203              1571931066.703            0                         963                       1.0000000000E+000         1.3000000000E+001         0.0000000000E+000         4.4888567980E+001         4.5314027890E+001         6.6007179257E+002         6.5370673243E+002         7.3872280234E-001         9.3482872678E-001         
2019-10-24                15:31:56.812              296.31385199              7111.532448               297.31385199              1571931116.812            0                         963                       1.0000000000E+000         1.3000000000E+001         0.0000000000E+000         4.4888567980E+001         4.5314027890E+001         5.1754418199E+002         6.6771825285E+002         7.3872280234E-001         9.3482872678E-001         
2019-10-24                15:32:46.901              296.31443172              7111.546361               297.31443172              1571931166.901            0                         963                       1.0000000000E+000         1.4000000000E+001         0.0000000000E+000         4.4888567980E+001         4.5314027890E+001         6.5282734229E+002         5.2353956170E+002         7.3872280234E-001         9.3482872678E-001         
2019-10-24                15:33:36.990              296.31501146              7111.560275               297.31501146              1571931216.990            0                         963                       1.0000000000E+000         1.4000000000E+001         0.0000000000E+000         4.4888567980E+001         4.5314027890E+001         6.8452023151E+002         6.6038988078E+002         7.3872280234E-001         9.3482872678E-001         
2019-10-24                15:34:26.071              296.31557953              7111.573909               297.31557953              1571931266.071            0                         963                       1.0000000000E+000         1.4000000000E+001         0.0000000000E+000         4.4888567980E+001         4.5314027890E+001         5.3450638925E+002         6.9244990948E+002         7.3872280234E-001         9.3482872678E-001         
2019-10-24                15:35:14.315              296.31613791              7111.587310               297.31613791              1571931314.315            0                         963                       1.0000000000E+000         1.5000000000E+001         0.0000000000E+000         4.4888567980E+001         4.5314027890E+001         6.2081674887E+002         5.4069826400E+002         7.3872280234E-001         9.3482872678E-001         
2019-10-24                15:36:04.411              296.31671772              7111.601225               297.31671772              1571931364.411            0                         963                       1.0000000000E+000         1.5000000000E+001         0.0000000000E+000         4.4888567980E+001         4.5314027890E+001         6.2753251701E+002         6.2800846750E+002         7.3872280234E-001         9.3482872678E-001         
2019-10-24                15:36:55.575              296.31730990              7111.615438               297.31730990              1571931415.575            0                         963                       1.0000000000E+000         1.5000000000E+001         0.0000000000E+000         4.4888567980E+001         4.5314027890E+001         5.0599515640E+002         6.3480203302E+002         7.3872280234E-001         9.3482872678E-001         
2019-10-24                15:37:46.720              296.31790185              7111.629644               297.31790185              1571931466.720            0                         963                       1.0000000000E+000         1.6000000000E+001         0.0000000000E+000         4.4888567980E+001         4.5314027890E+001         4.7331871140E+002         5.1185674889E+002         7.3872280234E-001         9.3482872678E-001         
2019-10-24                15:38:35.927              296.31847139              7111.643313               297.31847139              1571931515.928            0                         963                       1.0000000000E+000         1.6000000000E+001         0.0000000000E+000         4.4888567980E+001         4.5314027890E+001         4.5647518672E+002         4.7880177062E+002         7.3872280234E-001         9.3482872678E-001         
2019-10-24                15:39:25.145              296.31904104              7111.656985               297.31904104              1571931565.146            0                         963                       1.0000000000E+000         1.6000000000E+001         0.0000000000E+000         4.4888567980E+001         4.5314027890E+001         4.5701128505E+002         4.6176312573E+002         7.3872280234E-001         9.3482872678E-001         
2019-10-24                15:40:16.345              296.31963363              7111.671207               297.31963363              1571931616.346            0                         963                       1.0000000000E+000         1.6000000000E+001         0.0000000000E+000         4.4888567980E+001         4.5314027890E+001         4.5757566600E+002         4.6230543438E+002         7.3872280234E-001         9.3482872678E-001         
2019-10-24                15:41:07.536              296.32022612              7111.685427               297.32022612              1571931667.537            0                         963                       1.0000000000E+000         1.6000000000E+001         0.0000000000E+000         4.4888567980E+001         4.5314027890E+001         4.5812254805E+002         4.6287635327E+002         7.3872280234E-001         9.3482872678E-001         
2019-10-24                15:41:57.651              296.32080616              7111.699348               297.32080616              1571931717.652            0                         963                       1.0000000000E+000         1.6000000000E+001         0.0000000000E+000         4.4888567980E+001         4.5314027890E+001         4.5862696408E+002         4.6342957057E+002         7.3872280234E-001         9.3482872678E-001         
2019-10-24                15:42:47.723              296.32138569              7111.713257               297.32138569              1571931767.724            0                         963                       1.0000000000E+000         1.6000000000E+001         0.0000000000E+000         4.4888567980E+001         4.5314027890E+001         4.5910929651E+002         4.6393982989E+002         7.3872280234E-001         9.3482872678E-001         
2019-10-24                15:43:38.895              296.32197796              7111.727471               297.32197796              1571931818.896            0                         963                       1.0000000000E+000         1.6000000000E+001         0.0000000000E+000         4.4888567980E+001         4.5314027890E+001         4.5955193394E+002         4.6442774980E+002         7.3872280234E-001         9.3482872678E-001         
2019-10-24                15:44:30.065              296.32257020              7111.741685               297.32257020              1571931870.065            0                         963                       1.0000000000E+000         1.6000000000E+001         0.0000000000E+000         4.4888567980E+001         4.5314027890E+001         4.5996218514E+002         4.6487551487E+002         7.3872280234E-001         9.3482872678E-001         
2019-10-24                15:45:20.167              296.32315008              7111.755602               297.32315008              1571931920.167            0                         963                       1.0000000000E+000         1.6000000000E+001         0.0000000000E+000         4.4888567980E+001         4.5314027890E+001         4.6031782602E+002         4.6529051854E+002         7.3872280234E-001         9.3482872678E-001         
2019-10-24                15:46:10.239              296.32372962              7111.769511               297.32372962              1571931970.239            0                         963                       1.0000000000E+000         1.6000000000E+001         0.0000000000E+000         4.4888567980E+001         4.5314027890E+001         4.6071408042E+002         4.6565027926E+002         7.3872280234E-001         9.3482872678E-001         
2019-10-24                15:47:01.411              296.32432189              7111.783725               297.32432189              1571932021.411            0                         963                       1.0000000000E+000         1.6000000000E+001         0.0000000000E+000         4.4888567980E+001         4.5314027890E+001         4.6120880369E+002         4.6605112399E+002         7.3872280234E-001         9.3482872678E-001         
2019-10-24                15:47:52.579              296.32491412              7111.797939               297.32491412              1571932072.580            0                         963                       1.0000000000E+000         1.0000000000E+000         0.0000000000E+000         4.4888567980E+001         4.5314027890E+001         4.6167114419E+002         4.6655157827E+002         7.3872280234E-001         9.3482872678E-001         
2019-10-24                15:48:42.648              296.32549361              7111.811847               297.32549361              1571932122.648            0                         963                       1.0000000000E+000         1.0000000000E+000         0.0000000000E+000         4.4888567980E+001         4.5314027890E+001         4.6219652843E+002         4.6701927466E+002         7.3872280234E-001         9.3482872678E-001         
2019-10-24                15:49:32.700              296.32607293              7111.825750               297.32607293              1571932172.701            0                         963                       1.0000000000E+000         1.6000000000E+001         0.0000000000E+000         4.4888567980E+001         4.5314027890E+001         4.6261057750E+002         4.6755074509E+002         7.3872280234E-001         9.3482872678E-001         
2019-10-24                15:50:23.987              296.32666653              7111.839997               297.32666653              1571932223.988            0                         963                       1.0000000000E+000         2.0000000000E+000         0.0000000000E+000         4.4888567980E+001         4.5314027890E+001         4.6309146221E+002         4.6796959063E+002         7.3872280234E-001         9.3482872678E-001         
2019-10-24                15:51:15.240              296.32725973              7111.854234               297.32725973              1571932275.241            0                         963                       1.0000000000E+000         2.0000000000E+000         0.0000000000E+000         4.4888567980E+001         4.5314027890E+001         4.6373370277E+002         4.6845604604E+002         7.3872280234E-001         9.3482872678E-001         
2019-10-24                15:52:05.331              296.32783948              7111.868148               297.32783948              1571932325.331            0                         963                       1.0000000000E+000         1.6000000000E+001         0.0000000000E+000         4.4888567980E+001         4.5314027890E+001         4.6420367691E+002         4.6910572650E+002         7.3872280234E-001         9.3482872678E-001         
2019-10-24                15:52:55.414              296.32841914              7111.882059               297.32841914              1571932375.414            0                         963                       1.0000000000E+000         3.0000000000E+000         0.0000000000E+000         4.4888567980E+001         4.5314027890E+001         4.6462720272E+002         4.6958114496E+002         7.3872280234E-001         9.3482872678E-001         
2019-10-24                15:53:46.572              296.32901125              7111.896270               297.32901125              1571932426.572            0                         963                       1.0000000000E+000         3.0000000000E+000         0.0000000000E+000         4.4888567980E+001         4.5314027890E+001         4.6508308282E+002         4.7000957702E+002         7.3872280234E-001         9.3482872678E-001         
2019-10-24                15:54:37.736              296.32960343              7111.910482               297.32960343              1571932477.736            0                         963                       1.0000000000E+000         1.6000000000E+001         0.0000000000E+000         4.4888567980E+001         4.5314027890E+001         4.6555279715E+002         4.7047073816E+002         7.3872280234E-001         9.3482872678E-001         
2019-10-24                15:55:27.823              296.33018315              7111.924396               297.33018315              1571932527.824            0                         963                       1.0000000000E+000         4.0000000000E+000         0.0000000000E+000         4.4888567980E+001         4.5314027890E+001         4.6595094065E+002         4.7094589379E+002         7.3872280234E-001         9.3482872678E-001         
2019-10-24                15:56:17.903              296.33076277              7111.938306               297.33076277              1571932577.903            0                         963                       1.0000000000E+000         4.0000000000E+000         0.0000000000E+000         4.4888567980E+001         4.5314027890E+001         4.6633182605E+002         4.7134864950E+002         7.3872280234E-001         9.3482872678E-001         
2019-10-24                15:57:09.072              296.33135500              7111.952520               297.33135500              1571932629.072            0                         963                       1.0000000000E+000         1.6000000000E+001         0.0000000000E+000         4.4888567980E+001         4.5314027890E+001         4.6677406636E+002         4.7173394719E+002         7.3872280234E-001         9.3482872678E-001         
2019-10-24                15:58:00.233              296.33194715              7111.966732               297.33194715              1571932680.234            0                         963                       1.0000000000E+000         5.0000000000E+000         0.0000000000E+000         4.4888567980E+001         4.5314027890E+001         4.6722760077E+002         4.7218131054E+002         7.3872280234E-001         9.3482872678E-001         
2019-10-24                15:58:50.301              296.33252663              7111.980639               297.33252663              1571932730.301            0                         963                       1.0000000000E+000         5.0000000000E+000         0.0000000000E+000         4.4888567980E+001         4.5314027890E+001         4.6761198470E+002         4.7264009881E+002         7.3872280234E-001         9.3482872678E-001         
2019-10-24                15:59:39.538              296.33309650              7111.994316               297.33309650              1571932779.538            0                         963                       1.0000000000E+000         1.6000000000E+001         0.0000000000E+000         4.4888567980E+001         4.5314027890E+001         4.6797434243E+002         4.7302893556E+002         7.3872280234E-001         9.3482872678E-001         
2019-10-24                16:00:29.822              296.33367850              7112.008284               297.33367850              1571932829.822            0                         963                       1.0000000000E+000         6.0000000000E+000         0.0000000000E+000         4.4888567980E+001         4.5314027890E+001         4.6835949775E+002         4.7339549094E+002         7.3872280234E-001         9.3482872678E-001         
2019-10-24                16:01:21.023              296.33427111              7112.022507               297.33427111              1571932881.024            0                         963                       1.0000000000E+000         6.0000000000E+000         0.0000000000E+000         4.4888567980E+001         4.5314027890E+001         4.6871829922E+002         4.7378510802E+002         7.3872280234E-001         9.3482872678E-001         
2019-10-24                16:02:11.101              296.33485071              7112.036417               297.33485071              1571932931.101            0                         963                       1.0000000000E+000         1.6000000000E+001         0.0000000000E+000         4.4888567980E+001         4.5314027890E+001         4.6908377699E+002         4.7414806594E+002         7.3872280234E-001         9.3482872678E-001         
2019-10-24                16:03:00.348              296.33542069              7112.050097               297.33542069              1571932980.348            0                         963                       1.0000000000E+000         7.0000000000E+000         0.0000000000E+000         4.4888567980E+001         4.5314027890E+001         4.6939541603E+002         4.7451777751E+002         7.3872280234E-001         9.3482872678E-001         
2019-10-24                16:03:51.517              296.33601294              7112.064311               297.33601294              1571933031.518            0                         963                       1.0000000000E+000         7.0000000000E+000         0.0000000000E+000         4.4888567980E+001         4.5314027890E+001         4.6970151311E+002         4.7483302667E+002         7.3872280234E-001         9.3482872678E-001         
2019-10-24                16:04:42.707              296.33660541              7112.078530               297.33660541              1571933082.707            0                         963                       1.0000000000E+000         1.6000000000E+001         0.0000000000E+000         4.4888567980E+001         4.5314027890E+001         4.7009629735E+002         4.7514266966E+002         7.3872280234E-001         9.3482872678E-001         
2019-10-24                16:05:31.946              296.33717530              7112.092207               297.33717530              1571933131.946            0                         963                       1.0000000000E+000         8.0000000000E+000         0.0000000000E+000         4.4888567980E+001         4.5314027890E+001         4.7060017971E+002         4.7554202720E+002         7.3872280234E-001         9.3482872678E-001         
2019-10-24                16:06:22.075              296.33775550              7112.106132               297.33775550              1571933182.075            0                         963                       1.0000000000E+000         8.0000000000E+000         0.0000000000E+000         4.4888567980E+001         4.5314027890E+001         4.7112731075E+002         4.7605174667E+002         7.3872280234E-001         9.3482872678E-001         
2019-10-24                16:07:12.269              296.33833646              7112.120075               297.33833646              1571933232.270            0                         963                       1.0000000000E+000         1.6000000000E+001         0.0000000000E+000         4.4888567980E+001         4.5314027890E+001         4.7163066353E+002         4.7658498415E+002         7.3872280234E-001         9.3482872678E-001         
2019-10-24                16:08:02.466              296.33891743              7112.134018               297.33891743              1571933282.466            0                         963                       1.0000000000E+000         9.0000000000E+000         0.0000000000E+000         4.4888567980E+001         4.5314027890E+001         4.7212232227E+002         4.7709416792E+002         7.3872280234E-001         9.3482872678E-001         
2019-10-24                16:08:52.532              296.33949690              7112.147926               297.33949690              1571933332.532            0                         963                       1.0000000000E+000         9.0000000000E+000         0.0000000000E+000         4.4888567980E+001         4.5314027890E+001         4.7259969028E+002         4.7759152217E+002         7.3872280234E-001         9.3482872678E-001         
2019-10-24                16:09:42.607              296.34007647              7112.161835               297.34007647              1571933382.607            0                         963                       1.0000000000E+000         1.6000000000E+001         0.0000000000E+000         4.4888567980E+001         4.5314027890E+001         4.7307209673E+002         4.7807442014E+002         7.3872280234E-001         9.3482872678E-001         
2019-10-24                16:10:33.757              296.34066850              7112.176044               297.34066850              1571933433.758            0                         963                       1.0000000000E+000         1.0000000000E+001         0.0000000000E+000         4.4888567980E+001         4.5314027890E+001         4.7342271135E+002         4.7855229909E+002         7.3872280234E-001         9.3482872678E-001         
2019-10-24                16:11:24.917              296.34126061              7112.190255               297.34126061              1571933484.917            0                         963                       1.0000000000E+000         1.0000000000E+001         0.0000000000E+000         4.4888567980E+001         4.5314027890E+001         4.7374213620E+002         4.7890697532E+002         7.3872280234E-001         9.3482872678E-001         
2019-10-24                16:12:14.148              296.34183042              7112.203930               297.34183042              1571933534.148            0                         963                       1.0000000000E+000         1.6000000000E+001         0.0000000000E+000         4.4888567980E+001         4.5314027890E+001         4.7412169574E+002         4.7923010049E+002         7.3872280234E-001         9.3482872678E-001         
2019-10-24                16:13:04.239              296.34241017              7112.217844               297.34241017              1571933584.239            0                         963                       1.0000000000E+000         1.1000000000E+001         0.0000000000E+000         4.4888567980E+001         4.5314027890E+001         5.7545527465E+002         4.7961405696E+002         7.3872280234E-001         9.3482872678E-001         
2019-10-24                16:13:54.325              296.34298988              7112.231757               297.34298988              1571933634.326            0                         963                       1.0000000000E+000         1.1000000000E+001         0.0000000000E+000         4.4888567980E+001         4.5314027890E+001         6.2286995883E+002         5.8212151300E+002         7.3872280234E-001         9.3482872678E-001         
2019-10-24                16:14:43.546              296.34355956              7112.245429               297.34355956              1571933683.546            0                         963                       1.0000000000E+000         1.6000000000E+001         0.0000000000E+000         4.4888567980E+001         4.5314027890E+001         5.4021315944E+002         6.3008546243E+002         7.3872280234E-001         9.3482872678E-001         
2019-10-24                16:15:33.668              296.34413969              7112.259352               297.34413969              1571933733.669            0                         963                       1.0000000000E+000         1.2000000000E+001         0.0000000000E+000         4.4888567980E+001         4.5314027890E+001         5.7952967312E+002         5.4647114305E+002         7.3872280234E-001         9.3482872678E-001         
2019-10-24                16:16:22.926              296.34470979              7112.273035               297.34470979              1571933782.926            0                         963                       1.0000000000E+000         1.2000000000E+001         0.0000000000E+000         4.4888567980E+001         4.5314027890E+001         6.1088607193E+002         5.8624311047E+002         7.3872280234E-001         9.3482872678E-001         
2019-10-24                16:17:14.108              296.34530219              7112.287252               297.34530219              1571933834.109            0                         963                       1.0000000000E+000         1.6000000000E+001         0.0000000000E+000         4.4888567980E+001         4.5314027890E+001         5.3915413564E+002         6.1796275076E+002         7.3872280234E-001         9.3482872678E-001         
2019-10-24                16:18:05.253              296.34589413              7112.301459               297.34589413              1571933885.253            0                         963                       1.0000000000E+000         1.3000000000E+001         0.0000000000E+000         4.4888567980E+001         4.5314027890E+001         5.4324366267E+002         5.4539985122E+002         7.3872280234E-001         9.3482872678E-001         
2019-10-24                16:18:55.332              296.34647375              7112.315370               297.34647375              1571933935.332            0                         963                       1.0000000000E+000         1.3000000000E+001         0.0000000000E+000         4.4888567980E+001         4.5314027890E+001         5.5927941009E+002         5.4953675250E+002         7.3872280234E-001         9.3482872678E-001         
2019-10-24                16:19:45.456              296.34705389              7112.329293               297.34705389              1571933985.456            0                         963                       1.0000000000E+000         1.6000000000E+001         0.0000000000E+000         4.4888567980E+001         4.5314027890E+001         5.1791137790E+002         5.6575826260E+002         7.3872280234E-001         9.3482872678E-001         
2019-10-24                16:20:36.648              296.34764640              7112.343514               297.34764640              1571934036.649            0                         963                       1.0000000000E+000         1.4000000000E+001         0.0000000000E+000         4.4888567980E+001         4.5314027890E+001         5.7672357798E+002         5.2391101131E+002         7.3872280234E-001         9.3482872678E-001         
