DATE                      TIME                      FRAC_DAYS_SINCE_JAN1      FRAC_HRS_SINCE_JAN1       JULIAN_DAYS               EPOCH_TIME                ALARM_STATUS              INST_STATUS               species                   MPVPosition               solenoid_valves           CH4                       CH4_dry                   CO2                       CO2_dry                   H2O                       h2o_reported              
2019-11-24                23:53:18.785              327.66202297              7863.888551               328.66202297              1574639598.785            0                         963                       1.0000000000E+000         3.0000000000E+000         0.0000000000E+000         4.6652374591E+001         4.7820480516E+001         6.6613248737E+002         5.9815940492E+002         1.9240880783E+000         2.3525912582E+000         
2019-11-24                23:54:09.888              327.66261446              7863.902747               328.66261446              1574639649.889            0                         963                       1.0000000000E+000         3.0000000000E+000         0.0000000000E+000         4.6652374591E+001         4.7820480516E+001         7.7730079390E+002         6.8653002915E+002         1.9240880783E+000         2.3525912582E+000         
2019-11-24                23:54:59.121              327.66318428              7863.916423               328.66318428              1574639699.122            0                         963                       1.0000000000E+000         1.6000000000E+001         0.0000000000E+000         4.6652374591E+001         4.7820480516E+001         5.4231937307E+002         8.0110240352E+002         1.9240880783E+000         2.3525912582E+000         
2019-11-24                23:55:50.342              327.66377711              7863.930651               328.66377711              1574639750.342            0                         963                       1.0000000000E+000         4.0000000000E+000         0.0000000000E+000         4.6652374591E+001         4.7820480516E+001         6.5233653893E+002         5.5892565227E+002         1.9240880783E+000         2.3525912582E+000         
2019-11-24                23:56:41.530              327.66436957              7863.944870               328.66436957              1574639801.531            0                         963                       1.0000000000E+000         4.0000000000E+000         0.0000000000E+000         4.6652374591E+001         4.7820480516E+001         7.5216299603E+002         6.7231163706E+002         1.9240880783E+000         2.3525912582E+000         
2019-11-24                23:57:31.592              327.66494898              7863.958776               328.66494898              1574639851.592            0                         963                       1.0000000000E+000         1.6000000000E+001         0.0000000000E+000         4.6652374591E+001         4.7820480516E+001         5.3070956317E+002         7.7519486495E+002         1.9240880783E+000         2.3525912582E+000         
2019-11-24                23:58:22.707              327.66554059              7863.972974               328.66554059              1574639902.707            0                         963                       1.0000000000E+000         5.0000000000E+000         0.0000000000E+000         4.6652374591E+001         4.7820480516E+001         6.2161383987E+002         5.4696034014E+002         1.9240880783E+000         2.3525912582E+000         
2019-11-24                23:59:13.871              327.66613277              7863.987186               328.66613277              1574639953.871            0                         963                       1.0000000000E+000         5.0000000000E+000         0.0000000000E+000         4.6652374591E+001         4.7820480516E+001         7.2780856170E+002         6.4064818290E+002         1.9240880783E+000         2.3525912582E+000         
2019-11-25                00:00:05.165              327.66672646              7864.001435               328.66672646              1574640005.166            0                         963                       1.0000000000E+000         6.0000000000E+000         0.0000000000E+000         4.6652374591E+001         4.7820480516E+001         5.3674117226E+002         7.5009467719E+002         1.9240880783E+000         2.3525912582E+000         
2019-11-25                00:00:55.312              327.66730686              7864.015365               328.66730686              1574640055.313            0                         963                       1.0000000000E+000         6.0000000000E+000         0.0000000000E+000         4.6652374591E+001         4.7820480516E+001         6.5548665833E+002         5.5317664222E+002         1.9240880783E+000         2.3525912582E+000         
2019-11-25                00:01:45.441              327.66788706              7864.029289               328.66788706              1574640105.442            0                         963                       1.0000000000E+000         6.0000000000E+000         0.0000000000E+000         4.6652374591E+001         4.7820480516E+001         7.8184955672E+002         6.7555821580E+002         1.9240880783E+000         2.3525912582E+000         
2019-11-25                00:02:35.576              327.66846733              7864.043216               328.66846733              1574640155.577            0                         963                       1.0000000000E+000         7.0000000000E+000         0.0000000000E+000         4.6652374591E+001         4.7820480516E+001         5.6207284038E+002         8.0579045331E+002         1.9240880783E+000         2.3525912582E+000         
2019-11-25                00:03:26.773              327.66905987              7864.057437               328.66905987              1574640206.773            0                         963                       1.0000000000E+000         7.0000000000E+000         0.0000000000E+000         4.6652374591E+001         4.7820480516E+001         5.9377589353E+002         5.7928398751E+002         1.9240880783E+000         2.3525912582E+000         
2019-11-25                00:04:16.835              327.66963929              7864.071343               328.66963929              1574640256.835            0                         963                       1.0000000000E+000         7.0000000000E+000         0.0000000000E+000         4.6652374591E+001         4.7820480516E+001         6.8024089350E+002         6.1195781503E+002         1.9240880783E+000         2.3525912582E+000         
2019-11-25                00:05:06.953              327.67021937              7864.085265               328.67021937              1574640306.954            0                         963                       1.0000000000E+000         8.0000000000E+000         0.0000000000E+000         4.6652374591E+001         4.7820480516E+001         6.3294279863E+002         7.0107044664E+002         1.9240880783E+000         2.3525912582E+000         
2019-11-25                00:05:58.141              327.67081183              7864.099484               328.67081183              1574640358.142            0                         963                       1.0000000000E+000         8.0000000000E+000         0.0000000000E+000         4.6652374591E+001         4.7820480516E+001         7.7926052835E+002         6.5232404398E+002         1.9240880783E+000         2.3525912582E+000         
2019-11-25                00:06:49.364              327.67140468              7864.113712               328.67140468              1574640409.364            0                         963                       1.0000000000E+000         8.0000000000E+000         0.0000000000E+000         4.6652374591E+001         4.7820480516E+001         7.8687994854E+002         8.0312214670E+002         1.9240880783E+000         2.3525912582E+000         
2019-11-25                00:07:40.523              327.67199681              7864.127923               328.67199681              1574640460.524            0                         963                       1.0000000000E+000         9.0000000000E+000         0.0000000000E+000         4.6652374591E+001         4.7820480516E+001         1.3656264938E+003         8.1097488000E+002         1.9240880783E+000         2.3525912582E+000         
2019-11-25                00:08:31.653              327.67258858              7864.142126               328.67258858              1574640511.653            0                         963                       1.0000000000E+000         9.0000000000E+000         0.0000000000E+000         4.6652374591E+001         4.7820480516E+001         1.3945547073E+003         1.4074431354E+003         1.9240880783E+000         2.3525912582E+000         
2019-11-25                00:09:22.806              327.67318064              7864.156335               328.67318064              1574640562.807            0                         963                       1.0000000000E+000         9.0000000000E+000         0.0000000000E+000         4.6652374591E+001         4.7820480516E+001         6.7116094081E+002         1.4372571553E+003         1.9240880783E+000         2.3525912582E+000         
2019-11-25                00:10:13.986              327.67377299              7864.170552               328.67377299              1574640613.986            0                         963                       1.0000000000E+000         1.0000000000E+001         0.0000000000E+000         4.6652374591E+001         4.7820480516E+001         1.5764228014E+003         6.9171245810E+002         1.9240880783E+000         2.3525912582E+000         
2019-11-25                00:11:04.107              327.67435309              7864.184474               328.67435309              1574640664.107            0                         963                       1.0000000000E+000         1.0000000000E+001         0.0000000000E+000         4.6652374591E+001         4.7820480516E+001         1.6199649586E+003         1.6246942047E+003         1.9240880783E+000         2.3525912582E+000         
2019-11-25                00:11:55.217              327.67494465              7864.198672               328.67494465              1574640715.218            0                         963                       1.0000000000E+000         1.0000000000E+001         0.0000000000E+000         4.6652374591E+001         4.7820480516E+001         6.5807416157E+002         1.6695696597E+003         1.9240880783E+000         2.3525912582E+000         
2019-11-25                00:12:46.415              327.67553722              7864.212893               328.67553722              1574640766.416            0                         963                       1.0000000000E+000         1.1000000000E+001         0.0000000000E+000         4.6652374591E+001         4.7820480516E+001         1.3362622270E+003         6.7822495058E+002         1.9240880783E+000         2.3525912582E+000         
2019-11-25                00:13:37.601              327.67612964              7864.227111               328.67612964              1574640817.601            0                         963                       1.0000000000E+000         1.1000000000E+001         0.0000000000E+000         4.6652374591E+001         4.7820480516E+001         1.3931283718E+003         1.3771797098E+003         1.9240880783E+000         2.3525912582E+000         
2019-11-25                00:14:28.690              327.67672096              7864.241303               328.67672096              1574640868.691            0                         963                       1.0000000000E+000         1.1000000000E+001         0.0000000000E+000         4.6652374591E+001         4.7820480516E+001         6.6714057800E+002         1.4357871442E+003         1.9240880783E+000         2.3525912582E+000         
2019-11-25                00:15:19.884              327.67731348              7864.255524               328.67731348              1574640919.885            0                         963                       1.0000000000E+000         1.2000000000E+001         0.0000000000E+000         4.6652374591E+001         4.7820480516E+001         1.0489360930E+003         6.8756898837E+002         1.9240880783E+000         2.3525912582E+000         
2019-11-25                00:16:11.053              327.67790572              7864.269737               328.67790572              1574640971.054            0                         963                       1.0000000000E+000         1.2000000000E+001         0.0000000000E+000         4.6652374591E+001         4.7820480516E+001         1.1014829189E+003         1.0810554059E+003         1.9240880783E+000         2.3525912582E+000         
2019-11-25                00:17:02.266              327.67849845              7864.283963               328.67849845              1574641022.266            0                         963                       1.0000000000E+000         1.6000000000E+001         0.0000000000E+000         4.6652374591E+001         4.7820480516E+001         6.5903026292E+002         1.1352112602E+003         1.9240880783E+000         2.3525912582E+000         
2019-11-25                00:17:51.489              327.67906816              7864.297636               328.67906816              1574641071.489            0                         963                       1.0000000000E+000         1.3000000000E+001         0.0000000000E+000         4.6652374591E+001         4.7820480516E+001         5.1745548493E+002         6.7921032856E+002         1.9240880783E+000         2.3525912582E+000         
2019-11-25                00:18:43.671              327.67967213              7864.312131               328.67967213              1574641123.672            0                         963                       1.0000000000E+000         1.3000000000E+001         0.0000000000E+000         4.6652374591E+001         4.7820480516E+001         4.3080519252E+002         5.3330041078E+002         1.9240880783E+000         2.3525912582E+000         
2019-11-25                00:19:34.970              327.68026586              7864.326381               328.68026586              1574641174.970            0                         963                       1.0000000000E+000         1.6000000000E+001         0.0000000000E+000         4.6652374591E+001         4.7820480516E+001         4.3104676881E+002         4.4399681292E+002         1.9240880783E+000         2.3525912582E+000         
2019-11-25                00:20:26.121              327.68085788              7864.340589               328.68085788              1574641226.121            0                         963                       1.0000000000E+000         1.4000000000E+001         0.0000000000E+000         4.6652374591E+001         4.7820480516E+001         4.3112634659E+002         4.4424578648E+002         1.9240880783E+000         2.3525912582E+000         
2019-11-25                00:21:16.197              327.68143748              7864.354499               328.68143748              1574641276.198            0                         963                       1.0000000000E+000         1.4000000000E+001         0.0000000000E+000         4.6652374591E+001         4.7820480516E+001         4.3110227366E+002         4.4432780100E+002         1.9240880783E+000         2.3525912582E+000         
2019-11-25                00:22:07.303              327.68202898              7864.368696               328.68202898              1574641327.304            0                         963                       1.0000000000E+000         1.6000000000E+001         0.0000000000E+000         4.6652374591E+001         4.7820480516E+001         4.3127657906E+002         4.4430299094E+002         1.9240880783E+000         2.3525912582E+000         
2019-11-25                00:22:58.493              327.68262146              7864.382915               328.68262146              1574641378.494            0                         963                       1.0000000000E+000         1.5000000000E+001         0.0000000000E+000         4.6652374591E+001         4.7820480516E+001         4.3139941674E+002         4.4448263372E+002         1.9240880783E+000         2.3525912582E+000         
2019-11-25                00:23:49.677              327.68321387              7864.397133               328.68321387              1574641429.678            0                         963                       1.0000000000E+000         1.5000000000E+001         0.0000000000E+000         4.6652374591E+001         4.7820480516E+001         4.3142886720E+002         4.4460923280E+002         1.9240880783E+000         2.3525912582E+000         
2019-11-25                00:24:39.948              327.68379571              7864.411097               328.68379571              1574641479.949            0                         963                       1.0000000000E+000         1.6000000000E+001         0.0000000000E+000         4.6652374591E+001         4.7820480516E+001         4.3152009908E+002         4.4463958506E+002         1.9240880783E+000         2.3525912582E+000         
2019-11-25                00:25:30.013              327.68437516              7864.425004               328.68437516              1574641530.014            0                         963                       1.0000000000E+000         1.6000000000E+001         0.0000000000E+000         4.6652374591E+001         4.7820480516E+001         4.3168563269E+002         4.4473361053E+002         1.9240880783E+000         2.3525912582E+000         
2019-11-25                00:26:21.174              327.68496730              7864.439215               328.68496730              1574641581.175            0                         963                       1.0000000000E+000         1.6000000000E+001         0.0000000000E+000         4.6652374591E+001         4.7820480516E+001         4.3177832728E+002         4.4490421292E+002         1.9240880783E+000         2.3525912582E+000         
2019-11-25                00:27:12.335              327.68555943              7864.453426               328.68555943              1574641632.335            0                         963                       1.0000000000E+000         1.6000000000E+001         0.0000000000E+000         4.6652374591E+001         4.7820480516E+001         4.3184182443E+002         4.4499974590E+002         1.9240880783E+000         2.3525912582E+000         
2019-11-25                00:28:02.404              327.68613895              7864.467335               328.68613895              1574641682.405            0                         963                       1.0000000000E+000         1.6000000000E+001         0.0000000000E+000         4.6652374591E+001         4.7820480516E+001         4.3197201547E+002         4.4506518739E+002         1.9240880783E+000         2.3525912582E+000         
2019-11-25                00:28:53.493              327.68673025              7864.481526               328.68673025              1574641733.494            0                         963                       1.0000000000E+000         1.6000000000E+001         0.0000000000E+000         4.6652374591E+001         4.7820480516E+001         4.3211273615E+002         4.4519936499E+002         1.9240880783E+000         2.3525912582E+000         
2019-11-25                00:29:44.641              327.68732223              7864.495734               328.68732223              1574641784.641            0                         963                       1.0000000000E+000         1.6000000000E+001         0.0000000000E+000         4.6652374591E+001         4.7820480516E+001         4.3223905893E+002         4.4534439465E+002         1.9240880783E+000         2.3525912582E+000         
2019-11-25                00:30:35.815              327.68791453              7864.509949               328.68791453              1574641835.815            0                         963                       1.0000000000E+000         1.6000000000E+001         0.0000000000E+000         4.6652374591E+001         4.7820480516E+001         4.3236076499E+002         4.4547458554E+002         1.9240880783E+000         2.3525912582E+000         
2019-11-25                00:31:26.901              327.68850581              7864.524139               328.68850581              1574641886.902            0                         963                       1.0000000000E+000         1.6000000000E+001         0.0000000000E+000         4.6652374591E+001         4.7820480516E+001         4.3248990694E+002         4.4560001834E+002         1.9240880783E+000         2.3525912582E+000         
2019-11-25                00:32:16.134              327.68907564              7864.537815               328.68907564              1574641936.135            0                         963                       1.0000000000E+000         1.6000000000E+001         0.0000000000E+000         4.6652374591E+001         4.7820480516E+001         4.3259095763E+002         4.4573311473E+002         1.9240880783E+000         2.3525912582E+000         
2019-11-25                00:33:07.322              327.68966808              7864.552034               328.68966808              1574641987.322            0                         963                       1.0000000000E+000         1.6000000000E+001         0.0000000000E+000         4.6652374591E+001         4.7820480516E+001         4.3253699766E+002         4.4583725967E+002         1.9240880783E+000         2.3525912582E+000         
2019-11-25                00:33:58.490              327.69026031              7864.566247               328.69026031              1574642038.491            0                         963                       1.0000000000E+000         1.6000000000E+001         0.0000000000E+000         4.6652374591E+001         4.7820480516E+001         4.3235747382E+002         4.4578164740E+002         1.9240880783E+000         2.3525912582E+000         
2019-11-25                00:34:47.701              327.69082988              7864.579917               328.69082988              1574642087.702            0                         963                       1.0000000000E+000         1.6000000000E+001         0.0000000000E+000         4.6652374591E+001         4.7820480516E+001         4.3217260478E+002         4.4559662639E+002         1.9240880783E+000         2.3525912582E+000         
2019-11-25                00:35:37.898              327.69141086              7864.593861               328.69141086              1574642137.898            0                         963                       1.0000000000E+000         1.0000000000E+000         0.0000000000E+000         4.6652374591E+001         4.7820480516E+001         7.2175035568E+002         4.4540609650E+002         1.9240880783E+000         2.3525912582E+000         
2019-11-25                00:36:28.028              327.69199106              7864.607786               328.69199106              1574642188.028            0                         963                       1.0000000000E+000         1.0000000000E+000         0.0000000000E+000         4.6652374591E+001         4.7820480516E+001         8.5125339097E+002         7.4385096376E+002         1.9240880783E+000         2.3525912582E+000         
2019-11-25                00:37:18.125              327.69257090              7864.621702               328.69257090              1574642238.126            0                         963                       1.0000000000E+000         1.6000000000E+001         0.0000000000E+000         4.6652374591E+001         4.7820480516E+001         5.6147375857E+002         8.7731949184E+002         1.9240880783E+000         2.3525912582E+000         
2019-11-25                00:38:08.394              327.69315271              7864.635665               328.69315271              1574642288.394            0                         963                       1.0000000000E+000         2.0000000000E+000         0.0000000000E+000         4.6652374591E+001         4.7820480516E+001         7.6773685358E+002         5.7866656130E+002         1.9240880783E+000         2.3525912582E+000         
2019-11-25                00:38:59.525              327.69374450              7864.649868               328.69374450              1574642339.525            0                         963                       1.0000000000E+000         2.0000000000E+000         0.0000000000E+000         4.6652374591E+001         4.7820480516E+001         9.1731287144E+002         7.9124560724E+002         1.9240880783E+000         2.3525912582E+000         
2019-11-25                00:39:51.664              327.69434796              7864.664351               328.69434796              1574642391.664            0                         963                       1.0000000000E+000         1.6000000000E+001         0.0000000000E+000         4.6652374591E+001         4.7820480516E+001         5.8135226547E+002         9.4540176963E+002         1.9240880783E+000         2.3525912582E+000         
2019-11-25                00:40:41.816              327.69492844              7864.678282               328.69492844              1574642441.817            0                         963                       1.0000000000E+000         3.0000000000E+000         0.0000000000E+000         4.6652374591E+001         4.7820480516E+001         6.6128191247E+002         5.9915376494E+002         1.9240880783E+000         2.3525912582E+000         
2019-11-25                00:41:31.914              327.69550828              7864.692199               328.69550828              1574642491.915            0                         963                       1.0000000000E+000         3.0000000000E+000         0.0000000000E+000         4.6652374591E+001         4.7820480516E+001         7.7208552172E+002         6.8153092553E+002         1.9240880783E+000         2.3525912582E+000         
2019-11-25                00:42:22.997              327.69609951              7864.706388               328.69609951              1574642542.998            0                         963                       1.0000000000E+000         1.6000000000E+001         0.0000000000E+000         4.6652374591E+001         4.7820480516E+001         5.4251062777E+002         7.9572743528E+002         1.9240880783E+000         2.3525912582E+000         
2019-11-25                00:43:14.196              327.69669208              7864.720610               328.69669208              1574642594.196            0                         963                       1.0000000000E+000         4.0000000000E+000         0.0000000000E+000         4.6652374591E+001         4.7820480516E+001         6.4239677047E+002         5.5912276335E+002         1.9240880783E+000         2.3525912582E+000         
2019-11-25                00:44:05.365              327.69728432              7864.734824               328.69728432              1574642645.365            0                         963                       1.0000000000E+000         4.0000000000E+000         0.0000000000E+000         4.6652374591E+001         4.7820480516E+001         7.3993528034E+002         6.6206750446E+002         1.9240880783E+000         2.3525912582E+000         
2019-11-25                00:44:55.436              327.69786384              7864.748732               328.69786384              1574642695.436            0                         963                       1.0000000000E+000         1.6000000000E+001         0.0000000000E+000         4.6652374591E+001         4.7820480516E+001         5.2930166996E+002         7.6259272624E+002         1.9240880783E+000         2.3525912582E+000         
2019-11-25                00:45:45.555              327.69844394              7864.762654               328.69844394              1574642745.556            0                         963                       1.0000000000E+000         5.0000000000E+000         0.0000000000E+000         4.6652374591E+001         4.7820480516E+001         6.2013921938E+002         5.4550933605E+002         1.9240880783E+000         2.3525912582E+000         
2019-11-25                00:46:36.753              327.69903649              7864.776876               328.69903649              1574642796.753            0                         963                       1.0000000000E+000         5.0000000000E+000         0.0000000000E+000         4.6652374591E+001         4.7820480516E+001         7.2553830305E+002         6.3912840828E+002         1.9240880783E+000         2.3525912582E+000         
2019-11-25                00:47:27.911              327.69962860              7864.791086               328.69962860              1574642847.911            0                         963                       1.0000000000E+000         6.0000000000E+000         0.0000000000E+000         4.6652374591E+001         4.7820480516E+001         5.3742064467E+002         7.4775490129E+002         1.9240880783E+000         2.3525912582E+000         
2019-11-25                00:48:20.101              327.70023265              7864.805584               328.70023265              1574642900.101            0                         963                       1.0000000000E+000         6.0000000000E+000         0.0000000000E+000         4.6652374591E+001         4.7820480516E+001         6.4313337020E+002         5.5387692065E+002         1.9240880783E+000         2.3525912582E+000         
2019-11-25                00:49:10.194              327.70081243              7864.819498               328.70081243              1574642950.194            0                         963                       1.0000000000E+000         6.0000000000E+000         0.0000000000E+000         4.6652374591E+001         4.7820480516E+001         7.6558481965E+002         6.6282665950E+002         1.9240880783E+000         2.3525912582E+000         
2019-11-25                00:50:01.369              327.70140475              7864.833714               328.70140475              1574643001.370            0                         963                       1.0000000000E+000         7.0000000000E+000         0.0000000000E+000         4.6652374591E+001         4.7820480516E+001         6.4015073840E+002         7.8902767619E+002         1.9240880783E+000         2.3525912582E+000         
2019-11-25                00:50:52.463              327.70199610              7864.847906               328.70199610              1574643052.463            0                         963                       1.0000000000E+000         7.0000000000E+000         0.0000000000E+000         4.6652374591E+001         4.7820480516E+001         6.6632907897E+002         6.5975269699E+002         1.9240880783E+000         2.3525912582E+000         
2019-11-25                00:51:42.533              327.70257562              7864.861815               328.70257562              1574643102.534            0                         963                       1.0000000000E+000         7.0000000000E+000         0.0000000000E+000         4.6652374591E+001         4.7820480516E+001         6.7091449097E+002         6.8673264055E+002         1.9240880783E+000         2.3525912582E+000         
2019-11-25                00:52:32.637              327.70315552              7864.875733               328.70315552              1574643152.637            0                         963                       1.0000000000E+000         8.0000000000E+000         0.0000000000E+000         4.6652374591E+001         4.7820480516E+001         9.1763987899E+002         6.9145846175E+002         1.9240880783E+000         2.3525912582E+000         
2019-11-25                00:53:23.858              327.70374837              7864.889961               328.70374837              1574643203.859            0                         963                       1.0000000000E+000         8.0000000000E+000         0.0000000000E+000         4.6652374591E+001         4.7820480516E+001         1.0469153769E+003         9.4573879043E+002         1.9240880783E+000         2.3525912582E+000         
