DATE                      TIME                      FRAC_DAYS_SINCE_JAN1      FRAC_HRS_SINCE_JAN1       JULIAN_DAYS               EPOCH_TIME                ALARM_STATUS              INST_STATUS               species                   MPVPosition               solenoid_valves           CH4                       CH4_dry                   CO2                       CO2_dry                   H2O                       h2o_reported              
2019-03-16                23:23:29.262              74.64131090               1791.391462               75.64131090               1552778609.262            0                         963                       2.0000000000E+000         0.0000000000E+000         0.0000000000E+000         2.2205252600E+000         1.8855388769E+001         4.3321274403E+002         4.3710974206E+002         5.7477986549E-001         7.3103943353E-001         
2019-03-16                23:23:49.378              74.64154374               1791.397050               75.64154374               1552778629.379            0                         963                       1.0000000000E+000         0.0000000000E+000         0.0000000000E+000         2.2205252600E+000         1.8855388769E+001         4.3321831946E+002         4.3710974206E+002         5.7477986549E-001         7.3103943353E-001         
2019-03-16                23:24:16.680              74.64185973               1791.404634               75.64185973               1552778656.681            0                         963                       2.0000000000E+000         0.0000000000E+000         0.0000000000E+000         1.8838679517E+001         2.2368693792E+000         4.3321831946E+002         4.3711536765E+002         5.7477986549E-001         7.3103943353E-001         
2019-03-16                23:24:36.805              74.64209265               1791.410224               75.64209265               1552778676.805            0                         963                       1.0000000000E+000         0.0000000000E+000         0.0000000000E+000         1.8838679517E+001         2.2368693792E+000         4.3319598825E+002         4.3711536765E+002         5.7477986549E-001         7.3103943353E-001         
2019-03-16                23:25:05.325              74.64242275               1791.418146               75.64242275               1552778705.326            0                         963                       2.0000000000E+000         0.0000000000E+000         0.0000000000E+000         2.2394073004E+000         1.8977341134E+001         4.3319598825E+002         4.3709283555E+002         5.7477986549E-001         7.3103943353E-001         
2019-03-16                23:25:25.253              74.64265340               1791.423682               75.64265340               1552778725.254            0                         963                       1.0000000000E+000         0.0000000000E+000         0.0000000000E+000         2.2394073004E+000         1.8977341134E+001         4.3321958507E+002         4.3709283555E+002         5.7477986549E-001         7.3103943353E-001         
2019-03-16                23:26:14.552              74.64322399               1791.437376               75.64322399               1552778774.553            0                         963                       1.0000000000E+000         0.0000000000E+000         0.0000000000E+000         2.2394073004E+000         2.2558904004E+000         4.3321864204E+002         4.3711664464E+002         5.7477986549E-001         7.3103943353E-001         
2019-03-16                23:26:41.848              74.64353991               1791.444958               75.64353991               1552778801.848            0                         963                       2.0000000000E+000         0.0000000000E+000         0.0000000000E+000         2.2048552911E+000         2.2558904004E+000         4.3321864204E+002         4.3711569312E+002         5.7477986549E-001         7.3103943353E-001         
2019-03-16                23:27:01.971              74.64377282               1791.450548               75.64377282               1552778821.972            0                         963                       1.0000000000E+000         0.0000000000E+000         0.0000000000E+000         2.2048552911E+000         2.2558904004E+000         4.3318285799E+002         4.3711569312E+002         5.7477986549E-001         7.3103943353E-001         
2019-03-16                23:27:29.263              74.64408870               1791.458129               75.64408870               1552778849.264            0                         963                       2.0000000000E+000         0.0000000000E+000         0.0000000000E+000         2.2475415748E+000         2.2210840719E+000         4.3318285799E+002         4.3707958718E+002         5.7477986549E-001         7.3103943353E-001         
2019-03-16                23:27:49.385              74.64432160               1791.463718               75.64432160               1552778869.386            0                         963                       1.0000000000E+000         0.0000000000E+000         0.0000000000E+000         2.2475415748E+000         2.2210840719E+000         4.3319483573E+002         4.3707958718E+002         5.7477986549E-001         7.3103943353E-001         
2019-03-16                23:28:17.819              74.64465068               1791.471616               75.64465068               1552778897.819            0                         963                       2.0000000000E+000         0.0000000000E+000         0.0000000000E+000         2.2457292403E+000         2.2640845469E+000         4.3319483573E+002         4.3709167266E+002         5.7477986549E-001         7.3103943353E-001         
2019-03-16                23:28:37.674              74.64488049               1791.477132               75.64488049               1552778917.674            0                         963                       1.0000000000E+000         0.0000000000E+000         0.0000000000E+000         2.2457292403E+000         2.2640845469E+000         4.3320522429E+002         4.3709167266E+002         5.7477986549E-001         7.3103943353E-001         
2019-03-16                23:29:26.898              74.64545022               1791.490805               75.64545022               1552778966.899            0                         963                       1.0000000000E+000         0.0000000000E+000         0.0000000000E+000         2.2457292403E+000         2.2622588727E+000         4.3320118923E+002         4.3710215468E+002         5.7477986549E-001         7.3103943353E-001         
2019-03-16                23:29:52.881              74.64575095               1791.498023               75.64575095               1552778992.882            0                         963                       2.0000000000E+000         0.0000000000E+000         0.0000000000E+000         2.2538163187E+000         2.2622588727E+000         4.3320118923E+002         4.3709808332E+002         5.7477986549E-001         7.3103943353E-001         
2019-03-16                23:30:13.411              74.64598855               1791.503725               75.64598855               1552779013.411            0                         963                       1.0000000000E+000         0.0000000000E+000         0.0000000000E+000         2.2538163187E+000         2.2622588727E+000         4.3317001483E+002         4.3709808332E+002         5.7477986549E-001         7.3103943353E-001         
2019-03-16                23:30:40.700              74.64630440               1791.511306               75.64630440               1552779040.700            0                         963                       2.0000000000E+000         0.0000000000E+000         0.0000000000E+000         2.2566218139E+000         2.2704054759E+000         4.3317001483E+002         4.3706662849E+002         5.7477986549E-001         7.3103943353E-001         
2019-03-16                23:31:00.805              74.64653709               1791.516890               75.64653709               1552779060.805            0                         963                       1.0000000000E+000         0.0000000000E+000         0.0000000000E+000         2.2566218139E+000         2.2704054759E+000         4.3311213762E+002         4.3706662849E+002         5.7477986549E-001         7.3103943353E-001         
2019-03-16                23:31:50.059              74.64710716               1791.530572               75.64710716               1552779110.059            0                         963                       1.0000000000E+000         0.0000000000E+000         0.0000000000E+000         2.2566218139E+000         2.2732316209E+000         4.3310688072E+002         4.3700823064E+002         5.7477986549E-001         7.3103943353E-001         
2019-03-16                23:32:39.263              74.64767666               1791.544240               75.64767666               1552779159.263            0                         963                       1.0000000000E+000         0.0000000000E+000         0.0000000000E+000         2.2566218139E+000         2.2732316209E+000         4.3308302108E+002         4.3700292645E+002         5.7477986549E-001         7.3103943353E-001         
2019-03-16                23:33:28.507              74.64824662               1791.557919               75.64824662               1552779208.508            0                         963                       1.0000000000E+000         0.0000000000E+000         0.0000000000E+000         2.2566218139E+000         2.2732316209E+000         4.3307076198E+002         4.3697885218E+002         5.7477986549E-001         7.3103943353E-001         
2019-03-16                23:33:54.868              74.64855171               1791.565241               75.64855171               1552779234.868            0                         963                       2.0000000000E+000         0.0000000000E+000         0.0000000000E+000         2.2143579982E+000         2.2732316209E+000         4.3307076198E+002         4.3696648280E+002         5.7477986549E-001         7.3103943353E-001         
2019-03-16                23:34:15.016              74.64878491               1791.570838               75.64878491               1552779255.016            0                         963                       1.0000000000E+000         0.0000000000E+000         0.0000000000E+000         2.2143579982E+000         2.2732316209E+000         4.3304207269E+002         4.3696648280E+002         5.7477986549E-001         7.3103943353E-001         
2019-03-16                23:35:04.276              74.64935505               1791.584521               75.64935505               1552779304.276            0                         963                       1.0000000000E+000         0.0000000000E+000         0.0000000000E+000         2.2143579982E+000         2.2306567235E+000         4.3301389036E+002         4.3693753544E+002         5.7477986549E-001         7.3103943353E-001         
2019-03-16                23:35:27.203              74.64962042               1791.590890               75.64962042               1552779327.204            0                         963                       2.0000000000E+000         0.0000000000E+000         0.0000000000E+000         2.0248192491E+000         2.2306567235E+000         4.3301389036E+002         4.3690909959E+002         5.7477986549E-001         7.3103943353E-001         
2019-03-16                23:35:49.767              74.64988157               1791.597158               75.64988157               1552779349.768            0                         963                       1.0000000000E+000         0.0000000000E+000         0.0000000000E+000         2.0248192491E+000         2.2306567235E+000         4.3301913186E+002         4.3690909959E+002         5.7477986549E-001         7.3103943353E-001         
2019-03-16                23:36:17.082              74.65019771               1791.604745               75.65019771               1552779377.082            0                         963                       2.0000000000E+000         0.0000000000E+000         0.0000000000E+000         2.2284641752E+000         2.0397228793E+000         4.3301913186E+002         4.3691438824E+002         5.7477986549E-001         7.3103943353E-001         
2019-03-16                23:36:37.197              74.65043053               1791.610333               75.65043053               1552779397.198            0                         963                       1.0000000000E+000         0.0000000000E+000         0.0000000000E+000         2.2284641752E+000         2.0397228793E+000         4.3304486793E+002         4.3691438824E+002         5.7477986549E-001         7.3103943353E-001         
2019-03-16                23:37:26.479              74.65100091               1791.624022               75.65100091               1552779446.479            0                         963                       1.0000000000E+000         0.0000000000E+000         0.0000000000E+000         2.2284641752E+000         2.2448667286E+000         4.3302052431E+002         4.3694035582E+002         5.7477986549E-001         7.3103943353E-001         
2019-03-16                23:37:49.700              74.65126968               1791.630472               75.65126968               1552779469.700            0                         963                       2.0000000000E+000         0.0000000000E+000         0.0000000000E+000         2.0231133255E+000         2.2448667286E+000         4.3302052431E+002         4.3691579321E+002         5.7477986549E-001         7.3103943353E-001         
2019-03-16                23:38:11.951              74.65152722               1791.636653               75.65152722               1552779491.952            0                         963                       1.0000000000E+000         0.0000000000E+000         0.0000000000E+000         2.0231133255E+000         2.2448667286E+000         4.3297419039E+002         4.3691579321E+002         5.7477986549E-001         7.3103943353E-001         
2019-03-16                23:38:36.618              74.65181271               1791.643505               75.65181271               1552779516.618            0                         963                       2.0000000000E+000         0.0000000000E+000         0.0000000000E+000         2.0219544080E+000         2.0380043992E+000         4.3297419039E+002         4.3686904249E+002         5.7477986549E-001         7.3103943353E-001         
2019-03-16                23:38:58.322              74.65206392               1791.649534               75.65206392               1552779538.323            0                         963                       1.0000000000E+000         0.0000000000E+000         0.0000000000E+000         2.0219544080E+000         2.0380043992E+000         4.3294442284E+002         4.3686904249E+002         5.7477986549E-001         7.3103943353E-001         
2019-03-16                23:39:24.265              74.65236418               1791.656740               75.65236418               1552779564.265            0                         963                       2.0000000000E+000         0.0000000000E+000         0.0000000000E+000         2.2324364987E+000         2.0368369515E+000         4.3294442284E+002         4.3683900717E+002         5.7477986549E-001         7.3103943353E-001         
2019-03-16                23:39:44.752              74.65260130               1791.662431               75.65260130               1552779584.752            0                         963                       1.0000000000E+000         0.0000000000E+000         0.0000000000E+000         2.2324364987E+000         2.0368369515E+000         4.3293258898E+002         4.3683900717E+002         5.7477986549E-001         7.3103943353E-001         
2019-03-16                23:40:11.884              74.65291532               1791.669968               75.65291532               1552779611.884            0                         963                       2.0000000000E+000         0.0000000000E+000         0.0000000000E+000         2.2485917780E+000         2.2488682903E+000         4.3293258898E+002         4.3682706685E+002         5.7477986549E-001         7.3103943353E-001         
2019-03-16                23:40:32.207              74.65315054               1791.675613               75.65315054               1552779632.207            0                         963                       1.0000000000E+000         0.0000000000E+000         0.0000000000E+000         2.2485917780E+000         2.2488682903E+000         4.3289365833E+002         4.3682706685E+002         5.7477986549E-001         7.3103943353E-001         
2019-03-16                23:40:59.496              74.65346639               1791.683193               75.65346639               1552779659.496            0                         963                       2.0000000000E+000         0.0000000000E+000         0.0000000000E+000         1.8440048978E+001         2.2651424801E+000         4.3289365833E+002         4.3678778600E+002         5.7477986549E-001         7.3103943353E-001         
2019-03-16                23:41:19.612              74.65369922               1791.688781               75.65369922               1552779679.613            0                         963                       1.0000000000E+000         0.0000000000E+000         0.0000000000E+000         1.8440048978E+001         2.2651424801E+000         4.3290916690E+002         4.3678778600E+002         5.7477986549E-001         7.3103943353E-001         
2019-03-16                23:42:08.892              74.65426959               1791.702470               75.65426959               1552779728.893            0                         963                       1.0000000000E+000         0.0000000000E+000         0.0000000000E+000         1.8440048978E+001         1.8575776486E+001         4.3289001091E+002         4.3680343409E+002         5.7477986549E-001         7.3103943353E-001         
2019-03-16                23:42:14.201              74.65433104               1791.703945               75.65433104               1552779734.202            0                         963                       3.0000000000E+000         0.0000000000E+000         0.0000000000E+000         1.8440048978E+001         1.8576505448E+001         4.3289001091E+002         4.3680502373E+002         5.8091288126E-001         7.3869948308E-001         
2019-03-16                23:42:23.558              74.65443933               1791.706544               75.65443933               1552779743.558            0                         963                       2.0000000000E+000         0.0000000000E+000         0.0000000000E+000         2.2441956711E+000         1.8576505448E+001         4.3289001091E+002         4.3680502373E+002         5.8091288126E-001         7.3869948308E-001         
2019-03-16                23:42:44.480              74.65468149               1791.712356               75.65468149               1552779764.481            0                         963                       1.0000000000E+000         0.0000000000E+000         0.0000000000E+000         2.2441956711E+000         1.8576505448E+001         4.3285376433E+002         4.3680502373E+002         5.8091288126E-001         7.3869948308E-001         
2019-03-16                23:43:33.759              74.65525185               1791.726044               75.65525185               1552779813.760            0                         963                       1.0000000000E+000         0.0000000000E+000         0.0000000000E+000         2.2441956711E+000         2.2608914715E+000         4.3285464565E+002         4.3678937101E+002         5.8091288126E-001         7.3869948308E-001         
2019-03-16                23:44:23.068              74.65582255               1791.739741               75.65582255               1552779863.068            0                         963                       1.0000000000E+000         0.0000000000E+000         0.0000000000E+000         2.2441956711E+000         2.2608914715E+000         4.3286968731E+002         4.3679026034E+002         5.8091288126E-001         7.3869948308E-001         
2019-03-16                23:44:51.523              74.65615190               1791.747646               75.65615190               1552779891.524            0                         963                       2.0000000000E+000         0.0000000000E+000         0.0000000000E+000         2.2639053964E+000         2.2608914715E+000         4.3286968731E+002         4.3680543877E+002         5.8091288126E-001         7.3869948308E-001         
2019-03-16                23:45:11.411              74.65638208               1791.753170               75.65638208               1552779911.412            0                         963                       1.0000000000E+000         0.0000000000E+000         0.0000000000E+000         2.2639053964E+000         2.2608914715E+000         4.3285300219E+002         4.3680543877E+002         5.8091288126E-001         7.3869948308E-001         
2019-03-16                23:46:00.664              74.65695213               1791.766851               75.65695213               1552779960.664            0                         963                       1.0000000000E+000         0.0000000000E+000         0.0000000000E+000         2.2639053964E+000         2.2807478283E+000         4.3283613529E+002         4.3678860194E+002         5.8091288126E-001         7.3869948308E-001         
2019-03-16                23:46:49.907              74.65752208               1791.780530               75.65752208               1552780009.908            0                         963                       1.0000000000E+000         0.0000000000E+000         0.0000000000E+000         2.2639053964E+000         2.2807478283E+000         4.3282048330E+002         4.3677158168E+002         5.8091288126E-001         7.3869948308E-001         
2019-03-16                23:47:12.365              74.65778200               1791.786768               75.65778200               1552780032.365            0                         963                       2.0000000000E+000         0.0000000000E+000         0.0000000000E+000         2.0255868254E+000         2.2807478283E+000         4.3282048330E+002         4.3675578738E+002         5.8091288126E-001         7.3869948308E-001         
2019-03-16                23:47:35.368              74.65804825               1791.793158               75.65804825               1552780055.369            0                         963                       1.0000000000E+000         0.0000000000E+000         0.0000000000E+000         2.0255868254E+000         2.2807478283E+000         4.3280610439E+002         4.3675578738E+002         5.8091288126E-001         7.3869948308E-001         
2019-03-16                23:47:59.845              74.65833155               1791.799957               75.65833155               1552780079.846            0                         963                       2.0000000000E+000         0.0000000000E+000         0.0000000000E+000         2.0237144992E+000         2.0406562749E+000         4.3280610439E+002         4.3674127773E+002         5.8091288126E-001         7.3869948308E-001         
2019-03-16                23:48:21.716              74.65858468               1791.806032               75.65858468               1552780101.716            0                         963                       1.0000000000E+000         0.0000000000E+000         0.0000000000E+000         2.0237144992E+000         2.0406562749E+000         4.3279417021E+002         4.3674127773E+002         5.8091288126E-001         7.3869948308E-001         
2019-03-16                23:48:47.681              74.65888521               1791.813245               75.65888521               1552780127.682            0                         963                       2.0000000000E+000         0.0000000000E+000         0.0000000000E+000         2.2312594167E+000         2.0387700195E+000         4.3279417021E+002         4.3672923504E+002         5.8091288126E-001         7.3869948308E-001         
2019-03-16                23:49:08.115              74.65912171               1791.818921               75.65912171               1552780148.116            0                         963                       1.0000000000E+000         0.0000000000E+000         0.0000000000E+000         2.2312594167E+000         2.0387700195E+000         4.3275176001E+002         4.3672923504E+002         5.8091288126E-001         7.3869948308E-001         
2019-03-16                23:49:34.071              74.65942212               1791.826131               75.65942212               1552780174.071            0                         963                       2.0000000000E+000         0.0000000000E+000         0.0000000000E+000         2.2205266586E+000         2.2478589773E+000         4.3275176001E+002         4.3668643924E+002         5.8091288126E-001         7.3869948308E-001         
2019-03-16                23:49:54.555              74.65965921               1791.831821               75.65965921               1552780194.556            0                         963                       1.0000000000E+000         0.0000000000E+000         0.0000000000E+000         2.2205266586E+000         2.2478589773E+000         4.3274034821E+002         4.3668643924E+002         5.8091288126E-001         7.3869948308E-001         
2019-03-16                23:50:21.858              74.65997522               1791.839405               75.65997522               1552780221.859            0                         963                       2.0000000000E+000         0.0000000000E+000         0.0000000000E+000         1.9499904937E+001         2.2370463723E+000         4.3274034821E+002         4.3667492368E+002         5.8091288126E-001         7.3869948308E-001         
2019-03-16                23:50:41.967              74.66020795               1791.844991               75.66020795               1552780241.967            0                         963                       1.0000000000E+000         0.0000000000E+000         0.0000000000E+000         1.9499904937E+001         2.2370463723E+000         4.3272467160E+002         4.3667492368E+002         5.8091288126E-001         7.3869948308E-001         
2019-03-16                23:51:09.255              74.66052378               1791.852571               75.66052378               1552780269.255            0                         963                       2.0000000000E+000         0.0000000000E+000         0.0000000000E+000         2.2186012587E+000         1.9644975407E+001         4.3272467160E+002         4.3665910454E+002         5.8091288126E-001         7.3869948308E-001         
2019-03-16                23:51:29.369              74.66075660               1791.858158               75.66075660               1552780289.370            0                         963                       1.0000000000E+000         0.0000000000E+000         0.0000000000E+000         2.2186012587E+000         1.9644975407E+001         4.3271570791E+002         4.3665910454E+002         5.8091288126E-001         7.3869948308E-001         
2019-03-16                23:51:56.688              74.66107279               1791.865747               75.66107279               1552780316.689            0                         963                       2.0000000000E+000         0.0000000000E+000         0.0000000000E+000         2.2548660749E+000         2.2351066483E+000         4.3271570791E+002         4.3665005935E+002         5.8091288126E-001         7.3869948308E-001         
2019-03-16                23:52:16.806              74.66130564               1791.871335               75.66130564               1552780336.807            0                         963                       1.0000000000E+000         0.0000000000E+000         0.0000000000E+000         2.2548660749E+000         2.2351066483E+000         4.3267860270E+002         4.3665005935E+002         5.8091288126E-001         7.3869948308E-001         
2019-03-16                23:52:44.895              74.66163074               1791.879138               75.66163074               1552780364.896            0                         963                       2.0000000000E+000         0.0000000000E+000         0.0000000000E+000         2.2390651735E+000         2.2716412583E+000         4.3267860270E+002         4.3661261677E+002         5.8091288126E-001         7.3869948308E-001         
2019-03-16                23:53:05.201              74.66186576               1791.884778               75.66186576               1552780385.202            0                         963                       1.0000000000E+000         0.0000000000E+000         0.0000000000E+000         2.2390651735E+000         2.2716412583E+000         4.3271160662E+002         4.3661261677E+002         5.8091288126E-001         7.3869948308E-001         
2019-03-16                23:53:31.121              74.66216575               1791.891978               75.66216575               1552780411.121            0                         963                       2.0000000000E+000         0.0000000000E+000         0.0000000000E+000         3.7136317988E+000         2.2557228053E+000         4.3271160662E+002         4.3664592077E+002         5.8091288126E-001         7.3869948308E-001         
2019-03-16                23:53:51.565              74.66240237               1791.897657               75.66240237               1552780431.565            0                         963                       1.0000000000E+000         0.0000000000E+000         0.0000000000E+000         3.7136317988E+000         2.2557228053E+000         4.3267279207E+002         4.3664592077E+002         5.8091288126E-001         7.3869948308E-001         
2019-03-16                23:54:16.325              74.66268896               1791.904535               75.66268896               1552780456.326            0                         963                       2.0000000000E+000         0.0000000000E+000         0.0000000000E+000         2.0232878123E+000         3.7412595392E+000         4.3267279207E+002         4.3660675330E+002         5.8091288126E-001         7.3869948308E-001         
2019-03-16                23:54:37.946              74.66293919               1791.910541               75.66293919               1552780477.946            0                         963                       1.0000000000E+000         0.0000000000E+000         0.0000000000E+000         2.0232878123E+000         3.7412595392E+000         4.3266776353E+002         4.3660675330E+002         5.8091288126E-001         7.3869948308E-001         
2019-03-16                23:55:05.259              74.66325532               1791.918128               75.66325532               1552780505.260            0                         963                       2.0000000000E+000         0.0000000000E+000         0.0000000000E+000         2.2360434541E+000         2.0383401582E+000         4.3266776353E+002         4.3660167905E+002         5.8091288126E-001         7.3869948308E-001         
2019-03-16                23:55:25.391              74.66348832               1791.923720               75.66348832               1552780525.391            0                         963                       1.0000000000E+000         0.0000000000E+000         0.0000000000E+000         2.2360434541E+000         2.0383401582E+000         4.3265996432E+002         4.3660167905E+002         5.8091288126E-001         7.3869948308E-001         
2019-03-16                23:55:52.691              74.66380431               1791.931303               75.66380431               1552780552.692            0                         963                       2.0000000000E+000         0.0000000000E+000         0.0000000000E+000         2.2262625636E+000         2.2526786058E+000         4.3265996432E+002         4.3659380892E+002         5.8091288126E-001         7.3869948308E-001         
2019-03-16                23:56:12.801              74.66403705               1791.936889               75.66403705               1552780572.801            0                         963                       1.0000000000E+000         0.0000000000E+000         0.0000000000E+000         2.2262625636E+000         2.2526786058E+000         4.3266694022E+002         4.3659380892E+002         5.8091288126E-001         7.3869948308E-001         
2019-03-16                23:57:02.059              74.66460716               1791.950572               75.66460716               1552780622.059            0                         963                       1.0000000000E+000         0.0000000000E+000         0.0000000000E+000         2.2262625636E+000         2.2428249499E+000         4.3267504357E+002         4.3660084825E+002         5.8091288126E-001         7.3869948308E-001         
2019-03-16                23:57:51.289              74.66517696               1791.964247               75.66517696               1552780671.289            0                         963                       1.0000000000E+000         0.0000000000E+000         0.0000000000E+000         2.2262625636E+000         2.2428249499E+000         4.3263774063E+002         4.3660902528E+002         5.8091288126E-001         7.3869948308E-001         
2019-03-16                23:57:58.803              74.66526394               1791.966334               75.66526394               1552780678.804            0                         963                       3.0000000000E+000         0.0000000000E+000         0.0000000000E+000         2.2262625636E+000         2.2428361399E+000         4.3263774063E+002         4.3657404132E+002         5.8169253196E-001         7.3967305108E-001         
2019-03-16                23:58:08.361              74.66537456               1791.968989               75.66537456               1552780688.362            0                         963                       2.0000000000E+000         0.0000000000E+000         0.0000000000E+000         5.4379939806E+000         2.2428361399E+000         4.3263774063E+002         4.3657404132E+002         5.8169253196E-001         7.3967305108E-001         
2019-03-16                23:58:28.829              74.66561146               1791.974675               75.66561146               1552780708.830            0                         963                       1.0000000000E+000         0.0000000000E+000         0.0000000000E+000         5.4379939806E+000         2.2428361399E+000         4.3257561068E+002         4.3657404132E+002         5.8169253196E-001         7.3967305108E-001         
2019-03-16                23:58:57.312              74.66594111               1791.982587               75.66594111               1552780737.312            0                         963                       2.0000000000E+000         0.0000000000E+000         0.0000000000E+000         2.2326913817E+000         5.4785048630E+000         4.3257561068E+002         4.3651400393E+002         5.8169253196E-001         7.3967305108E-001         
2019-03-16                23:59:17.227              74.66617162               1791.988119               75.66617162               1552780757.228            0                         963                       1.0000000000E+000         0.0000000000E+000         0.0000000000E+000         2.2326913817E+000         5.4785048630E+000         4.3258370768E+002         4.3651400393E+002         5.8169253196E-001         7.3967305108E-001         
2019-03-17                00:00:06.474              74.66674161               1792.001799               75.66674161               1552780806.475            0                         963                       1.0000000000E+000         0.0000000000E+000         0.0000000000E+000         2.2326913817E+000         2.2493240404E+000         4.3257824359E+002         4.3652217465E+002         5.8169253196E-001         7.3967305108E-001         
2019-03-17                00:00:55.688              74.66731122               1792.015469               75.66731122               1552780855.689            0                         963                       1.0000000000E+000         0.0000000000E+000         0.0000000000E+000         2.2326913817E+000         2.2493240404E+000         4.3254101696E+002         4.3651666081E+002         5.8169253196E-001         7.3967305108E-001         
2019-03-17                00:01:21.681              74.66761206               1792.022689               75.66761206               1552780881.682            0                         963                       2.0000000000E+000         0.0000000000E+000         0.0000000000E+000         2.2427451216E+000         2.2493240404E+000         4.3254101696E+002         4.3647909525E+002         5.8169253196E-001         7.3967305108E-001         
2019-03-17                00:01:42.161              74.66784910               1792.028378               75.66784910               1552780902.162            0                         963                       1.0000000000E+000         0.0000000000E+000         0.0000000000E+000         2.2427451216E+000         2.2493240404E+000         4.3248268139E+002         4.3647909525E+002         5.8169253196E-001         7.3967305108E-001         
2019-03-17                00:02:09.493              74.66816544               1792.035971               75.66816544               1552780929.494            0                         963                       2.0000000000E+000         0.0000000000E+000         0.0000000000E+000         2.2301009795E+000         2.2594526767E+000         4.3248268139E+002         4.3642022857E+002         5.8169253196E-001         7.3967305108E-001         
2019-03-17                00:02:29.611              74.66839828               1792.041559               75.66839828               1552780949.611            0                         963                       1.0000000000E+000         0.0000000000E+000         0.0000000000E+000         2.2301009795E+000         2.2594526767E+000         4.3243410047E+002         4.3642022857E+002         5.8169253196E-001         7.3967305108E-001         
2019-03-17                00:02:56.868              74.66871376               1792.049130               75.66871376               1552780976.869            0                         963                       2.0000000000E+000         0.0000000000E+000         0.0000000000E+000         1.9137353646E+001         2.2467143407E+000         4.3243410047E+002         4.3637120534E+002         5.8169253196E-001         7.3967305108E-001         
2019-03-17                00:03:16.980              74.66894653               1792.054717               75.66894653               1552780996.980            0                         963                       1.0000000000E+000         0.0000000000E+000         0.0000000000E+000         1.9137353646E+001         2.2467143407E+000         4.3240013466E+002         4.3637120534E+002         5.8169253196E-001         7.3967305108E-001         
2019-03-17                00:03:44.252              74.66926218               1792.062292               75.66926218               1552781024.252            0                         963                       2.0000000000E+000         0.0000000000E+000         0.0000000000E+000         1.7736277110E+001         1.9279919284E+001         4.3240013466E+002         4.3633693028E+002         5.8169253196E-001         7.3967305108E-001         
2019-03-17                00:04:04.365              74.66949498               1792.067879               75.66949498               1552781044.366            0                         963                       1.0000000000E+000         0.0000000000E+000         0.0000000000E+000         1.7736277110E+001         1.9279919284E+001         4.3239340558E+002         4.3633693028E+002         5.8169253196E-001         7.3967305108E-001         
2019-03-17                00:04:31.680              74.66981112               1792.075467               75.66981112               1552781071.681            0                         963                       2.0000000000E+000         0.0000000000E+000         0.0000000000E+000         2.2373910451E+000         1.7868405288E+001         4.3239340558E+002         4.3633013994E+002         5.8169253196E-001         7.3967305108E-001         
2019-03-17                00:04:51.809              74.67004410               1792.081058               75.67004410               1552781091.810            0                         963                       1.0000000000E+000         0.0000000000E+000         0.0000000000E+000         2.2373910451E+000         1.7868405288E+001         4.3233770537E+002         4.3633013994E+002         5.8169253196E-001         7.3967305108E-001         
2019-03-17                00:05:41.065              74.67061419               1792.094741               75.67061419               1552781141.066            0                         963                       1.0000000000E+000         0.0000000000E+000         0.0000000000E+000         2.2373910451E+000         2.2540587144E+000         4.3230236484E+002         4.3627393260E+002         5.8169253196E-001         7.3967305108E-001         
2019-03-17                00:06:06.940              74.67091366               1792.101928               75.67091366               1552781166.940            0                         963                       2.0000000000E+000         0.0000000000E+000         0.0000000000E+000         7.7868450104E+000         2.2540587144E+000         4.3230236484E+002         4.3623827032E+002         5.8169253196E-001         7.3967305108E-001         
2019-03-17                00:06:27.368              74.67115010               1792.107602               75.67115010               1552781187.369            0                         963                       1.0000000000E+000         0.0000000000E+000         0.0000000000E+000         7.7868450104E+000         2.2540587144E+000         4.3236632589E+002         4.3623827032E+002         5.8169253196E-001         7.3967305108E-001         
2019-03-17                00:06:51.848              74.67143343               1792.114402               75.67143343               1552781211.848            0                         963                       2.0000000000E+000         0.0000000000E+000         0.0000000000E+000         2.0295982140E+000         7.8448538945E+000         4.3236632589E+002         4.3630281370E+002         5.8169253196E-001         7.3967305108E-001         
2019-03-17                00:07:13.753              74.67168696               1792.120487               75.67168696               1552781233.753            0                         963                       1.0000000000E+000         0.0000000000E+000         0.0000000000E+000         2.0295982140E+000         7.8448538945E+000         4.3234702558E+002         4.3630281370E+002         5.8169253196E-001         7.3967305108E-001         
2019-03-17                00:07:41.694              74.67201035               1792.128248               75.67201035               1552781261.694            0                         963                       2.0000000000E+000         0.0000000000E+000         0.0000000000E+000         2.2371585298E+000         2.0447179098E+000         4.3234702558E+002         4.3628333768E+002         5.8169253196E-001         7.3967305108E-001         
2019-03-17                00:08:02.194              74.67224762               1792.133943               75.67224762               1552781282.194            0                         963                       1.0000000000E+000         0.0000000000E+000         0.0000000000E+000         2.2371585298E+000         2.0447179098E+000         4.3233159104E+002         4.3628333768E+002         5.8169253196E-001         7.3967305108E-001         
2019-03-17                00:08:28.963              74.67255745               1792.141379               75.67255745               1552781308.964            0                         963                       2.0000000000E+000         0.0000000000E+000         0.0000000000E+000         3.8042206123E+000         2.2538244670E+000         4.3233159104E+002         4.3626776261E+002         5.8169253196E-001         7.3967305108E-001         
2019-03-17                00:08:49.595              74.67279624               1792.147110               75.67279624               1552781329.595            0                         963                       1.0000000000E+000         0.0000000000E+000         0.0000000000E+000         3.8042206123E+000         2.2538244670E+000         4.3229651752E+002         4.3626776261E+002         5.8169253196E-001         7.3967305108E-001         
2019-03-17                00:09:16.877              74.67311200               1792.154688               75.67311200               1552781356.877            0                         963                       2.0000000000E+000         0.0000000000E+000         0.0000000000E+000         1.5822543960E+001         3.8325605358E+000         4.3229651752E+002         4.3623236976E+002         5.8169253196E-001         7.3967305108E-001         
2019-03-17                00:09:36.996              74.67334486               1792.160277               75.67334486               1552781376.996            0                         963                       1.0000000000E+000         0.0000000000E+000         0.0000000000E+000         1.5822543960E+001         3.8325605358E+000         4.3229383672E+002         4.3623236976E+002         5.8169253196E-001         7.3967305108E-001         
2019-03-17                00:10:26.308              74.67391560               1792.173974               75.67391560               1552781426.308            0                         963                       1.0000000000E+000         0.0000000000E+000         0.0000000000E+000         1.5822543960E+001         1.5940415590E+001         4.3224511141E+002         4.3622966455E+002         5.8169253196E-001         7.3967305108E-001         
2019-03-17                00:10:52.135              74.67421454               1792.181149               75.67421454               1552781452.136            0                         963                       2.0000000000E+000         0.0000000000E+000         0.0000000000E+000         2.2353910484E+000         1.5940415590E+001         4.3224511141E+002         4.3618049562E+002         5.8169253196E-001         7.3967305108E-001         
2019-03-17                00:11:12.778              74.67445345               1792.186883               75.67445345               1552781472.778            0                         963                       1.0000000000E+000         0.0000000000E+000         0.0000000000E+000         2.2353910484E+000         1.5940415590E+001         4.3226462739E+002         4.3618049562E+002         5.8169253196E-001         7.3967305108E-001         
2019-03-17                00:11:40.700              74.67477662               1792.194639               75.67477662               1552781500.700            0                         963                       2.0000000000E+000         0.0000000000E+000         0.0000000000E+000         2.2369107378E+000         2.2520438186E+000         4.3226462739E+002         4.3620018929E+002         5.8169253196E-001         7.3967305108E-001         
2019-03-17                00:12:01.197              74.67501387               1792.200333               75.67501387               1552781521.198            0                         963                       1.0000000000E+000         0.0000000000E+000         0.0000000000E+000         2.2369107378E+000         2.2520438186E+000         4.3222874259E+002         4.3620018929E+002         5.8169253196E-001         7.3967305108E-001         
2019-03-17                00:12:27.086              74.67531351               1792.207524               75.67531351               1552781547.087            0                         963                       2.0000000000E+000         0.0000000000E+000         0.0000000000E+000         4.3428850026E+000         2.2535748290E+000         4.3222874259E+002         4.3616397777E+002         5.8169253196E-001         7.3967305108E-001         
2019-03-17                00:12:47.530              74.67555013               1792.213203               75.67555013               1552781567.531            0                         963                       1.0000000000E+000         0.0000000000E+000         0.0000000000E+000         4.3428850026E+000         2.2535748290E+000         4.3221683338E+002         4.3616397777E+002         5.8169253196E-001         7.3967305108E-001         
2019-03-17                00:13:12.125              74.67583479               1792.220035               75.67583479               1552781592.126            0                         963                       2.0000000000E+000         0.0000000000E+000         0.0000000000E+000         2.0262542494E+000         4.3752377607E+000         4.3221683338E+002         4.3615196014E+002         5.8169253196E-001         7.3967305108E-001         
2019-03-17                00:13:33.927              74.67608712               1792.226091               75.67608712               1552781613.927            0                         963                       1.0000000000E+000         0.0000000000E+000         0.0000000000E+000         2.0262542494E+000         4.3752377607E+000         4.3219034514E+002         4.3615196014E+002         5.8169253196E-001         7.3967305108E-001         
2019-03-17                00:14:01.059              74.67640116               1792.233628               75.67640116               1552781641.060            0                         963                       2.0000000000E+000         0.0000000000E+000         0.0000000000E+000         2.2128217757E+000         2.0413490340E+000         4.3219034514E+002         4.3612523073E+002         5.8169253196E-001         7.3967305108E-001         
2019-03-17                00:14:21.362              74.67663615               1792.239267               75.67663615               1552781661.363            0                         963                       1.0000000000E+000         0.0000000000E+000         0.0000000000E+000         2.2128217757E+000         2.0413490340E+000         4.3216123225E+002         4.3612523073E+002         5.8169253196E-001         7.3967305108E-001         
2019-03-17                00:14:48.657              74.67695205               1792.246849               75.67695205               1552781688.657            0                         963                       2.0000000000E+000         0.0000000000E+000         0.0000000000E+000         2.2350915865E+000         2.2293064138E+000         4.3216123225E+002         4.3609585278E+002         5.8169253196E-001         7.3967305108E-001         
2019-03-17                00:15:08.769              74.67718483               1792.252436               75.67718483               1552781708.769            0                         963                       1.0000000000E+000         0.0000000000E+000         0.0000000000E+000         2.2350915865E+000         2.2293064138E+000         4.3212614453E+002         4.3609585278E+002         5.8169253196E-001         7.3967305108E-001         
2019-03-17                00:15:34.717              74.67748515               1792.259644               75.67748515               1552781734.717            0                         963                       2.0000000000E+000         0.0000000000E+000         0.0000000000E+000         2.2477222929E+000         2.2517421258E+000         4.3212614453E+002         4.3606044561E+002         5.8169253196E-001         7.3967305108E-001         
2019-03-17                00:15:55.151              74.67772166               1792.265320               75.67772166               1552781755.151            0                         963                       1.0000000000E+000         0.0000000000E+000         0.0000000000E+000         2.2477222929E+000         2.2517421258E+000         4.3213752510E+002         4.3606044561E+002         5.8169253196E-001         7.3967305108E-001         
2019-03-17                00:16:21.796              74.67803006               1792.272721               75.67803006               1552781781.797            0                         963                       2.0000000000E+000         0.0000000000E+000         0.0000000000E+000         3.7313666146E+000         2.2644669259E+000         4.3213752510E+002         4.3607192980E+002         5.8169253196E-001         7.3967305108E-001         
2019-03-17                00:16:42.625              74.67827113               1792.278507               75.67827113               1552781802.626            0                         963                       1.0000000000E+000         0.0000000000E+000         0.0000000000E+000         3.7313666146E+000         2.2644669259E+000         4.3211515236E+002         4.3607192980E+002         5.8169253196E-001         7.3967305108E-001         
2019-03-17                00:17:31.875              74.67884116               1792.292188               75.67884116               1552781851.876            0                         963                       1.0000000000E+000         0.0000000000E+000         0.0000000000E+000         3.7313666146E+000         3.7591638050E+000         4.3217351655E+002         4.3604935336E+002         5.8169253196E-001         7.3967305108E-001         
2019-03-17                00:17:51.950              74.67907351               1792.297764               75.67907351               1552781871.951            0                         963                       2.0000000000E+000         0.0000000000E+000         0.0000000000E+000         2.2243465138E+000         3.7591638050E+000         4.3217351655E+002         4.3610824893E+002         5.8169253196E-001         7.3967305108E-001         
2019-03-17                00:18:12.436              74.67931060               1792.303454               75.67931060               1552781892.436            0                         963                       1.0000000000E+000         0.0000000000E+000         0.0000000000E+000         2.2243465138E+000         3.7591638050E+000         4.3218699675E+002         4.3610824893E+002         5.8169253196E-001         7.3967305108E-001         
2019-03-17                00:18:39.693              74.67962608               1792.311026               75.67962608               1552781919.693            0                         963                       2.0000000000E+000         0.0000000000E+000         0.0000000000E+000         2.2254343249E+000         2.2409170066E+000         4.3218699675E+002         4.3612185185E+002         5.8169253196E-001         7.3967305108E-001         
2019-03-17                00:18:59.811              74.67985892               1792.316614               75.67985892               1552781939.811            0                         963                       1.0000000000E+000         0.0000000000E+000         0.0000000000E+000         2.2254343249E+000         2.2409170066E+000         4.3220681337E+002         4.3612185185E+002         5.8169253196E-001         7.3967305108E-001         
2019-03-17                00:19:27.085              74.68017459               1792.324190               75.68017459               1552781967.085            0                         963                       2.0000000000E+000         0.0000000000E+000         0.0000000000E+000         2.2419027275E+000         2.2420129215E+000         4.3220681337E+002         4.3614184890E+002         5.8169253196E-001         7.3967305108E-001         
2019-03-17                00:19:47.194              74.68040735               1792.329776               75.68040735               1552781987.195            0                         963                       1.0000000000E+000         0.0000000000E+000         0.0000000000E+000         2.2419027275E+000         2.2420129215E+000         4.3223363678E+002         4.3614184890E+002         5.8169253196E-001         7.3967305108E-001         
2019-03-17                00:20:14.490              74.68072328               1792.337359               75.68072328               1552782014.491            0                         963                       2.0000000000E+000         0.0000000000E+000         0.0000000000E+000         2.2526113424E+000         2.2586040070E+000         4.3223363678E+002         4.3616891652E+002         5.8169253196E-001         7.3967305108E-001         
2019-03-17                00:20:34.604              74.68095606               1792.342946               75.68095606               1552782034.604            0                         963                       1.0000000000E+000         0.0000000000E+000         0.0000000000E+000         2.2526113424E+000         2.2586040070E+000         4.3225291451E+002         4.3616891652E+002         5.8169253196E-001         7.3967305108E-001         
2019-03-17                00:21:01.891              74.68127190               1792.350526               75.68127190               1552782061.892            0                         963                       2.0000000000E+000         0.0000000000E+000         0.0000000000E+000         1.6851819317E+001         2.2693923969E+000         4.3225291451E+002         4.3618836977E+002         5.8169253196E-001         7.3967305108E-001         
2019-03-17                00:21:22.006              74.68150470               1792.356113               75.68150470               1552782082.006            0                         963                       1.0000000000E+000         0.0000000000E+000         0.0000000000E+000         1.6851819317E+001         2.2693923969E+000         4.3228354500E+002         4.3618836977E+002         5.8169253196E-001         7.3967305108E-001         
2019-03-17                00:22:11.259              74.68207476               1792.369794               75.68207476               1552782131.259            0                         963                       1.0000000000E+000         0.0000000000E+000         0.0000000000E+000         1.6851819317E+001         1.6977358638E+001         4.3229788771E+002         4.3621927913E+002         5.8169253196E-001         7.3967305108E-001         
2019-03-17                00:23:00.482              74.68264447               1792.383467               75.68264447               1552782180.482            0                         963                       1.0000000000E+000         0.0000000000E+000         0.0000000000E+000         1.6851819317E+001         1.6977358638E+001         4.3230580781E+002         4.3623375243E+002         5.8169253196E-001         7.3967305108E-001         
2019-03-17                00:23:49.742              74.68321461               1792.397151               75.68321461               1552782229.742            0                         963                       1.0000000000E+000         0.0000000000E+000         0.0000000000E+000         1.6851819317E+001         1.6977358638E+001         4.3226592830E+002         4.3624174463E+002         5.8169253196E-001         7.3967305108E-001         
