DATE                      TIME                      FRAC_DAYS_SINCE_JAN1      FRAC_HRS_SINCE_JAN1       JULIAN_DAYS               EPOCH_TIME                ALARM_STATUS              INST_STATUS               species                   MPVPosition               solenoid_valves           CH4                       CH4_dry                   CO2                       CO2_dry                   H2O                       h2o_reported              
2019-10-27                02:38:35.973              298.77680525              7170.643326               299.77680525              1572143915.974            0                         963                       1.0000000000E+000         1.1000000000E+001         0.0000000000E+000         4.5789817852E+001         4.7027173995E+001         4.2356938109E+002         4.3664186174E+002         2.0728165886E+000         2.5241228748E+000         
2019-10-27                02:39:27.161              298.77739770              7170.657545               299.77739770              1572143967.161            0                         963                       1.0000000000E+000         1.1000000000E+001         0.0000000000E+000         4.5789817852E+001         4.7027173995E+001         4.2369320616E+002         4.3756857028E+002         2.0728165886E+000         2.5241228748E+000         
2019-10-27                02:40:18.332              298.77798997              7170.671759               299.77798997              1572144018.333            0                         963                       1.0000000000E+000         1.6000000000E+001         0.0000000000E+000         4.5789817852E+001         4.7027173995E+001         4.2377000203E+002         4.3769648784E+002         2.0728165886E+000         2.5241228748E+000         
2019-10-27                02:41:09.474              298.77858189              7170.685965               299.77858189              1572144069.475            0                         963                       1.0000000000E+000         1.2000000000E+001         0.0000000000E+000         4.5789817852E+001         4.7027173995E+001         4.2385115051E+002         4.3777582185E+002         2.0728165886E+000         2.5241228748E+000         
2019-10-27                02:41:59.673              298.77916288              7170.699909               299.77916288              1572144119.673            0                         963                       1.0000000000E+000         1.2000000000E+001         0.0000000000E+000         4.5789817852E+001         4.7027173995E+001         4.2391450938E+002         4.3785965233E+002         2.0728165886E+000         2.5241228748E+000         
2019-10-27                02:42:51.016              298.77975714              7170.714171               299.77975714              1572144171.017            0                         963                       1.0000000000E+000         1.6000000000E+001         0.0000000000E+000         4.5789817852E+001         4.7027173995E+001         4.2397035901E+002         4.3792510525E+002         2.0728165886E+000         2.5241228748E+000         
2019-10-27                02:43:42.240              298.78035000              7170.728400               299.78035000              1572144222.240            0                         963                       1.0000000000E+000         1.3000000000E+001         0.0000000000E+000         4.5789817852E+001         4.7027173995E+001         4.2404651426E+002         4.3798280074E+002         2.0728165886E+000         2.5241228748E+000         
2019-10-27                02:44:32.319              298.78092963              7170.742311               299.78092963              1572144272.320            0                         963                       1.0000000000E+000         1.3000000000E+001         0.0000000000E+000         4.5789817852E+001         4.7027173995E+001         4.2407040019E+002         4.3806147296E+002         2.0728165886E+000         2.5241228748E+000         
2019-10-27                02:45:22.447              298.78150981              7170.756236               299.78150981              1572144322.448            0                         963                       1.0000000000E+000         1.6000000000E+001         0.0000000000E+000         4.5789817852E+001         4.7027173995E+001         4.2411211725E+002         4.3808614833E+002         2.0728165886E+000         2.5241228748E+000         
2019-10-27                02:46:13.665              298.78210262              7170.770463               299.78210262              1572144373.666            0                         963                       1.0000000000E+000         1.4000000000E+001         0.0000000000E+000         4.5789817852E+001         4.7027173995E+001         4.2416097666E+002         4.3812924416E+002         2.0728165886E+000         2.5241228748E+000         
2019-10-27                02:47:04.836              298.78269487              7170.784677               299.78269487              1572144424.837            0                         963                       1.0000000000E+000         1.4000000000E+001         0.0000000000E+000         4.5789817852E+001         4.7027173995E+001         4.2416030649E+002         4.3817971840E+002         2.0728165886E+000         2.5241228748E+000         
2019-10-27                02:47:54.911              298.78327444              7170.798587               299.78327444              1572144474.912            0                         963                       1.0000000000E+000         1.6000000000E+001         0.0000000000E+000         4.5789817852E+001         4.7027173995E+001         4.2424856902E+002         4.3817902608E+002         2.0728165886E+000         2.5241228748E+000         
2019-10-27                02:48:44.128              298.78384409              7170.812258               299.78384409              1572144524.129            0                         963                       1.0000000000E+000         1.5000000000E+001         0.0000000000E+000         4.5789817852E+001         4.7027173995E+001         4.2432920300E+002         4.3827020573E+002         2.0728165886E+000         2.5241228748E+000         
2019-10-27                02:49:35.296              298.78443630              7170.826471               299.78443630              1572144575.296            0                         963                       1.0000000000E+000         1.5000000000E+001         0.0000000000E+000         4.5789817852E+001         4.7027173995E+001         4.2435563674E+002         4.3835350470E+002         2.0728165886E+000         2.5241228748E+000         
2019-10-27                02:50:26.469              298.78502858              7170.840686               299.78502858              1572144626.469            0                         963                       1.0000000000E+000         1.6000000000E+001         0.0000000000E+000         4.5789817852E+001         4.7027173995E+001         4.2435781748E+002         4.3838081209E+002         2.0728165886E+000         2.5241228748E+000         
2019-10-27                02:51:16.565              298.78560840              7170.854602               299.78560840              1572144676.566            0                         963                       1.0000000000E+000         1.6000000000E+001         0.0000000000E+000         4.5789817852E+001         4.7027173995E+001         4.2440811744E+002         4.3838306491E+002         2.0728165886E+000         2.5241228748E+000         
2019-10-27                02:52:06.677              298.78618840              7170.868522               299.78618840              1572144726.678            0                         963                       1.0000000000E+000         1.6000000000E+001         0.0000000000E+000         4.5789817852E+001         4.7027173995E+001         4.2449481621E+002         4.3843502731E+002         2.0728165886E+000         2.5241228748E+000         
2019-10-27                02:52:57.918              298.78678147              7170.882755               299.78678147              1572144777.919            0                         963                       1.0000000000E+000         1.6000000000E+001         0.0000000000E+000         4.5789817852E+001         4.7027173995E+001         4.2452493707E+002         4.3852459152E+002         2.0728165886E+000         2.5241228748E+000         
2019-10-27                02:53:49.084              298.78737366              7170.896968               299.78737366              1572144829.084            0                         963                       1.0000000000E+000         1.6000000000E+001         0.0000000000E+000         4.5789817852E+001         4.7027173995E+001         4.2456727830E+002         4.3855570789E+002         2.0728165886E+000         2.5241228748E+000         
2019-10-27                02:54:39.323              298.78795514              7170.910923               299.78795514              1572144879.324            0                         963                       1.0000000000E+000         1.6000000000E+001         0.0000000000E+000         4.5789817852E+001         4.7027173995E+001         4.2462465840E+002         4.3859944852E+002         2.0728165886E+000         2.5241228748E+000         
2019-10-27                02:55:29.433              298.78853510              7170.924843               299.78853510              1572144929.433            0                         963                       1.0000000000E+000         1.6000000000E+001         0.0000000000E+000         4.5789817852E+001         4.7027173995E+001         4.2464951757E+002         4.3865872507E+002         2.0728165886E+000         2.5241228748E+000         
2019-10-27                02:56:20.599              298.78912731              7170.939056               299.78912731              1572144980.600            0                         963                       1.0000000000E+000         1.6000000000E+001         0.0000000000E+000         4.5789817852E+001         4.7027173995E+001         4.2468579000E+002         4.3868440584E+002         2.0728165886E+000         2.5241228748E+000         
2019-10-27                02:57:11.786              298.78971976              7170.953274               299.78971976              1572145031.787            0                         963                       1.0000000000E+000         1.6000000000E+001         0.0000000000E+000         4.5789817852E+001         4.7027173995E+001         4.2472710042E+002         4.3872187710E+002         2.0728165886E+000         2.5241228748E+000         
2019-10-27                02:58:01.898              298.79029975              7170.967194               299.79029975              1572145081.898            0                         963                       1.0000000000E+000         1.6000000000E+001         0.0000000000E+000         4.5789817852E+001         4.7027173995E+001         4.2474172109E+002         4.3876455284E+002         2.0728165886E+000         2.5241228748E+000         
2019-10-27                02:58:51.125              298.79086950              7170.980868               299.79086950              1572145131.125            0                         963                       1.0000000000E+000         1.6000000000E+001         0.0000000000E+000         4.5789817852E+001         4.7027173995E+001         4.2475021154E+002         4.3877965674E+002         2.0728165886E+000         2.5241228748E+000         
2019-10-27                02:59:42.315              298.79146198              7170.995088               299.79146198              1572145182.315            0                         963                       1.0000000000E+000         1.6000000000E+001         0.0000000000E+000         4.5789817852E+001         4.7027173995E+001         4.2479097462E+002         4.3878842780E+002         2.0728165886E+000         2.5241228748E+000         
2019-10-27                03:00:33.492              298.79205431              7171.009303               299.79205431              1572145233.492            0                         963                       1.0000000000E+000         1.0000000000E+000         0.0000000000E+000         4.5789817852E+001         4.7027173995E+001         4.5399022207E+002         4.3883053812E+002         2.0728165886E+000         2.5241228748E+000         
2019-10-27                03:01:02.999              298.79239582              7171.017500               299.79239582              1572145262.999            0                         963                       2.0000000000E+000         1.0000000000E+000         0.0000000000E+000         4.3969764386E+001         4.7027173995E+001         4.5399022207E+002         4.6899483595E+002         2.0728165886E+000         2.5241228748E+000         
2019-10-27                03:01:22.737              298.79262428              7171.022983               299.79262428              1572145282.738            0                         963                       1.0000000000E+000         1.0000000000E+000         0.0000000000E+000         4.3969764386E+001         4.7027173995E+001         4.4549122715E+002         4.6899483595E+002         2.0728165886E+000         2.5241228748E+000         
2019-10-27                03:02:11.963              298.79319403              7171.036657               299.79319403              1572145331.964            0                         963                       1.0000000000E+000         1.0000000000E+000         0.0000000000E+000         4.3969764386E+001         4.5157938102E+001         4.2801239060E+002         4.6021494480E+002         2.0728165886E+000         2.5241228748E+000         
2019-10-27                03:03:03.148              298.79378644              7171.050874               299.79378644              1572145383.148            0                         963                       1.0000000000E+000         2.0000000000E+000         0.0000000000E+000         4.3969764386E+001         4.5157938102E+001         4.3741085298E+002         4.4215842358E+002         2.0728165886E+000         2.5241228748E+000         
2019-10-27                03:03:54.292              298.79437838              7171.065081               299.79437838              1572145434.292            0                         963                       1.0000000000E+000         2.0000000000E+000         0.0000000000E+000         4.3969764386E+001         4.5157938102E+001         4.3737177932E+002         4.5186751005E+002         2.0728165886E+000         2.5241228748E+000         
2019-10-27                03:04:23.819              298.79472014              7171.073283               299.79472014              1572145463.820            0                         963                       2.0000000000E+000         2.0000000000E+000         0.0000000000E+000         4.3693394573E+001         4.5157938102E+001         4.3737177932E+002         4.5182714498E+002         2.0728165886E+000         2.5241228748E+000         
2019-10-27                03:04:43.565              298.79494868              7171.078768               299.79494868              1572145483.566            0                         963                       1.0000000000E+000         2.0000000000E+000         0.0000000000E+000         4.3693394573E+001         4.5157938102E+001         4.2078401510E+002         4.5182714498E+002         2.0728165886E+000         2.5241228748E+000         
2019-10-27                03:05:34.726              298.79554082              7171.092980               299.79554082              1572145534.727            0                         963                       1.0000000000E+000         3.0000000000E+000         0.0000000000E+000         4.3693394573E+001         4.4874100081E+001         4.5066504264E+002         4.3469114650E+002         2.0728165886E+000         2.5241228748E+000         
2019-10-27                03:06:25.961              298.79613382              7171.107212               299.79613382              1572145585.962            0                         963                       1.0000000000E+000         3.0000000000E+000         0.0000000000E+000         4.3693394573E+001         4.4874100081E+001         4.5685921828E+002         4.6555975760E+002         2.0728165886E+000         2.5241228748E+000         
2019-10-27                03:07:17.160              298.79672639              7171.121433               299.79672639              1572145637.160            0                         963                       1.0000000000E+000         3.0000000000E+000         0.0000000000E+000         4.3693394573E+001         4.4874100081E+001         4.2857654992E+002         4.7195865397E+002         2.0728165886E+000         2.5241228748E+000         
2019-10-27                03:08:08.311              298.79731841              7171.135642               299.79731841              1572145688.311            0                         963                       1.0000000000E+000         4.0000000000E+000         0.0000000000E+000         4.3693394573E+001         4.4874100081E+001         4.7963430495E+002         4.4274122866E+002         2.0728165886E+000         2.5241228748E+000         
2019-10-27                03:08:57.552              298.79788833              7171.149320               299.79788833              1572145737.552            0                         963                       1.0000000000E+000         4.0000000000E+000         0.0000000000E+000         4.3693394573E+001         4.4874100081E+001         4.8845623016E+002         4.9548646915E+002         2.0728165886E+000         2.5241228748E+000         
2019-10-27                03:09:48.750              298.79848090              7171.163542               299.79848090              1572145788.750            0                         963                       1.0000000000E+000         4.0000000000E+000         0.0000000000E+000         4.3693394573E+001         4.4874100081E+001         4.3376775751E+002         5.0459996360E+002         2.0728165886E+000         2.5241228748E+000         
2019-10-27                03:10:39.907              298.79907300              7171.177752               299.79907300              1572145839.907            0                         963                       1.0000000000E+000         5.0000000000E+000         0.0000000000E+000         4.3693394573E+001         4.4874100081E+001         4.7367503293E+002         4.4810400837E+002         2.0728165886E+000         2.5241228748E+000         
2019-10-27                03:11:29.150              298.79964294              7171.191431               299.79964294              1572145889.150            0                         963                       1.0000000000E+000         5.0000000000E+000         0.0000000000E+000         4.3693394573E+001         4.4874100081E+001         4.7891752680E+002         4.8933024008E+002         2.0728165886E+000         2.5241228748E+000         
2019-10-27                03:12:19.230              298.80022258              7171.205342               299.80022258              1572145939.231            0                         963                       1.0000000000E+000         5.0000000000E+000         0.0000000000E+000         4.3693394573E+001         4.4874100081E+001         4.3023795942E+002         4.9474600111E+002         2.0728165886E+000         2.5241228748E+000         
2019-10-27                03:13:10.400              298.80081481              7171.219556               299.80081481              1572145990.400            0                         963                       1.0000000000E+000         6.0000000000E+000         0.0000000000E+000         4.3693394573E+001         4.4874100081E+001         4.5070924035E+002         4.4445754861E+002         2.0728165886E+000         2.5241228748E+000         
2019-10-27                03:14:01.579              298.80140718              7171.233772               299.80140718              1572146041.580            0                         963                       1.0000000000E+000         6.0000000000E+000         0.0000000000E+000         4.3693394573E+001         4.4874100081E+001         4.5195672591E+002         4.6560541607E+002         2.0728165886E+000         2.5241228748E+000         
2019-10-27                03:14:51.657              298.80198677              7171.247683               299.80198677              1572146091.657            0                         963                       1.0000000000E+000         7.7679558011E+000         0.0000000000E+000         4.3693394573E+001         4.4874100081E+001         4.2384198874E+002         4.6689413168E+002         2.0728165886E+000         2.5241228748E+000         
2019-10-27                03:15:42.861              298.80257941              7171.261906               299.80257941              1572146142.861            0                         963                       1.0000000000E+000         7.0000000000E+000         0.0000000000E+000         4.3693394573E+001         4.4874100081E+001         4.4264529589E+002         4.3785018777E+002         2.0728165886E+000         2.5241228748E+000         
2019-10-27                03:16:34.022              298.80317155              7171.276117               299.80317155              1572146194.022            0                         963                       1.0000000000E+000         7.0000000000E+000         0.0000000000E+000         4.3693394573E+001         4.4874100081E+001         4.4431380462E+002         4.5727495403E+002         2.0728165886E+000         2.5241228748E+000         
2019-10-27                03:17:25.206              298.80376396              7171.290335               299.80376396              1572146245.206            0                         963                       1.0000000000E+000         1.6000000000E+001         0.0000000000E+000         4.3693394573E+001         4.4874100081E+001         4.2301954044E+002         4.5899860784E+002         2.0728165886E+000         2.5241228748E+000         
2019-10-27                03:18:16.358              298.80435601              7171.304544               299.80435601              1572146296.359            0                         963                       1.0000000000E+000         8.0000000000E+000         0.0000000000E+000         4.3693394573E+001         4.4874100081E+001         4.6573222989E+002         4.3700055711E+002         2.0728165886E+000         2.5241228748E+000         
2019-10-27                03:19:06.447              298.80493573              7171.318458               299.80493573              1572146346.447            0                         963                       1.0000000000E+000         8.0000000000E+000         0.0000000000E+000         4.3693394573E+001         4.4874100081E+001         4.7254356420E+002         4.8112492325E+002         2.0728165886E+000         2.5241228748E+000         
2019-10-27                03:19:57.588              298.80552765              7171.332664               299.80552765              1572146397.589            0                         963                       1.0000000000E+000         1.6000000000E+001         0.0000000000E+000         4.3693394573E+001         4.4874100081E+001         4.2967383858E+002         4.8816137572E+002         2.0728165886E+000         2.5241228748E+000         
2019-10-27                03:20:48.744              298.80611973              7171.346874               299.80611973              1572146448.745            0                         963                       1.0000000000E+000         9.0000000000E+000         0.0000000000E+000         4.3693394573E+001         4.4874100081E+001         4.3686689802E+002         4.4387478328E+002         2.0728165886E+000         2.5241228748E+000         
2019-10-27                03:21:38.834              298.80669947              7171.360787               299.80669947              1572146498.834            0                         963                       1.0000000000E+000         9.0000000000E+000         0.0000000000E+000         4.3693394573E+001         4.4874100081E+001         4.3680286472E+002         4.5130557710E+002         2.0728165886E+000         2.5241228748E+000         
2019-10-27                03:22:28.930              298.80727929              7171.374703               299.80727929              1572146548.931            0                         963                       1.0000000000E+000         1.6000000000E+001         0.0000000000E+000         4.3693394573E+001         4.4874100081E+001         4.2398330273E+002         4.5123942746E+002         2.0728165886E+000         2.5241228748E+000         
2019-10-27                03:23:20.095              298.80787147              7171.388915               299.80787147              1572146600.095            0                         963                       1.0000000000E+000         1.0000000000E+001         0.0000000000E+000         4.3693394573E+001         4.4874100081E+001         4.4286099558E+002         4.3799617226E+002         2.0728165886E+000         2.5241228748E+000         
2019-10-27                03:24:11.309              298.80846422              7171.403141               299.80846422              1572146651.309            0                         963                       1.0000000000E+000         1.0000000000E+001         0.0000000000E+000         4.3693394573E+001         4.4874100081E+001         4.4283612367E+002         4.5749778270E+002         2.0728165886E+000         2.5241228748E+000         
2019-10-27                03:25:00.532              298.80903394              7171.416814               299.80903394              1572146700.532            0                         963                       1.0000000000E+000         1.6000000000E+001         0.0000000000E+000         4.3693394573E+001         4.4874100081E+001         4.2467918106E+002         4.5747208877E+002         2.0728165886E+000         2.5241228748E+000         
2019-10-27                03:25:51.697              298.80962613              7171.431027               299.80962613              1572146751.698            0                         963                       1.0000000000E+000         1.1000000000E+001         0.0000000000E+000         4.3693394573E+001         4.4874100081E+001         4.2518492716E+002         4.3871504973E+002         2.0728165886E+000         2.5241228748E+000         
2019-10-27                03:26:42.871              298.81021843              7171.445242               299.81021843              1572146802.872            0                         963                       1.0000000000E+000         1.1000000000E+001         0.0000000000E+000         4.3693394573E+001         4.4874100081E+001         4.2549833766E+002         4.3923751100E+002         2.0728165886E+000         2.5241228748E+000         
2019-10-27                03:27:34.043              298.81081069              7171.459457               299.81081069              1572146854.044            0                         963                       1.0000000000E+000         1.6000000000E+001         0.0000000000E+000         4.3693394573E+001         4.4874100081E+001         4.2559012966E+002         4.3956127987E+002         2.0728165886E+000         2.5241228748E+000         
2019-10-27                03:28:25.236              298.81140321              7171.473677               299.81140321              1572146905.237            0                         963                       1.0000000000E+000         1.2000000000E+001         0.0000000000E+000         4.3693394573E+001         4.4874100081E+001         4.2567823454E+002         4.3965610565E+002         2.0728165886E+000         2.5241228748E+000         
2019-10-27                03:29:15.342              298.81198313              7171.487595               299.81198313              1572146955.342            0                         963                       1.0000000000E+000         1.2000000000E+001         0.0000000000E+000         4.3693394573E+001         4.4874100081E+001         4.2577994725E+002         4.3974712244E+002         2.0728165886E+000         2.5241228748E+000         
2019-10-27                03:30:06.507              298.81257532              7171.501808               299.81257532              1572147006.508            0                         963                       1.0000000000E+000         1.6000000000E+001         0.0000000000E+000         4.3693394573E+001         4.4874100081E+001         4.2585730227E+002         4.3985219682E+002         2.0728165886E+000         2.5241228748E+000         
2019-10-27                03:30:57.688              298.81316770              7171.516025               299.81316770              1572147057.689            0                         963                       1.0000000000E+000         1.3000000000E+001         0.0000000000E+000         4.3693394573E+001         4.4874100081E+001         4.2589289027E+002         4.3993210845E+002         2.0728165886E+000         2.5241228748E+000         
2019-10-27                03:31:48.851              298.81375985              7171.530236               299.81375985              1572147108.851            0                         963                       1.0000000000E+000         1.3000000000E+001         0.0000000000E+000         4.3693394573E+001         4.4874100081E+001         4.2595981356E+002         4.3996887266E+002         2.0728165886E+000         2.5241228748E+000         
2019-10-27                03:32:38.956              298.81433977              7171.544154               299.81433977              1572147158.956            0                         963                       1.0000000000E+000         1.6000000000E+001         0.0000000000E+000         4.3693394573E+001         4.4874100081E+001         4.2603262473E+002         4.4003800779E+002         2.0728165886E+000         2.5241228748E+000         
2019-10-27                03:33:30.127              298.81493203              7171.558369               299.81493203              1572147210.127            0                         963                       1.0000000000E+000         1.4000000000E+001         0.0000000000E+000         4.3693394573E+001         4.4874100081E+001         4.2605342479E+002         4.4011322541E+002         2.0728165886E+000         2.5241228748E+000         
2019-10-27                03:34:21.293              298.81552424              7171.572582               299.81552424              1572147261.294            0                         963                       1.0000000000E+000         1.4000000000E+001         0.0000000000E+000         4.3693394573E+001         4.4874100081E+001         4.2608766475E+002         4.4013471293E+002         2.0728165886E+000         2.5241228748E+000         
2019-10-27                03:35:10.540              298.81609422              7171.586261               299.81609422              1572147310.541            0                         963                       1.0000000000E+000         1.6000000000E+001         0.0000000000E+000         4.3693394573E+001         4.4874100081E+001         4.2616736933E+002         4.4017008454E+002         2.0728165886E+000         2.5241228748E+000         
2019-10-27                03:36:00.648              298.81667417              7171.600180               299.81667417              1572147360.648            0                         963                       1.0000000000E+000         1.5000000000E+001         0.0000000000E+000         4.3693394573E+001         4.4874100081E+001         4.2625593518E+002         4.4025242339E+002         2.0728165886E+000         2.5241228748E+000         
2019-10-27                03:36:51.828              298.81726653              7171.614397               299.81726653              1572147411.828            0                         963                       1.0000000000E+000         1.5000000000E+001         0.0000000000E+000         4.3693394573E+001         4.4874100081E+001         4.2636414915E+002         4.4034391639E+002         2.0728165886E+000         2.5241228748E+000         
2019-10-27                03:37:42.986              298.81785865              7171.628607               299.81785865              1572147462.987            0                         963                       1.0000000000E+000         1.6000000000E+001         0.0000000000E+000         4.3693394573E+001         4.4874100081E+001         4.2643132431E+002         4.4045570689E+002         2.0728165886E+000         2.5241228748E+000         
2019-10-27                03:38:33.058              298.81843817              7171.642516               299.81843817              1572147513.058            0                         963                       1.0000000000E+000         1.6000000000E+001         0.0000000000E+000         4.3693394573E+001         4.4874100081E+001         4.2646437357E+002         4.4052510222E+002         2.0728165886E+000         2.5241228748E+000         
2019-10-27                03:39:23.142              298.81901786              7171.656429               299.81901786              1572147563.143            0                         963                       1.0000000000E+000         1.6000000000E+001         0.0000000000E+000         4.3693394573E+001         4.4874100081E+001         4.2650044524E+002         4.4055924378E+002         2.0728165886E+000         2.5241228748E+000         
