DATE                      TIME                      FRAC_DAYS_SINCE_JAN1      FRAC_HRS_SINCE_JAN1       JULIAN_DAYS               EPOCH_TIME                ALARM_STATUS              INST_STATUS               species                   MPVPosition               solenoid_valves           CH4                       CH4_dry                   CO2                       CO2_dry                   H2O                       h2o_reported              
2019-11-13                18:44:23.085              316.44748942              7594.739746               317.44748942              1573670663.086            0                         963                       1.0000000000E+000         7.0000000000E+000         0.0000000000E+000         4.6152755774E+001         4.7283161008E+001         4.7927460229E+002         5.3501594308E+002         1.8830768914E+000         2.3050581241E+000         
2019-11-13                18:45:15.286              316.44809359              7594.754246               317.44809359              1573670715.286            0                         963                       1.0000000000E+000         7.0000000000E+000         0.0000000000E+000         4.6152755774E+001         4.7283161008E+001         4.7929922670E+002         4.9363009200E+002         1.8830768914E+000         2.3050581241E+000         
2019-11-13                18:46:06.430              316.44868554              7594.768453               317.44868554              1573670766.431            0                         963                       1.0000000000E+000         8.0000000000E+000         0.0000000000E+000         4.6152755774E+001         4.7283161008E+001         4.8409481931E+002         4.9365545397E+002         1.8830768914E+000         2.3050581241E+000         
2019-11-13                18:46:56.502              316.44926507              7594.782362               317.44926507              1573670816.502            0                         963                       1.0000000000E+000         8.0000000000E+000         0.0000000000E+000         4.6152755774E+001         4.7283161008E+001         4.8417663769E+002         4.9859468675E+002         1.8830768914E+000         2.3050581241E+000         
2019-11-13                18:47:48.697              316.44986918              7594.796860               317.44986918              1573670868.697            0                         963                       1.0000000000E+000         8.0000000000E+000         0.0000000000E+000         4.6152755774E+001         4.7283161008E+001         4.7951064671E+002         4.9867895579E+002         1.8830768914E+000         2.3050581241E+000         
2019-11-13                18:48:40.908              316.45047348              7594.811364               317.45047348              1573670920.909            0                         963                       1.0000000000E+000         9.0000000000E+000         0.0000000000E+000         4.6152755774E+001         4.7283161008E+001         4.7959967694E+002         4.9387320655E+002         1.8830768914E+000         2.3050581241E+000         
2019-11-13                18:49:32.030              316.45106517              7594.825564               317.45106517              1573670972.031            0                         963                       1.0000000000E+000         9.0000000000E+000         0.0000000000E+000         4.6152755774E+001         4.7283161008E+001         4.8314814638E+002         4.9396490346E+002         1.8830768914E+000         2.3050581241E+000         
2019-11-13                18:50:22.121              316.45164492              7594.839478               317.45164492              1573671022.121            0                         963                       1.0000000000E+000         9.0000000000E+000         0.0000000000E+000         4.6152755774E+001         4.7283161008E+001         4.8662343230E+002         4.9761965856E+002         1.8830768914E+000         2.3050581241E+000         
2019-11-13                18:51:13.292              316.45223718              7594.853692               317.45223718              1573671073.292            0                         963                       1.0000000000E+000         1.0000000000E+001         0.0000000000E+000         4.6152755774E+001         4.7283161008E+001         4.8505582193E+002         5.0119903811E+002         1.8830768914E+000         2.3050581241E+000         
2019-11-13                18:52:05.489              316.45284131              7594.868191               317.45284131              1573671125.489            0                         963                       1.0000000000E+000         1.0000000000E+001         0.0000000000E+000         4.6152755774E+001         4.7283161008E+001         4.8482191316E+002         4.9958447382E+002         1.8830768914E+000         2.3050581241E+000         
2019-11-13                18:52:56.779              316.45343494              7594.882439               317.45343494              1573671176.779            0                         963                       1.0000000000E+000         1.0000000000E+001         0.0000000000E+000         4.6152755774E+001         4.7283161008E+001         4.8588465997E+002         4.9934355890E+002         1.8830768914E+000         2.3050581241E+000         
2019-11-13                18:53:47.901              316.45402664              7594.896639               317.45402664              1573671227.902            0                         963                       1.0000000000E+000         1.1000000000E+001         0.0000000000E+000         4.6152755774E+001         4.7283161008E+001         4.8536404758E+002         5.0043813767E+002         1.8830768914E+000         2.3050581241E+000         
2019-11-13                18:54:39.095              316.45461917              7594.910860               317.45461917              1573671279.096            0                         963                       1.0000000000E+000         1.1000000000E+001         0.0000000000E+000         4.6152755774E+001         4.7283161008E+001         4.8491944613E+002         4.9990193162E+002         1.8830768914E+000         2.3050581241E+000         
2019-11-13                18:55:31.286              316.45522322              7594.925357               317.45522322              1573671331.286            0                         963                       1.0000000000E+000         1.6000000000E+001         0.0000000000E+000         4.6152755774E+001         4.7283161008E+001         4.8389970212E+002         4.9944401323E+002         1.8830768914E+000         2.3050581241E+000         
2019-11-13                18:56:22.404              316.45581487              7594.939557               317.45581487              1573671382.405            0                         963                       1.0000000000E+000         1.2000000000E+001         0.0000000000E+000         4.6152755774E+001         4.7283161008E+001         4.8337902589E+002         4.9839372530E+002         1.8830768914E+000         2.3050581241E+000         
2019-11-13                18:57:13.493              316.45640617              7594.953748               317.45640617              1573671433.493            0                         963                       1.0000000000E+000         1.2000000000E+001         0.0000000000E+000         4.6152755774E+001         4.7283161008E+001         4.8353903974E+002         4.9785745350E+002         1.8830768914E+000         2.3050581241E+000         
2019-11-13                18:58:04.667              316.45699847              7594.967963               317.45699847              1573671484.668            0                         963                       1.0000000000E+000         1.6000000000E+001         0.0000000000E+000         4.6152755774E+001         4.7283161008E+001         4.8311677507E+002         4.9802226017E+002         1.8830768914E+000         2.3050581241E+000         
2019-11-13                18:58:55.815              316.45759045              7594.982171               317.45759045              1573671535.815            0                         963                       1.0000000000E+000         1.3000000000E+001         0.0000000000E+000         4.6152755774E+001         4.7283161008E+001         4.8274139579E+002         4.9758734759E+002         1.8830768914E+000         2.3050581241E+000         
2019-11-13                18:59:45.911              316.45817028              7594.996087               317.45817028              1573671585.912            0                         963                       1.0000000000E+000         1.3000000000E+001         0.0000000000E+000         4.6152755774E+001         4.7283161008E+001         4.8252907804E+002         4.9720072476E+002         1.8830768914E+000         2.3050581241E+000         
2019-11-13                19:00:37.006              316.45876166              7595.010280               317.45876166              1573671637.007            0                         963                       1.0000000000E+000         1.6000000000E+001         0.0000000000E+000         4.6152755774E+001         4.7283161008E+001         4.8222289776E+002         4.9698204755E+002         1.8830768914E+000         2.3050581241E+000         
2019-11-13                19:01:28.144              316.45935352              7595.024484               317.45935352              1573671688.144            0                         963                       1.0000000000E+000         1.4000000000E+001         0.0000000000E+000         4.6152755774E+001         4.7283161008E+001         4.8183277939E+002         4.9666669640E+002         1.8830768914E+000         2.3050581241E+000         
2019-11-13                19:02:20.325              316.45995748              7595.038979               317.45995748              1573671740.326            0                         963                       1.0000000000E+000         1.4000000000E+001         0.0000000000E+000         4.6152755774E+001         4.7283161008E+001         4.8150830458E+002         4.9626489300E+002         1.8830768914E+000         2.3050581241E+000         
2019-11-13                19:03:11.408              316.46054872              7595.053169               317.46054872              1573671791.409            0                         963                       1.0000000000E+000         1.6000000000E+001         0.0000000000E+000         4.6152755774E+001         4.7283161008E+001         4.8121730147E+002         4.9593069934E+002         1.8830768914E+000         2.3050581241E+000         
2019-11-13                19:04:01.506              316.46112854              7595.067085               317.46112854              1573671841.506            0                         963                       1.0000000000E+000         1.5000000000E+001         0.0000000000E+000         4.6152755774E+001         4.7283161008E+001         4.8089110148E+002         4.9563097995E+002         1.8830768914E+000         2.3050581241E+000         
2019-11-13                19:04:53.714              316.46173281              7595.081587               317.46173281              1573671893.715            0                         963                       1.0000000000E+000         1.5000000000E+001         0.0000000000E+000         4.6152755774E+001         4.7283161008E+001         4.8069736354E+002         4.9529500945E+002         1.8830768914E+000         2.3050581241E+000         
2019-11-13                19:05:45.892              316.46233672              7595.096081               317.46233672              1573671945.893            0                         963                       1.0000000000E+000         1.6000000000E+001         0.0000000000E+000         4.6152755774E+001         4.7283161008E+001         4.8066307893E+002         4.9509546856E+002         1.8830768914E+000         2.3050581241E+000         
2019-11-13                19:06:36.145              316.46291836              7595.110041               317.46291836              1573671996.146            0                         963                       1.0000000000E+000         1.6000000000E+001         0.0000000000E+000         4.6152755774E+001         4.7283161008E+001         4.8057858179E+002         4.9506015704E+002         1.8830768914E+000         2.3050581241E+000         
2019-11-13                19:07:26.217              316.46349789              7595.123949               317.46349789              1573672046.218            0                         963                       1.0000000000E+000         1.6000000000E+001         0.0000000000E+000         4.6152755774E+001         4.7283161008E+001         4.8044292271E+002         4.9497312900E+002         1.8830768914E+000         2.3050581241E+000         
2019-11-13                19:08:17.374              316.46408998              7595.138159               317.46408998              1573672097.374            0                         963                       1.0000000000E+000         1.6000000000E+001         0.0000000000E+000         4.6152755774E+001         4.7283161008E+001         4.8032047241E+002         4.9483340659E+002         1.8830768914E+000         2.3050581241E+000         
2019-11-13                19:09:08.569              316.46468252              7595.152381               317.46468252              1573672148.570            0                         963                       1.0000000000E+000         1.6000000000E+001         0.0000000000E+000         4.6152755774E+001         4.7283161008E+001         4.8036523930E+002         4.9470728858E+002         1.8830768914E+000         2.3050581241E+000         
2019-11-13                19:09:59.673              316.46527399              7595.166576               317.46527399              1573672199.673            0                         963                       1.0000000000E+000         1.6000000000E+001         0.0000000000E+000         4.6152755774E+001         4.7283161008E+001         4.8043115062E+002         4.9475339636E+002         1.8830768914E+000         2.3050581241E+000         
2019-11-13                19:10:49.049              316.46584549              7595.180292               317.46584549              1573672249.050            0                         963                       1.0000000000E+000         1.6000000000E+001         0.0000000000E+000         4.6152755774E+001         4.7283161008E+001         4.8028166449E+002         4.9482128188E+002         1.8830768914E+000         2.3050581241E+000         
2019-11-13                19:11:40.244              316.46643802              7595.194512               317.46643802              1573672300.245            0                         963                       1.0000000000E+000         1.6000000000E+001         0.0000000000E+000         4.6152755774E+001         4.7283161008E+001         4.8013720014E+002         4.9466731827E+002         1.8830768914E+000         2.3050581241E+000         
2019-11-13                19:12:31.417              316.46703029              7595.208727               317.46703029              1573672351.417            0                         963                       1.0000000000E+000         1.6000000000E+001         0.0000000000E+000         4.6152755774E+001         4.7283161008E+001         4.8009623829E+002         4.9451852685E+002         1.8830768914E+000         2.3050581241E+000         
2019-11-13                19:13:21.506              316.46761003              7595.222641               317.46761003              1573672401.507            0                         963                       1.0000000000E+000         1.6000000000E+001         0.0000000000E+000         4.6152755774E+001         4.7283161008E+001         4.8000447856E+002         4.9447633809E+002         1.8830768914E+000         2.3050581241E+000         
2019-11-13                19:14:12.588              316.46820125              7595.236830               317.46820125              1573672452.588            0                         963                       1.0000000000E+000         1.6000000000E+001         0.0000000000E+000         4.6152755774E+001         4.7283161008E+001         4.7997129899E+002         4.9438182992E+002         1.8830768914E+000         2.3050581241E+000         
2019-11-13                19:15:03.778              316.46879373              7595.251049               317.46879373              1573672503.778            0                         963                       1.0000000000E+000         1.6000000000E+001         0.0000000000E+000         4.6152755774E+001         4.7283161008E+001         4.8004584177E+002         4.9434765653E+002         1.8830768914E+000         2.3050581241E+000         
2019-11-13                19:15:55.963              316.46939773              7595.265546               317.46939773              1573672555.964            0                         963                       1.0000000000E+000         8.8770949721E+000         0.0000000000E+000         4.6152755774E+001         4.7283161008E+001         4.8007087920E+002         4.9442443206E+002         1.8830768914E+000         2.3050581241E+000         
2019-11-13                19:16:47.095              316.46998953              7595.279749               317.46998953              1573672607.095            0                         963                       1.0000000000E+000         1.0000000000E+000         0.0000000000E+000         4.6152755774E+001         4.7283161008E+001         5.9032278638E+002         4.9445021942E+002         1.8830768914E+000         2.3050581241E+000         
2019-11-13                19:17:38.194              316.47058095              7595.293943               317.47058095              1573672658.194            0                         963                       1.0000000000E+000         1.0000000000E+000         0.0000000000E+000         4.6152755774E+001         4.7283161008E+001         6.2665695602E+002         6.0800445080E+002         1.8830768914E+000         2.3050581241E+000         
2019-11-13                19:18:28.305              316.47116095              7595.307863               317.47116095              1573672708.306            0                         963                       1.0000000000E+000         2.0000000000E+000         0.0000000000E+000         4.6152755774E+001         4.7283161008E+001         5.3964485076E+002         6.4542692097E+002         1.8830768914E+000         2.3050581241E+000         
2019-11-13                19:19:20.440              316.47176435              7595.322344               317.47176435              1573672760.440            0                         963                       1.0000000000E+000         2.0000000000E+000         0.0000000000E+000         4.6152755774E+001         4.7283161008E+001         6.8069332486E+002         5.5580858250E+002         1.8830768914E+000         2.3050581241E+000         
2019-11-13                19:20:10.510              316.47234388              7595.336253               317.47234388              1573672810.511            0                         963                       1.0000000000E+000         2.0000000000E+000         0.0000000000E+000         4.6152755774E+001         4.7283161008E+001         7.4892972503E+002         7.0108181608E+002         1.8830768914E+000         2.3050581241E+000         
2019-11-13                19:21:01.654              316.47293582              7595.350460               317.47293582              1573672861.655            0                         963                       1.0000000000E+000         3.0000000000E+000         0.0000000000E+000         4.6152755774E+001         4.7283161008E+001         1.0327688156E+003         7.7136206947E+002         1.8830768914E+000         2.3050581241E+000         
2019-11-13                19:21:52.822              316.47352803              7595.364673               317.47352803              1573672912.822            0                         963                       1.0000000000E+000         3.0000000000E+000         0.0000000000E+000         4.6152755774E+001         4.7283161008E+001         1.0193473024E+003         1.0637028606E+003         1.8830768914E+000         2.3050581241E+000         
2019-11-13                19:22:43.983              316.47412019              7595.378884               317.47412019              1573672963.984            0                         963                       1.0000000000E+000         3.0000000000E+000         0.0000000000E+000         4.6152755774E+001         4.7283161008E+001         6.1952144949E+002         1.0498793390E+003         1.8830768914E+000         2.3050581241E+000         
2019-11-13                19:23:35.176              316.47471269              7595.393104               317.47471269              1573673015.176            0                         963                       1.0000000000E+000         4.0000000000E+000         0.0000000000E+000         4.6152755774E+001         4.7283161008E+001         1.3573570467E+003         6.3807768792E+002         1.8830768914E+000         2.3050581241E+000         
2019-11-13                19:24:26.319              316.47530463              7595.407311               317.47530463              1573673066.320            0                         963                       1.0000000000E+000         4.0000000000E+000         0.0000000000E+000         4.6152755774E+001         4.7283161008E+001         1.4237921210E+003         1.3980133323E+003         1.8830768914E+000         2.3050581241E+000         
2019-11-13                19:25:18.489              316.47590844              7595.421803               317.47590844              1573673118.489            0                         963                       1.0000000000E+000         4.0000000000E+000         0.0000000000E+000         4.6152755774E+001         4.7283161008E+001         6.8091088377E+002         1.4664383055E+003         1.8830768914E+000         2.3050581241E+000         
2019-11-13                19:26:10.671              316.47651240              7595.436298               317.47651240              1573673170.671            0                         963                       1.0000000000E+000         5.0000000000E+000         0.0000000000E+000         4.6152755774E+001         4.7283161008E+001         1.1325793998E+003         7.0130589143E+002         1.8830768914E+000         2.3050581241E+000         
2019-11-13                19:26:59.940              316.47708264              7595.449983               317.47708264              1573673219.940            0                         963                       1.0000000000E+000         5.0000000000E+000         0.0000000000E+000         4.6152755774E+001         4.7283161008E+001         1.2190864629E+003         1.1665030249E+003         1.8830768914E+000         2.3050581241E+000         
2019-11-13                19:27:51.042              316.47767411              7595.464179               317.47767411              1573673271.043            0                         963                       1.0000000000E+000         5.0000000000E+000         0.0000000000E+000         4.6152755774E+001         4.7283161008E+001         7.1173767627E+002         1.2556011939E+003         1.8830768914E+000         2.3050581241E+000         
2019-11-13                19:28:42.197              316.47826617              7595.478388               317.47826617              1573673322.197            0                         963                       1.0000000000E+000         6.0000000000E+000         0.0000000000E+000         4.6152755774E+001         4.7283161008E+001         8.7063035259E+002         7.3305602454E+002         1.8830768914E+000         2.3050581241E+000         
2019-11-13                19:29:33.364              316.47885838              7595.492601               317.47885838              1573673373.364            0                         963                       1.0000000000E+000         6.0000000000E+000         0.0000000000E+000         4.6152755774E+001         4.7283161008E+001         8.5275097387E+002         8.9670793944E+002         1.8830768914E+000         2.3050581241E+000         
2019-11-13                19:30:25.493              316.47946172              7595.507081               317.47946172              1573673425.493            0                         963                       1.0000000000E+000         1.6000000000E+001         0.0000000000E+000         4.6152755774E+001         4.7283161008E+001         5.6736739649E+002         8.7829302800E+002         1.8830768914E+000         2.3050581241E+000         
2019-11-13                19:31:14.706              316.48003132              7595.520752               317.48003132              1573673474.706            0                         963                       1.0000000000E+000         7.0000000000E+000         0.0000000000E+000         4.6152755774E+001         4.7283161008E+001         5.1202443000E+002         5.8436148878E+002         1.8830768914E+000         2.3050581241E+000         
2019-11-13                19:32:06.910              316.48063553              7595.535253               317.48063553              1573673526.910            0                         963                       1.0000000000E+000         7.0000000000E+000         0.0000000000E+000         4.6152755774E+001         4.7283161008E+001         4.7785403996E+002         5.2736086010E+002         1.8830768914E+000         2.3050581241E+000         
2019-11-13                19:32:59.098              316.48123956              7595.549749               317.48123956              1573673579.098            0                         963                       1.0000000000E+000         1.6000000000E+001         0.0000000000E+000         4.6152755774E+001         4.7283161008E+001         4.8498197368E+002         4.9216698023E+002         1.8830768914E+000         2.3050581241E+000         
2019-11-13                19:33:51.286              316.48184359              7595.564246               317.48184359              1573673631.286            0                         963                       1.0000000000E+000         8.0000000000E+000         0.0000000000E+000         4.6152755774E+001         4.7283161008E+001         4.8512879528E+002         4.9950841364E+002         1.8830768914E+000         2.3050581241E+000         
2019-11-13                19:34:42.427              316.48243550              7595.578452               317.48243550              1573673682.427            0                         963                       1.0000000000E+000         8.0000000000E+000         0.0000000000E+000         4.6152755774E+001         4.7283161008E+001         4.7812094589E+002         4.9965963292E+002         1.8830768914E+000         2.3050581241E+000         
2019-11-13                19:35:33.618              316.48302800              7595.592672               317.48302800              1573673733.619            0                         963                       1.0000000000E+000         1.6000000000E+001         0.0000000000E+000         4.6152755774E+001         4.7283161008E+001         4.7882054646E+002         4.9244188067E+002         1.8830768914E+000         2.3050581241E+000         
2019-11-13                19:36:24.796              316.48362032              7595.606888               317.48362032              1573673784.796            0                         963                       1.0000000000E+000         9.0000000000E+000         0.0000000000E+000         4.6152755774E+001         4.7283161008E+001         4.7878175194E+002         4.9316243605E+002         1.8830768914E+000         2.3050581241E+000         
2019-11-13                19:37:15.901              316.48421182              7595.621084               317.48421182              1573673835.901            0                         963                       1.0000000000E+000         9.0000000000E+000         0.0000000000E+000         4.6152755774E+001         4.7283161008E+001         4.7819470941E+002         4.9312247953E+002         1.8830768914E+000         2.3050581241E+000         
2019-11-13                19:38:07.040              316.48480372              7595.635289               317.48480372              1573673887.041            0                         963                       1.0000000000E+000         1.6000000000E+001         0.0000000000E+000         4.6152755774E+001         4.7283161008E+001         4.7831999166E+002         4.9251785359E+002         1.8830768914E+000         2.3050581241E+000         
2019-11-13                19:38:58.221              316.48539609              7595.649506               317.48539609              1573673938.222            0                         963                       1.0000000000E+000         1.0000000000E+001         0.0000000000E+000         4.6152755774E+001         4.7283161008E+001         4.7841025004E+002         4.9264688836E+002         1.8830768914E+000         2.3050581241E+000         
2019-11-13                19:39:49.395              316.48598838              7595.663721               317.48598838              1573673989.396            0                         963                       1.0000000000E+000         1.0000000000E+001         0.0000000000E+000         4.6152755774E+001         4.7283161008E+001         4.7860064964E+002         4.9273985021E+002         1.8830768914E+000         2.3050581241E+000         
2019-11-13                19:40:40.496              316.48657981              7595.677916               317.48657981              1573674040.496            0                         963                       1.0000000000E+000         1.6000000000E+001         0.0000000000E+000         4.6152755774E+001         4.7283161008E+001         4.7874991338E+002         4.9293595276E+002         1.8830768914E+000         2.3050581241E+000         
2019-11-13                19:41:30.742              316.48716137              7595.691873               317.48716137              1573674090.742            0                         963                       1.0000000000E+000         1.1000000000E+001         0.0000000000E+000         4.6152755774E+001         4.7283161008E+001         4.7887260627E+002         4.9308968733E+002         1.8830768914E+000         2.3050581241E+000         
2019-11-13                19:42:21.934              316.48775387              7595.706093               317.48775387              1573674141.934            0                         963                       1.0000000000E+000         1.1000000000E+001         0.0000000000E+000         4.6152755774E+001         4.7283161008E+001         4.7888406851E+002         4.9321605519E+002         1.8830768914E+000         2.3050581241E+000         
2019-11-13                19:43:13.118              316.48834628              7595.720311               317.48834628              1573674193.119            0                         963                       1.0000000000E+000         1.6000000000E+001         0.0000000000E+000         4.6152755774E+001         4.7283161008E+001         4.7875202685E+002         4.9322786074E+002         1.8830768914E+000         2.3050581241E+000         
2019-11-13                19:44:04.243              316.48893801              7595.734512               317.48893801              1573674244.244            0                         963                       1.0000000000E+000         1.2000000000E+001         0.0000000000E+000         4.6152755774E+001         4.7283161008E+001         4.7880974150E+002         4.9309186410E+002         1.8830768914E+000         2.3050581241E+000         
2019-11-13                19:44:54.344              316.48951787              7595.748429               317.48951787              1573674294.344            0                         963                       1.0000000000E+000         1.2000000000E+001         0.0000000000E+000         4.6152755774E+001         4.7283161008E+001         4.7888104499E+002         4.9315130745E+002         1.8830768914E+000         2.3050581241E+000         
