DATE                      TIME                      FRAC_DAYS_SINCE_JAN1      FRAC_HRS_SINCE_JAN1       JULIAN_DAYS               EPOCH_TIME                ALARM_STATUS              INST_STATUS               species                   MPVPosition               solenoid_valves           CH4                       CH4_dry                   CO2                       CO2_dry                   H2O                       h2o_reported              
2019-11-01                12:24:34.773              304.18373581              7300.409659               305.18373581              1572611074.774            0                         963                       1.0000000000E+000         1.6000000000E+001         0.0000000000E+000         3.5715230791E+001         3.5878249432E+001         4.4565582484E+002         4.4815629274E+002         3.5734278887E-001         4.5759214820E-001         
2019-11-01                12:25:25.867              304.18432716              7300.423852               305.18432716              1572611125.867            0                         963                       1.0000000000E+000         1.6000000000E+001         0.0000000000E+000         3.5715230791E+001         3.5878249432E+001         4.4565545770E+002         4.4814171030E+002         3.5734278887E-001         4.5759214820E-001         
2019-11-01                12:26:15.937              304.18490668              7300.437760               305.18490668              1572611175.937            0                         963                       1.0000000000E+000         1.6000000000E+001         0.0000000000E+000         3.5715230791E+001         3.5878249432E+001         4.4565770046E+002         4.4814134111E+002         3.5734278887E-001         4.5759214820E-001         
2019-11-01                12:27:08.108              304.18551051              7300.452252               305.18551051              1572611228.108            0                         963                       1.0000000000E+000         1.6000000000E+001         0.0000000000E+000         3.5715230791E+001         3.5878249432E+001         4.4564258182E+002         4.4814359638E+002         3.5734278887E-001         4.5759214820E-001         
2019-11-01                12:28:00.256              304.18611407              7300.466738               305.18611407              1572611280.256            0                         963                       1.0000000000E+000         1.6000000000E+001         0.0000000000E+000         3.5715230791E+001         3.5878249432E+001         4.4564892477E+002         4.4812839341E+002         3.5734278887E-001         4.5759214820E-001         
2019-11-01                12:28:50.309              304.18669339              7300.480641               305.18669339              1572611330.309            0                         963                       1.0000000000E+000         1.6000000000E+001         0.0000000000E+000         3.5715230791E+001         3.5878249432E+001         4.4568002609E+002         4.4813477174E+002         3.5734278887E-001         4.5759214820E-001         
2019-11-01                12:29:42.437              304.18729672              7300.495121               305.18729672              1572611382.437            0                         963                       1.0000000000E+000         1.0000000000E+000         0.0000000000E+000         3.5715230791E+001         3.5878249432E+001         4.4556825827E+002         4.4816604654E+002         3.5734278887E-001         4.5759214820E-001         
2019-11-01                12:30:33.604              304.18788894              7300.509334               305.18788894              1572611433.604            0                         963                       1.0000000000E+000         1.0000000000E+000         0.0000000000E+000         3.5715230791E+001         3.5878249432E+001         4.4552859541E+002         4.4805365527E+002         3.5734278887E-001         4.5759214820E-001         
2019-11-01                12:31:24.755              304.18848096              7300.523543               305.18848096              1572611484.755            0                         963                       1.0000000000E+000         1.0000000000E+000         0.0000000000E+000         3.5715230791E+001         3.5878249432E+001         4.4559956575E+002         4.4801377118E+002         3.5734278887E-001         4.5759214820E-001         
2019-11-01                12:32:16.864              304.18908407              7300.538018               305.18908407              1572611536.864            0                         963                       1.0000000000E+000         2.0000000000E+000         0.0000000000E+000         3.5715230791E+001         3.5878249432E+001         4.4563665460E+002         4.4808513739E+002         3.5734278887E-001         4.5759214820E-001         
2019-11-01                12:33:06.933              304.18966358              7300.551926               305.18966358              1572611586.933            0                         963                       1.0000000000E+000         2.0000000000E+000         0.0000000000E+000         3.5715230791E+001         3.5878249432E+001         4.4568606492E+002         4.4812243312E+002         3.5734278887E-001         4.5759214820E-001         
2019-11-01                12:33:59.140              304.19026782              7300.566428               305.19026782              1572611639.140            0                         963                       1.0000000000E+000         2.0000000000E+000         0.0000000000E+000         3.5715230791E+001         3.5878249432E+001         4.4568478668E+002         4.4817211906E+002         3.5734278887E-001         4.5759214820E-001         
2019-11-01                12:34:51.289              304.19087141              7300.580914               305.19087141              1572611691.290            0                         963                       1.0000000000E+000         3.0000000000E+000         0.0000000000E+000         3.5715230791E+001         3.5878249432E+001         4.4561837802E+002         4.4817083368E+002         3.5734278887E-001         4.5759214820E-001         
2019-11-01                12:35:41.539              304.19145300              7300.594872               305.19145300              1572611741.539            0                         963                       1.0000000000E+000         3.0000000000E+000         0.0000000000E+000         3.5715230791E+001         3.5878249432E+001         4.4560495411E+002         4.4810405460E+002         3.5734278887E-001         4.5759214820E-001         
2019-11-01                12:36:33.663              304.19205628              7300.609351               305.19205628              1572611793.663            0                         963                       1.0000000000E+000         1.6000000000E+001         0.0000000000E+000         3.5715230791E+001         3.5878249432E+001         4.4573457395E+002         4.4809055580E+002         3.5734278887E-001         4.5759214820E-001         
2019-11-01                12:37:24.836              304.19264858              7300.623566               305.19264858              1572611844.837            0                         963                       1.0000000000E+000         4.0000000000E+000         0.0000000000E+000         3.5715230791E+001         3.5878249432E+001         4.4575844493E+002         4.4822089868E+002         3.5734278887E-001         4.5759214820E-001         
2019-11-01                12:38:16.006              304.19324081              7300.637779               305.19324081              1572611896.006            0                         963                       1.0000000000E+000         4.0000000000E+000         0.0000000000E+000         3.5715230791E+001         3.5878249432E+001         4.4573364365E+002         4.4824490280E+002         3.5734278887E-001         4.5759214820E-001         
2019-11-01                12:39:07.102              304.19383221              7300.651973               305.19383221              1572611947.103            0                         963                       1.0000000000E+000         1.6000000000E+001         0.0000000000E+000         3.5715230791E+001         3.5878249432E+001         4.4572031836E+002         4.4821996318E+002         3.5734278887E-001         4.5759214820E-001         
2019-11-01                12:39:56.345              304.19440214              7300.665651               305.19440214              1572611996.345            0                         963                       1.0000000000E+000         5.0000000000E+000         0.0000000000E+000         3.5715230791E+001         3.5878249432E+001         4.4565552656E+002         4.4820656356E+002         3.5734278887E-001         4.5759214820E-001         
2019-11-01                12:40:48.562              304.19500652              7300.680156               305.19500652              1572612048.563            0                         963                       1.0000000000E+000         5.0000000000E+000         0.0000000000E+000         3.5715230791E+001         3.5878249432E+001         4.4564557677E+002         4.4814141035E+002         3.5734278887E-001         4.5759214820E-001         
2019-11-01                12:41:39.782              304.19559933              7300.694384               305.19559933              1572612099.782            0                         963                       1.0000000000E+000         1.6000000000E+001         0.0000000000E+000         3.5715230791E+001         3.5878249432E+001         4.4569283879E+002         4.4813140506E+002         3.5734278887E-001         4.5759214820E-001         
2019-11-01                12:42:30.888              304.19619083              7300.708580               305.19619083              1572612150.888            0                         963                       1.0000000000E+000         6.0000000000E+000         0.0000000000E+000         3.5715230791E+001         3.5878249432E+001         4.4567733348E+002         4.4817893071E+002         3.5734278887E-001         4.5759214820E-001         
2019-11-01                12:43:20.144              304.19676094              7300.722262               305.19676094              1572612200.145            0                         963                       1.0000000000E+000         6.0000000000E+000         0.0000000000E+000         3.5715230791E+001         3.5878249432E+001         4.4563176198E+002         4.4816333891E+002         3.5734278887E-001         4.5759214820E-001         
2019-11-01                12:44:12.328              304.19736491              7300.736758               305.19736491              1572612252.328            0                         963                       1.0000000000E+000         1.6000000000E+001         0.0000000000E+000         3.5715230791E+001         3.5878249432E+001         4.4566970173E+002         4.4811751321E+002         3.5734278887E-001         4.5759214820E-001         
2019-11-01                12:45:04.494              304.19796869              7300.751249               305.19796869              1572612304.495            0                         963                       1.0000000000E+000         7.0000000000E+000         0.0000000000E+000         3.5715230791E+001         3.5878249432E+001         4.4568064484E+002         4.4815566459E+002         3.5734278887E-001         4.5759214820E-001         
2019-11-01                12:45:35.020              304.19832200              7300.759728               305.19832200              1572612335.021            0                         963                       2.0000000000E+000         7.0000000000E+000         0.0000000000E+000         5.3569944471E+001         3.5878249432E+001         4.4568064484E+002         4.4816666874E+002         3.5734278887E-001         4.5759214820E-001         
2019-11-01                12:45:54.753              304.19855038              7300.765209               305.19855038              1572612354.753            0                         963                       1.0000000000E+000         7.0000000000E+000         0.0000000000E+000         5.3569944471E+001         3.5878249432E+001         4.4564269770E+002         4.4816666874E+002         3.5734278887E-001         4.5759214820E-001         
2019-11-01                12:46:46.937              304.19915436              7300.779705               305.19915436              1572612406.937            0                         963                       1.0000000000E+000         1.6000000000E+001         0.0000000000E+000         5.3569944471E+001         5.3814459188E+001         4.4564719309E+002         4.4812850993E+002         3.5734278887E-001         4.5759214820E-001         
2019-11-01                12:47:39.138              304.19975855              7300.794205               305.19975855              1572612459.139            0                         963                       1.0000000000E+000         8.0000000000E+000         0.0000000000E+000         5.3569944471E+001         5.3814459188E+001         4.4557591508E+002         4.4813303040E+002         3.5734278887E-001         4.5759214820E-001         
2019-11-01                12:48:31.336              304.20036270              7300.808705               305.20036270              1572612511.337            0                         963                       1.0000000000E+000         8.0000000000E+000         0.0000000000E+000         5.3569944471E+001         5.3814459188E+001         4.4551583364E+002         4.4806135480E+002         3.5734278887E-001         4.5759214820E-001         
2019-11-01                12:49:22.444              304.20095421              7300.822901               305.20095421              1572612562.444            0                         963                       1.0000000000E+000         1.6000000000E+001         0.0000000000E+000         5.3569944471E+001         5.3814459188E+001         4.4555052870E+002         4.4800093821E+002         3.5734278887E-001         4.5759214820E-001         
2019-11-01                12:50:12.536              304.20153398              7300.836816               305.20153398              1572612612.536            0                         963                       1.0000000000E+000         9.0000000000E+000         0.0000000000E+000         5.3569944471E+001         5.3814459188E+001         4.4552961254E+002         4.4803582681E+002         3.5734278887E-001         4.5759214820E-001         
2019-11-01                12:51:04.756              304.20213839              7300.851321               305.20213839              1572612664.757            0                         963                       1.0000000000E+000         9.0000000000E+000         0.0000000000E+000         5.3569944471E+001         5.3814459188E+001         4.4550205172E+002         4.4801479398E+002         3.5734278887E-001         4.5759214820E-001         
2019-11-01                12:51:56.960              304.20274259              7300.865822               305.20274259              1572612716.960            0                         963                       1.0000000000E+000         1.6000000000E+001         0.0000000000E+000         5.3569944471E+001         5.3814459188E+001         4.4551295997E+002         4.4798707942E+002         3.5734278887E-001         4.5759214820E-001         
2019-11-01                12:52:49.032              304.20334528              7300.880287               305.20334528              1572612769.032            0                         963                       1.0000000000E+000         1.0000000000E+001         0.0000000000E+000         5.3569944471E+001         5.3814459188E+001         4.4550358328E+002         4.4799804852E+002         3.5734278887E-001         4.5759214820E-001         
2019-11-01                12:53:40.111              304.20393647              7300.894475               305.20393647              1572612820.111            0                         963                       1.0000000000E+000         1.0000000000E+001         0.0000000000E+000         5.3569944471E+001         5.3814459188E+001         4.4549529595E+002         4.4798861953E+002         3.5734278887E-001         4.5759214820E-001         
2019-11-01                12:54:32.299              304.20454050              7300.908972               305.20454050              1572612872.299            0                         963                       1.0000000000E+000         1.1000000000E+001         0.0000000000E+000         5.3569944471E+001         5.3814459188E+001         4.4516048197E+002         4.4798028597E+002         3.5734278887E-001         4.5759214820E-001         
2019-11-01                12:55:24.510              304.20514480              7300.923475               305.20514480              1572612924.511            0                         963                       1.0000000000E+000         1.1000000000E+001         0.0000000000E+000         5.3569944471E+001         5.3814459188E+001         4.4516550632E+002         4.4764360438E+002         3.5734278887E-001         4.5759214820E-001         
2019-11-01                12:56:15.602              304.20573615              7300.937667               305.20573615              1572612975.603            0                         963                       1.0000000000E+000         1.1000000000E+001         0.0000000000E+000         5.3569944471E+001         5.3814459188E+001         4.4549624464E+002         4.4764865676E+002         3.5734278887E-001         4.5759214820E-001         
2019-11-01                12:57:06.693              304.20632747              7300.951859               305.20632747              1572613026.693            0                         963                       1.0000000000E+000         1.2000000000E+001         0.0000000000E+000         5.3569944471E+001         5.3814459188E+001         4.4546513384E+002         4.4798123995E+002         3.5734278887E-001         4.5759214820E-001         
2019-11-01                12:57:57.858              304.20691966              7300.966072               305.20691966              1572613077.859            0                         963                       1.0000000000E+000         1.2000000000E+001         0.0000000000E+000         5.3569944471E+001         5.3814459188E+001         4.4542884694E+002         4.4794995561E+002         3.5734278887E-001         4.5759214820E-001         
2019-11-01                12:58:49.010              304.20751170              7300.980281               305.20751170              1572613129.011            0                         963                       1.0000000000E+000         1.2000000000E+001         0.0000000000E+000         5.3569944471E+001         5.3814459188E+001         4.4542973956E+002         4.4791346630E+002         3.5734278887E-001         4.5759214820E-001         
2019-11-01                12:59:39.082              304.20809124              7300.994190               305.20809124              1572613179.083            0                         963                       1.0000000000E+000         1.3000000000E+001         0.0000000000E+000         5.3569944471E+001         5.3814459188E+001         4.4542077866E+002         4.4791436390E+002         3.5734278887E-001         4.5759214820E-001         
2019-11-01                13:00:09.615              304.20844463              7301.002671               305.20844463              1572613209.616            0                         963                       2.0000000000E+000         1.3000000000E+001         0.0000000000E+000         5.0455970499E+001         5.3814459188E+001         4.4542077866E+002         4.4790535302E+002         3.5734278887E-001         4.5759214820E-001         
2019-11-01                13:00:29.361              304.20867317              7301.008156               305.20867317              1572613229.362            0                         963                       1.0000000000E+000         1.3000000000E+001         0.0000000000E+000         5.0455970499E+001         5.3814459188E+001         4.4533924726E+002         4.4790535302E+002         3.5734278887E-001         4.5759214820E-001         
2019-11-01                13:01:21.555              304.20927726              7301.022654               305.20927726              1572613281.555            0                         963                       1.0000000000E+000         1.3000000000E+001         0.0000000000E+000         5.0455970499E+001         5.0686271790E+001         4.4530453488E+002         4.4782336684E+002         3.5734278887E-001         4.5759214820E-001         
2019-11-01                13:02:13.752              304.20988139              7301.037153               305.20988139              1572613333.752            0                         963                       1.0000000000E+000         1.4000000000E+001         0.0000000000E+000         5.0455970499E+001         5.0686271790E+001         4.4526456547E+002         4.4778846083E+002         3.5734278887E-001         4.5759214820E-001         
2019-11-01                13:03:05.857              304.21048446              7301.051627               305.21048446              1572613385.857            0                         963                       1.0000000000E+000         1.4000000000E+001         0.0000000000E+000         5.0455970499E+001         5.0686271790E+001         4.4526907578E+002         4.4774826847E+002         3.5734278887E-001         4.5759214820E-001         
2019-11-01                13:03:55.915              304.21106384              7301.065532               305.21106384              1572613435.916            0                         963                       1.0000000000E+000         1.4000000000E+001         0.0000000000E+000         5.0455970499E+001         5.0686271790E+001         4.4525624383E+002         4.4775280394E+002         3.5734278887E-001         4.5759214820E-001         
2019-11-01                13:04:48.131              304.21166818              7301.080036               305.21166818              1572613488.131            0                         963                       1.0000000000E+000         1.5000000000E+001         0.0000000000E+000         5.0455970499E+001         5.0686271790E+001         4.4520092389E+002         4.4773990040E+002         3.5734278887E-001         4.5759214820E-001         
2019-11-01                13:05:40.348              304.21227255              7301.094541               305.21227255              1572613540.348            0                         963                       1.0000000000E+000         1.5000000000E+001         0.0000000000E+000         5.0455970499E+001         5.0686271790E+001         4.4513491362E+002         4.4768427189E+002         3.5734278887E-001         4.5759214820E-001         
2019-11-01                13:06:32.459              304.21287568              7301.109016               305.21287568              1572613592.459            0                         963                       1.0000000000E+000         1.6000000000E+001         0.0000000000E+000         5.0455970499E+001         5.0686271790E+001         4.4507378185E+002         4.4761789341E+002         3.5734278887E-001         4.5759214820E-001         
2019-11-01                13:07:22.523              304.21345513              7301.122923               305.21345513              1572613642.523            0                         963                       1.0000000000E+000         1.6000000000E+001         0.0000000000E+000         5.0455970499E+001         5.0686271790E+001         4.4502722155E+002         4.4755642064E+002         3.5734278887E-001         4.5759214820E-001         
2019-11-01                13:08:14.694              304.21405896              7301.137415               305.21405896              1572613694.694            0                         963                       1.0000000000E+000         1.6000000000E+001         0.0000000000E+000         5.0455970499E+001         5.0686271790E+001         4.4497244577E+002         4.4750960063E+002         3.5734278887E-001         4.5759214820E-001         
2019-11-01                13:09:06.867              304.21466281              7301.151908               305.21466281              1572613746.867            0                         963                       1.0000000000E+000         1.6000000000E+001         0.0000000000E+000         5.0455970499E+001         5.0686271790E+001         4.4492343930E+002         4.4745451931E+002         3.5734278887E-001         4.5759214820E-001         
2019-11-01                13:09:56.934              304.21524230              7301.165815               305.21524230              1572613796.935            0                         963                       1.0000000000E+000         1.6000000000E+001         0.0000000000E+000         5.0455970499E+001         5.0686271790E+001         4.4488612214E+002         4.4740523948E+002         3.5734278887E-001         4.5759214820E-001         
2019-11-01                13:10:49.058              304.21584558              7301.180294               305.21584558              1572613849.058            0                         963                       1.0000000000E+000         1.6000000000E+001         0.0000000000E+000         5.0455970499E+001         5.0686271790E+001         4.4482758237E+002         4.4736771417E+002         3.5734278887E-001         4.5759214820E-001         
2019-11-01                13:11:41.240              304.21644955              7301.194789               305.21644955              1572613901.241            0                         963                       1.0000000000E+000         1.6000000000E+001         0.0000000000E+000         5.0455970499E+001         5.0686271790E+001         4.4475812579E+002         4.4730884785E+002         3.5734278887E-001         4.5759214820E-001         
2019-11-01                13:12:33.403              304.21705328              7301.209279               305.21705328              1572613953.403            0                         963                       1.0000000000E+000         1.6000000000E+001         0.0000000000E+000         5.0455970499E+001         5.0686271790E+001         4.4469921128E+002         4.4723900385E+002         3.5734278887E-001         4.5759214820E-001         
2019-11-01                13:13:25.503              304.21765630              7301.223751               305.21765630              1572614005.504            0                         963                       1.0000000000E+000         1.6000000000E+001         0.0000000000E+000         5.0455970499E+001         5.0686271790E+001         4.4466020916E+002         4.4717976070E+002         3.5734278887E-001         4.5759214820E-001         
2019-11-01                13:14:16.605              304.21824774              7301.237946               305.21824774              1572614056.605            0                         963                       1.0000000000E+000         1.6000000000E+001         0.0000000000E+000         5.0455970499E+001         5.0686271790E+001         4.4462346796E+002         4.4714054104E+002         3.5734278887E-001         4.5759214820E-001         
2019-11-01                13:15:08.778              304.21885160              7301.252438               305.21885160              1572614108.778            0                         963                       1.0000000000E+000         1.6000000000E+001         0.0000000000E+000         5.0455970499E+001         5.0686271790E+001         4.4457599719E+002         4.4710359489E+002         3.5734278887E-001         4.5759214820E-001         
2019-11-01                13:16:00.921              304.21945510              7301.266923               305.21945510              1572614160.921            0                         963                       1.0000000000E+000         1.6000000000E+001         0.0000000000E+000         5.0455970499E+001         5.0686271790E+001         4.4453514306E+002         4.4705585933E+002         3.5734278887E-001         4.5759214820E-001         
2019-11-01                13:16:52.025              304.22004659              7301.281118               305.22004659              1572614212.025            0                         963                       1.0000000000E+000         1.6000000000E+001         0.0000000000E+000         5.0455970499E+001         5.0686271790E+001         4.4447531698E+002         4.4701477731E+002         3.5734278887E-001         4.5759214820E-001         
2019-11-01                13:17:43.108              304.22063784              7301.295308               305.22063784              1572614263.109            0                         963                       1.0000000000E+000         1.0000000000E+000         0.0000000000E+000         5.0455970499E+001         5.0686271790E+001         4.4438441409E+002         4.4695461752E+002         3.5734278887E-001         4.5759214820E-001         
2019-11-01                13:18:35.269              304.22124155              7301.309797               305.22124155              1572614315.270            0                         963                       1.0000000000E+000         1.0000000000E+000         0.0000000000E+000         5.0455970499E+001         5.0686271790E+001         4.4433940876E+002         4.4686320756E+002         3.5734278887E-001         4.5759214820E-001         
2019-11-01                13:19:27.453              304.22184553              7301.324293               305.22184553              1572614367.454            0                         963                       1.0000000000E+000         2.0000000000E+000         0.0000000000E+000         5.0455970499E+001         5.0686271790E+001         4.4430753464E+002         4.4681795120E+002         3.5734278887E-001         4.5759214820E-001         
2019-11-01                13:20:18.542              304.22243684              7301.338484               305.22243684              1572614418.543            0                         963                       1.0000000000E+000         2.0000000000E+000         0.0000000000E+000         5.0455970499E+001         5.0686271790E+001         4.4427659819E+002         4.4678589928E+002         3.5734278887E-001         4.5759214820E-001         
2019-11-01                13:21:10.661              304.22304006              7301.352961               305.22304006              1572614470.661            0                         963                       1.0000000000E+000         2.0000000000E+000         0.0000000000E+000         5.0455970499E+001         5.0686271790E+001         4.4422176596E+002         4.4675479026E+002         3.5734278887E-001         4.5759214820E-001         
2019-11-01                13:22:02.881              304.22364446              7301.367467               305.22364446              1572614522.881            0                         963                       1.0000000000E+000         3.0000000000E+000         0.0000000000E+000         5.0455970499E+001         5.0686271790E+001         4.4430729004E+002         4.4669965218E+002         3.5734278887E-001         4.5759214820E-001         
2019-11-01                13:22:54.036              304.22423654              7301.381677               305.22423654              1572614574.037            0                         963                       1.0000000000E+000         3.0000000000E+000         0.0000000000E+000         5.0455970499E+001         5.0686271790E+001         4.4422072778E+002         4.4678565331E+002         3.5734278887E-001         4.5759214820E-001         
2019-11-01                13:23:45.122              304.22482781              7301.395867               305.22482781              1572614625.123            0                         963                       1.0000000000E+000         3.0000000000E+000         0.0000000000E+000         5.0455970499E+001         5.0686271790E+001         4.4396044616E+002         4.4669860821E+002         3.5734278887E-001         4.5759214820E-001         
2019-11-01                13:24:37.247              304.22543111              7301.410347               305.22543111              1572614677.248            0                         963                       1.0000000000E+000         4.0000000000E+000         0.0000000000E+000         5.0455970499E+001         5.0686271790E+001         4.4392728462E+002         4.4643687472E+002         3.5734278887E-001         4.5759214820E-001         
2019-11-01                13:25:29.407              304.22603481              7301.424836               305.22603481              1572614729.408            0                         963                       1.0000000000E+000         4.0000000000E+000         0.0000000000E+000         5.0455970499E+001         5.0686271790E+001         4.4388118599E+002         4.4640352821E+002         3.5734278887E-001         4.5759214820E-001         
