DATE                      TIME                      FRAC_DAYS_SINCE_JAN1      FRAC_HRS_SINCE_JAN1       JULIAN_DAYS               EPOCH_TIME                ALARM_STATUS              INST_STATUS               species                   MPVPosition               solenoid_valves           CH4                       CH4_dry                   CO2                       CO2_dry                   H2O                       h2o_reported              
2019-10-02                12:37:50.438              274.19294490              6580.630677               275.19294490              1570019870.439            0                         963                       1.0000000000E+000         1.6000000000E+001         0.0000000000E+000         5.0638065153E+001         5.1062040803E+001         4.5123325529E+002         4.5581165044E+002         6.5321989966E-001         8.2879549172E-001         
2019-10-02                12:38:40.509              274.19352441              6580.644586               275.19352441              1570019920.509            0                         963                       1.0000000000E+000         1.6000000000E+001         0.0000000000E+000         5.0638065153E+001         5.1062040803E+001         4.5119450651E+002         4.5585066858E+002         6.5321989966E-001         8.2879549172E-001         
2019-10-02                12:39:31.678              274.19411666              6580.658800               275.19411666              1570019971.679            0                         963                       1.0000000000E+000         1.6000000000E+001         0.0000000000E+000         5.0638065153E+001         5.1062040803E+001         4.5111751469E+002         4.5581152329E+002         6.5321989966E-001         8.2879549172E-001         
2019-10-02                12:40:22.842              274.19470883              6580.673012               275.19470883              1570020022.843            0                         963                       1.0000000000E+000         1.6000000000E+001         0.0000000000E+000         5.0638065153E+001         5.1062040803E+001         4.5103523256E+002         4.5573374363E+002         6.5321989966E-001         8.2879549172E-001         
2019-10-02                12:41:12.905              274.19528826              6580.686918               275.19528826              1570020072.906            0                         963                       1.0000000000E+000         1.6000000000E+001         0.0000000000E+000         5.0638065153E+001         5.1062040803E+001         4.5096942313E+002         4.5565061952E+002         6.5321989966E-001         8.2879549172E-001         
2019-10-02                12:42:02.165              274.19585840              6580.700602               275.19585840              1570020122.166            0                         963                       1.0000000000E+000         1.6000000000E+001         0.0000000000E+000         5.0638065153E+001         5.1062040803E+001         4.5102416778E+002         4.5558413667E+002         6.5321989966E-001         8.2879549172E-001         
2019-10-02                12:42:53.357              274.19645089              6580.714821               275.19645089              1570020173.357            0                         963                       1.0000000000E+000         1.6000000000E+001         0.0000000000E+000         5.0638065153E+001         5.1062040803E+001         4.5129893707E+002         4.5563944151E+002         6.5321989966E-001         8.2879549172E-001         
2019-10-02                12:43:44.539              274.19704329              6580.729039               275.19704329              1570020224.540            0                         963                       1.0000000000E+000         1.6000000000E+001         0.0000000000E+000         5.0638065153E+001         5.1062040803E+001         4.5158718283E+002         4.5591702248E+002         6.5321989966E-001         8.2879549172E-001         
2019-10-02                12:44:34.615              274.19762287              6580.742949               275.19762287              1570020274.616            0                         963                       1.0000000000E+000         1.6000000000E+001         0.0000000000E+000         5.0638065153E+001         5.1062040803E+001         4.5172287097E+002         4.5620821782E+002         6.5321989966E-001         8.2879549172E-001         
2019-10-02                12:45:24.687              274.19820241              6580.756858               275.19820241              1570020324.688            0                         963                       1.0000000000E+000         1.6000000000E+001         0.0000000000E+000         5.0638065153E+001         5.1062040803E+001         4.5180021462E+002         4.5634529445E+002         6.5321989966E-001         8.2879549172E-001         
2019-10-02                12:45:28.296              274.19824417              6580.757860               275.19824417              1570020328.296            0                         963                       3.0000000000E+000         1.6000000000E+001         0.0000000000E+000         5.0638065153E+001         5.1061718378E+001         4.5180021462E+002         4.5641991294E+002         6.5223395838E-001         8.2756963500E-001         
2019-10-02                12:46:02.246              274.19863712              6580.767291               275.19863712              1570020362.247            0                         963                       1.0000000000E+000         1.6000000000E+001         0.0000000000E+000         5.0638065153E+001         5.1061718378E+001         4.5179578646E+002         4.5641991294E+002         6.5223395838E-001         8.2756963500E-001         
2019-10-02                12:46:53.413              274.19922932              6580.781504               275.19922932              1570020413.413            0                         963                       1.0000000000E+000         1.6000000000E+001         0.0000000000E+000         5.0638065153E+001         5.1061395966E+001         4.5173831686E+002         4.5641192307E+002         6.5223395838E-001         8.2756963500E-001         
2019-10-02                12:47:43.486              274.19980887              6580.795413               275.19980887              1570020463.486            0                         963                       1.0000000000E+000         1.6000000000E+001         0.0000000000E+000         5.0638065153E+001         5.1061395966E+001         4.5170030991E+002         4.5635386629E+002         6.5223395838E-001         8.2756963500E-001         
2019-10-02                12:48:32.709              274.20037858              6580.809086               275.20037858              1570020512.709            0                         963                       1.0000000000E+000         1.6000000000E+001         0.0000000000E+000         5.0638065153E+001         5.1061395966E+001         4.5165697855E+002         4.5631547102E+002         6.5223395838E-001         8.2756963500E-001         
2019-10-02                12:49:23.868              274.20097069              6580.823297               275.20097069              1570020563.868            0                         963                       1.0000000000E+000         1.6000000000E+001         0.0000000000E+000         5.0638065153E+001         5.1061395966E+001         4.5160614448E+002         4.5627169692E+002         6.5223395838E-001         8.2756963500E-001         
2019-10-02                12:50:14.085              274.20155191              6580.837246               275.20155191              1570020614.085            0                         963                       1.0000000000E+000         1.6000000000E+001         0.0000000000E+000         5.0638065153E+001         5.1061395966E+001         4.5154348264E+002         4.5622034347E+002         6.5223395838E-001         8.2756963500E-001         
2019-10-02                12:50:42.641              274.20188242              6580.845178               275.20188242              1570020642.641            0                         963                       2.0000000000E+000         1.6000000000E+001         0.0000000000E+000         5.0476625328E+001         5.1061395966E+001         4.5154348264E+002         4.5615704139E+002         6.5223395838E-001         8.2756963500E-001         
2019-10-02                12:51:02.505              274.20211233              6580.850696               275.20211233              1570020662.505            0                         963                       1.0000000000E+000         1.6000000000E+001         0.0000000000E+000         5.0476625328E+001         5.1061395966E+001         4.5146046672E+002         4.5615704139E+002         6.5223395838E-001         8.2756963500E-001         
2019-10-02                12:51:50.740              274.20267061              6580.864095               275.20267061              1570020710.741            0                         963                       1.0000000000E+000         1.6000000000E+001         0.0000000000E+000         5.0476625328E+001         5.0898606515E+001         4.5134185356E+002         4.5607317727E+002         6.5223395838E-001         8.2756963500E-001         
2019-10-02                12:52:42.921              274.20327456              6580.878589               275.20327456              1570020762.922            0                         963                       1.0000000000E+000         1.6000000000E+001         0.0000000000E+000         5.0476625328E+001         5.0898606515E+001         4.5117141035E+002         4.5595335220E+002         6.5223395838E-001         8.2756963500E-001         
2019-10-02                12:53:34.109              274.20386701              6580.892808               275.20386701              1570020814.110            0                         963                       1.0000000000E+000         1.6000000000E+001         0.0000000000E+000         5.0476625328E+001         5.0898606515E+001         4.5097428814E+002         4.5578116752E+002         6.5223395838E-001         8.2756963500E-001         
2019-10-02                12:54:23.391              274.20443741              6580.906498               275.20443741              1570020863.392            0                         963                       1.0000000000E+000         1.6000000000E+001         0.0000000000E+000         5.0476625328E+001         5.0898606515E+001         4.5073670882E+002         4.5558203125E+002         6.5223395838E-001         8.2756963500E-001         
2019-10-02                12:55:13.456              274.20501685              6580.920404               275.20501685              1570020913.456            0                         963                       1.0000000000E+000         1.6000000000E+001         0.0000000000E+000         5.0476625328E+001         5.0898606515E+001         4.5049057242E+002         4.5534202451E+002         6.5223395838E-001         8.2756963500E-001         
2019-10-02                12:55:16.823              274.20505583              6580.921340               275.20505583              1570020916.824            0                         963                       3.0000000000E+000         1.6000000000E+001         0.0000000000E+000         5.0476625328E+001         5.0898708952E+001         4.5049057242E+002         4.5509449084E+002         6.5254821349E-001         8.2796036774E-001         
2019-10-02                12:55:50.805              274.20544913              6580.930779               275.20544913              1570020950.805            0                         963                       1.0000000000E+000         1.6000000000E+001         0.0000000000E+000         5.0476625328E+001         5.0898708952E+001         4.5027679194E+002         4.5509449084E+002         6.5254821349E-001         8.2796036774E-001         
2019-10-02                12:56:41.974              274.20604138              6580.944993               275.20604138              1570021001.975            0                         963                       1.0000000000E+000         1.6000000000E+001         0.0000000000E+000         5.0476625328E+001         5.0898811391E+001         4.5004828971E+002         4.5487964263E+002         6.5254821349E-001         8.2796036774E-001         
2019-10-02                12:57:32.036              274.20662080              6580.958899               275.20662080              1570021052.037            0                         963                       1.0000000000E+000         1.6000000000E+001         0.0000000000E+000         5.0476625328E+001         5.0898811391E+001         4.4979141519E+002         4.5464880460E+002         6.5254821349E-001         8.2796036774E-001         
2019-10-02                12:58:22.131              274.20720059              6580.972814               275.20720059              1570021102.131            0                         963                       1.0000000000E+000         1.6000000000E+001         0.0000000000E+000         5.0476625328E+001         5.0898811391E+001         4.4955831284E+002         4.5438930423E+002         6.5254821349E-001         8.2796036774E-001         
2019-10-02                12:59:14.315              274.20780457              6580.987310               275.20780457              1570021154.315            0                         963                       1.0000000000E+000         1.6000000000E+001         0.0000000000E+000         5.0476625328E+001         5.0898811391E+001         4.4930668124E+002         4.5415381905E+002         6.5254821349E-001         8.2796036774E-001         
2019-10-02                13:00:06.500              274.20840856              6581.001806               275.20840856              1570021206.500            0                         963                       1.0000000000E+000         1.6000000000E+001         0.0000000000E+000         5.0476625328E+001         5.0898811391E+001         4.4903799607E+002         4.5389961520E+002         6.5254821349E-001         8.2796036774E-001         
2019-10-02                13:00:55.714              274.20897818              6581.015476               275.20897818              1570021255.715            0                         963                       1.0000000000E+000         1.6000000000E+001         0.0000000000E+000         5.0476625328E+001         5.0898811391E+001         4.4881221936E+002         4.5362818346E+002         6.5254821349E-001         8.2796036774E-001         
2019-10-02                13:01:45.825              274.20955816              6581.029396               275.20955816              1570021305.825            0                         963                       1.0000000000E+000         1.6000000000E+001         0.0000000000E+000         5.0476625328E+001         5.0898811391E+001         4.4856325502E+002         4.5340009880E+002         6.5254821349E-001         8.2796036774E-001         
2019-10-02                13:02:36.984              274.21015029              6581.043607               275.21015029              1570021356.985            0                         963                       1.0000000000E+000         1.6000000000E+001         0.0000000000E+000         5.0476625328E+001         5.0898811391E+001         4.4831769050E+002         4.5314858948E+002         6.5254821349E-001         8.2796036774E-001         
2019-10-02                13:03:28.158              274.21074258              6581.057822               275.21074258              1570021408.159            0                         963                       1.0000000000E+000         1.6000000000E+001         0.0000000000E+000         5.0476625328E+001         5.0898811391E+001         4.4810041574E+002         4.5290051474E+002         6.5254821349E-001         8.2796036774E-001         
2019-10-02                13:04:18.250              274.21132235              6581.071736               275.21132235              1570021458.251            0                         963                       1.0000000000E+000         1.6000000000E+001         0.0000000000E+000         5.0476625328E+001         5.0898811391E+001         4.4787564371E+002         4.5268101893E+002         6.5254821349E-001         8.2796036774E-001         
2019-10-02                13:05:08.316              274.21190182              6581.085644               275.21190182              1570021508.317            0                         963                       1.0000000000E+000         1.6000000000E+001         0.0000000000E+000         5.0476625328E+001         5.0898811391E+001         4.4766867455E+002         4.5245394922E+002         6.5254821349E-001         8.2796036774E-001         
2019-10-02                13:05:59.474              274.21249392              6581.099854               275.21249392              1570021559.475            0                         963                       1.0000000000E+000         1.6000000000E+001         0.0000000000E+000         5.0476625328E+001         5.0898811391E+001         4.4749762318E+002         4.5224486436E+002         6.5254821349E-001         8.2796036774E-001         
2019-10-02                13:06:51.657              274.21309788              6581.114349               275.21309788              1570021611.657            0                         963                       1.0000000000E+000         1.6000000000E+001         0.0000000000E+000         5.0476625328E+001         5.0898811391E+001         4.4732435941E+002         4.5207206446E+002         6.5254821349E-001         8.2796036774E-001         
2019-10-02                13:07:41.727              274.21367741              6581.128258               275.21367741              1570021661.728            0                         963                       1.0000000000E+000         1.6000000000E+001         0.0000000000E+000         5.0476625328E+001         5.0898811391E+001         4.4714477289E+002         4.5189702954E+002         6.5254821349E-001         8.2796036774E-001         
2019-10-02                13:07:45.638              274.21372267              6581.129344               275.21372267              1570021665.639            0                         963                       3.0000000000E+000         1.6000000000E+001         0.0000000000E+000         5.0476625328E+001         5.0899074234E+001         4.4714477289E+002         4.5171845354E+002         6.5335455633E-001         8.2896290963E-001         
2019-10-02                13:08:17.680              274.21409352              6581.138244               275.21409352              1570021697.680            0                         963                       1.0000000000E+000         1.6000000000E+001         0.0000000000E+000         5.0476625328E+001         5.0899074234E+001         4.4699585625E+002         4.5171845354E+002         6.5335455633E-001         8.2896290963E-001         
2019-10-02                13:09:08.842              274.21468568              6581.152456               275.21468568              1570021748.843            0                         963                       1.0000000000E+000         1.6000000000E+001         0.0000000000E+000         5.0476625328E+001         5.0899337086E+001         4.4680505800E+002         4.5157085913E+002         6.5335455633E-001         8.2896290963E-001         
2019-10-02                13:10:00.009              274.21527788              6581.166669               275.21527788              1570021800.009            0                         963                       1.0000000000E+000         1.6000000000E+001         0.0000000000E+000         5.0476625328E+001         5.0899337086E+001         4.4658826318E+002         4.5137810805E+002         6.5335455633E-001         8.2896290963E-001         
2019-10-02                13:10:50.075              274.21585736              6581.180577               275.21585736              1570021850.076            0                         963                       1.0000000000E+000         1.6000000000E+001         0.0000000000E+000         5.0476625328E+001         5.0899337086E+001         4.4640426929E+002         4.5115909434E+002         6.5335455633E-001         8.2896290963E-001         
2019-10-02                13:11:40.151              274.21643693              6581.194486               275.21643693              1570021900.151            0                         963                       1.0000000000E+000         1.6000000000E+001         0.0000000000E+000         5.0476625328E+001         5.0899337086E+001         4.4622965579E+002         4.5097321728E+002         6.5335455633E-001         8.2896290963E-001         
2019-10-02                13:12:31.319              274.21702917              6581.208700               275.21702917              1570021951.320            0                         963                       1.0000000000E+000         1.6000000000E+001         0.0000000000E+000         5.0476625328E+001         5.0899337086E+001         4.4606837505E+002         4.5079681661E+002         6.5335455633E-001         8.2896290963E-001         
2019-10-02                13:13:22.532              274.21762191              6581.222926               275.21762191              1570022002.533            0                         963                       1.0000000000E+000         1.6000000000E+001         0.0000000000E+000         5.0476625328E+001         5.0899337086E+001         4.4588260732E+002         4.5063388515E+002         6.5335455633E-001         8.2896290963E-001         
2019-10-02                13:14:11.776              274.21819185              6581.236604               275.21819185              1570022051.776            0                         963                       1.0000000000E+000         1.6000000000E+001         0.0000000000E+000         5.0476625328E+001         5.0899337086E+001         4.4567076813E+002         4.5044621610E+002         6.5335455633E-001         8.2896290963E-001         
2019-10-02                13:15:02.903              274.21878360              6581.250806               275.21878360              1570022102.903            0                         963                       1.0000000000E+000         1.6000000000E+001         0.0000000000E+000         5.0476625328E+001         5.0899337086E+001         4.4548535466E+002         4.5023220873E+002         6.5335455633E-001         8.2896290963E-001         
2019-10-02                13:15:54.062              274.21937572              6581.265017               275.21937572              1570022154.062            0                         963                       1.0000000000E+000         1.6000000000E+001         0.0000000000E+000         5.0476625328E+001         5.0899337086E+001         4.4531249463E+002         4.5004489755E+002         6.5335455633E-001         8.2896290963E-001         
2019-10-02                13:16:45.233              274.21996797              6581.279231               275.21996797              1570022205.233            0                         963                       1.0000000000E+000         1.6000000000E+001         0.0000000000E+000         5.0476625328E+001         5.0899337086E+001         4.4509925644E+002         4.4987026830E+002         6.5335455633E-001         8.2896290963E-001         
2019-10-02                13:17:35.308              274.22054755              6581.293141               275.22054755              1570022255.308            0                         963                       1.0000000000E+000         1.6000000000E+001         0.0000000000E+000         5.0476625328E+001         5.0899337086E+001         4.4490629325E+002         4.4965484762E+002         6.5335455633E-001         8.2896290963E-001         
2019-10-02                13:18:24.548              274.22111745              6581.306819               275.22111745              1570022304.548            0                         963                       1.0000000000E+000         1.6000000000E+001         0.0000000000E+000         5.0476625328E+001         5.0899337086E+001         4.4475259122E+002         4.4945990945E+002         6.5335455633E-001         8.2896290963E-001         
2019-10-02                13:19:15.710              274.22170961              6581.321031               275.22170961              1570022355.710            0                         963                       1.0000000000E+000         1.6000000000E+001         0.0000000000E+000         5.0476625328E+001         5.0899337086E+001         4.4453851855E+002         4.4930463428E+002         6.5335455633E-001         8.2896290963E-001         
2019-10-02                13:20:07.923              274.22231392              6581.335534               275.22231392              1570022407.923            0                         963                       1.0000000000E+000         1.6000000000E+001         0.0000000000E+000         5.0476625328E+001         5.0899337086E+001         4.4431862915E+002         4.4908837058E+002         6.5335455633E-001         8.2896290963E-001         
2019-10-02                13:20:58.009              274.22289363              6581.349447               275.22289363              1570022458.010            0                         963                       1.0000000000E+000         1.6000000000E+001         0.0000000000E+000         5.0476625328E+001         5.0899337086E+001         4.4414890620E+002         4.4886623061E+002         6.5335455633E-001         8.2896290963E-001         
2019-10-02                13:21:48.082              274.22347318              6581.363356               275.22347318              1570022508.083            0                         963                       1.0000000000E+000         1.6000000000E+001         0.0000000000E+000         5.0476625328E+001         5.0899337086E+001         4.4397720597E+002         4.4869477054E+002         6.5335455633E-001         8.2896290963E-001         
2019-10-02                13:22:39.262              274.22406553              6581.377573               275.22406553              1570022559.262            0                         963                       1.0000000000E+000         1.6000000000E+001         0.0000000000E+000         5.0476625328E+001         5.0899337086E+001         4.4383832075E+002         4.4852131296E+002         6.5335455633E-001         8.2896290963E-001         
2019-10-02                13:23:30.417              274.22465760              6581.391783               275.22465760              1570022610.417            0                         963                       1.0000000000E+000         1.6000000000E+001         0.0000000000E+000         5.0476625328E+001         5.0899337086E+001         4.4373690580E+002         4.4838100625E+002         6.5335455633E-001         8.2896290963E-001         
2019-10-02                13:24:20.486              274.22523711              6581.405691               275.22523711              1570022660.486            0                         963                       1.0000000000E+000         1.6000000000E+001         0.0000000000E+000         5.0476625328E+001         5.0899337086E+001         4.4366564649E+002         4.4827855331E+002         6.5335455633E-001         8.2896290963E-001         
2019-10-02                13:25:09.724              274.22580700              6581.419368               275.22580700              1570022709.725            0                         963                       1.0000000000E+000         1.6000000000E+001         0.0000000000E+000         5.0476625328E+001         5.0899337086E+001         4.4358822753E+002         4.4820656467E+002         6.5335455633E-001         8.2896290963E-001         
2019-10-02                13:26:00.904              274.22639936              6581.433585               275.22639936              1570022760.905            0                         963                       1.0000000000E+000         1.6000000000E+001         0.0000000000E+000         5.0476625328E+001         5.0899337086E+001         4.4349818872E+002         4.4812835332E+002         6.5335455633E-001         8.2896290963E-001         
2019-10-02                13:26:52.065              274.22699150              6581.447796               275.22699150              1570022812.066            0                         963                       1.0000000000E+000         1.6000000000E+001         0.0000000000E+000         5.0476625328E+001         5.0899337086E+001         4.4341695381E+002         4.4803739296E+002         6.5335455633E-001         8.2896290963E-001         
2019-10-02                13:27:42.134              274.22757101              6581.461704               275.22757101              1570022862.135            0                         963                       1.0000000000E+000         1.6000000000E+001         0.0000000000E+000         5.0476625328E+001         5.0899337086E+001         4.4333066393E+002         4.4795532662E+002         6.5335455633E-001         8.2896290963E-001         
2019-10-02                13:28:32.230              274.22815082              6581.475620               275.22815082              1570022912.231            0                         963                       1.0000000000E+000         1.6000000000E+001         0.0000000000E+000         5.0476625328E+001         5.0899337086E+001         4.4330575214E+002         4.4786815356E+002         6.5335455633E-001         8.2896290963E-001         
2019-10-02                13:29:23.390              274.22874294              6581.489831               275.22874294              1570022963.390            0                         963                       1.0000000000E+000         1.6000000000E+001         0.0000000000E+000         5.0476625328E+001         5.0899337086E+001         4.4331285972E+002         4.4784298680E+002         6.5335455633E-001         8.2896290963E-001         
2019-10-02                13:30:14.573              274.22933535              6581.504048               275.22933535              1570023014.574            0                         963                       1.0000000000E+000         1.6000000000E+001         0.0000000000E+000         5.0476625328E+001         5.0899337086E+001         4.4333058623E+002         4.4785016712E+002         6.5335455633E-001         8.2896290963E-001         
2019-10-02                13:31:04.638              274.22991479              6581.517955               275.22991479              1570023064.638            0                         963                       1.0000000000E+000         1.6000000000E+001         0.0000000000E+000         5.0476625328E+001         5.0899337086E+001         4.4332350048E+002         4.4786807507E+002         6.5335455633E-001         8.2896290963E-001         
2019-10-02                13:31:54.726              274.23049451              6581.531868               275.23049451              1570023114.726            0                         963                       1.0000000000E+000         1.6000000000E+001         0.0000000000E+000         5.0476625328E+001         5.0899337086E+001         4.4328108485E+002         4.4786091679E+002         6.5335455633E-001         8.2896290963E-001         
2019-10-02                13:32:45.898              274.23108679              6581.546083               275.23108679              1570023165.899            0                         963                       1.0000000000E+000         1.6000000000E+001         0.0000000000E+000         5.0476625328E+001         5.0899337086E+001         4.4324850520E+002         4.4781806704E+002         6.5335455633E-001         8.2896290963E-001         
2019-10-02                13:33:37.061              274.23167895              6581.560295               275.23167895              1570023217.061            0                         963                       1.0000000000E+000         1.6000000000E+001         0.0000000000E+000         5.0476625328E+001         5.0899337086E+001         4.4320219219E+002         4.4778515394E+002         6.5335455633E-001         8.2896290963E-001         
2019-10-02                13:34:27.114              274.23225826              6581.574198               275.23225826              1570023267.114            0                         963                       1.0000000000E+000         1.6000000000E+001         0.0000000000E+000         5.0476625328E+001         5.0899337086E+001         4.4314484792E+002         4.4773836691E+002         6.5335455633E-001         8.2896290963E-001         
2019-10-02                13:35:16.341              274.23282802              6581.587873               275.23282802              1570023316.341            0                         963                       1.0000000000E+000         1.6000000000E+001         0.0000000000E+000         5.0476625328E+001         5.0899337086E+001         4.4308327779E+002         4.4768043573E+002         6.5335455633E-001         8.2896290963E-001         
2019-10-02                13:36:07.515              274.23342031              6581.602088               275.23342031              1570023367.515            0                         963                       1.0000000000E+000         1.6000000000E+001         0.0000000000E+000         5.0476625328E+001         5.0899337086E+001         4.4298917709E+002         4.4761823543E+002         6.5335455633E-001         8.2896290963E-001         
2019-10-02                13:36:58.678              274.23401249              6581.616300               275.23401249              1570023418.679            0                         963                       1.0000000000E+000         1.6000000000E+001         0.0000000000E+000         5.0476625328E+001         5.0899337086E+001         4.4284434108E+002         4.4752317160E+002         6.5335455633E-001         8.2896290963E-001         
2019-10-02                13:37:48.871              274.23459343              6581.630242               275.23459343              1570023468.872            0                         963                       1.0000000000E+000         1.6000000000E+001         0.0000000000E+000         5.0476625328E+001         5.0899337086E+001         4.4269971715E+002         4.4737685319E+002         6.5335455633E-001         8.2896290963E-001         
2019-10-02                13:38:38.107              274.23516328              6581.643919               275.23516328              1570023518.107            0                         963                       1.0000000000E+000         1.6000000000E+001         0.0000000000E+000         5.0476625328E+001         5.0899337086E+001         4.4265959899E+002         4.4723074904E+002         6.5335455633E-001         8.2896290963E-001         
