DATE                      TIME                      FRAC_DAYS_SINCE_JAN1      FRAC_HRS_SINCE_JAN1       JULIAN_DAYS               EPOCH_TIME                ALARM_STATUS              INST_STATUS               species                   MPVPosition               solenoid_valves           CH4                       CH4_dry                   CO2                       CO2_dry                   H2O                       h2o_reported              
2019-04-20                08:59:10.638              109.04109535              2616.986288               110.04109535              1555750750.638            0                         963                       1.0000000000E+000         0.0000000000E+000         0.0000000000E+000         1.6625231469E+001         1.6877883272E+001         4.2693561007E+002         4.3478863695E+002         1.1782940443E+000         1.4716056375E+000         
2019-04-20                08:59:59.970              109.04166633              2616.999992               110.04166633              1555750799.971            0                         963                       1.0000000000E+000         0.0000000000E+000         0.0000000000E+000         1.6625231469E+001         1.6877883272E+001         4.2699594202E+002         4.3486686648E+002         1.1782940443E+000         1.4716056375E+000         
2019-04-20                09:00:49.207              109.04223620              2617.013669               110.04223620              1555750849.208            0                         963                       1.0000000000E+000         0.0000000000E+000         0.0000000000E+000         1.6625231469E+001         1.6877883272E+001         4.2701583658E+002         4.3492831923E+002         1.1782940443E+000         1.4716056375E+000         
2019-04-20                09:01:38.479              109.04280647              2617.027355               110.04280647              1555750898.479            0                         963                       1.0000000000E+000         0.0000000000E+000         0.0000000000E+000         1.6625231469E+001         1.6877883272E+001         4.2702470273E+002         4.3494858337E+002         1.1782940443E+000         1.4716056375E+000         
2019-04-20                09:02:26.757              109.04336525              2617.040766               110.04336525              1555750946.758            0                         963                       1.0000000000E+000         0.0000000000E+000         0.0000000000E+000         1.6625231469E+001         1.6877883272E+001         4.2706137316E+002         4.3495761423E+002         1.1782940443E+000         1.4716056375E+000         
2019-04-20                09:03:15.992              109.04393509              2617.054442               110.04393509              1555750995.992            0                         963                       1.0000000000E+000         0.0000000000E+000         0.0000000000E+000         1.6625231469E+001         1.6877883272E+001         4.2710484688E+002         4.3499496590E+002         1.1782940443E+000         1.4716056375E+000         
2019-04-20                09:04:05.280              109.04450557              2617.068134               110.04450557              1555751045.281            0                         963                       1.0000000000E+000         0.0000000000E+000         0.0000000000E+000         1.6625231469E+001         1.6877883272E+001         4.2713429219E+002         4.3503924723E+002         1.1782940443E+000         1.4716056375E+000         
2019-04-20                09:04:53.562              109.04506438              2617.081545               110.04506438              1555751093.562            0                         963                       1.0000000000E+000         0.0000000000E+000         0.0000000000E+000         1.6625231469E+001         1.6877883272E+001         4.2714729909E+002         4.3506923956E+002         1.1782940443E+000         1.4716056375E+000         
2019-04-20                09:05:42.799              109.04563426              2617.095222               110.04563426              1555751142.800            0                         963                       1.0000000000E+000         0.0000000000E+000         0.0000000000E+000         1.6625231469E+001         1.6877883272E+001         4.2717918901E+002         4.3508248808E+002         1.1782940443E+000         1.4716056375E+000         
2019-04-20                09:06:31.138              109.04619374              2617.108650               110.04619374              1555751191.139            0                         963                       1.0000000000E+000         0.0000000000E+000         0.0000000000E+000         1.6625231469E+001         1.6877883272E+001         4.2724285587E+002         4.3511497043E+002         1.1782940443E+000         1.4716056375E+000         
2019-04-20                09:06:57.009              109.04649317              2617.115836               110.04649317              1555751217.010            0                         963                       2.0000000000E+000         0.0000000000E+000         0.0000000000E+000         1.6706114690E+001         1.6877883272E+001         4.2724285587E+002         4.3517982004E+002         1.1782940443E+000         1.4716056375E+000         
2019-04-20                09:07:17.450              109.04672975              2617.121514               110.04672975              1555751237.450            0                         963                       1.0000000000E+000         0.0000000000E+000         0.0000000000E+000         1.6706114690E+001         1.6877883272E+001         4.2728013616E+002         4.3517982004E+002         1.1782940443E+000         1.4716056375E+000         
2019-04-20                09:08:05.750              109.04728878              2617.134931               110.04728878              1555751285.751            0                         963                       1.0000000000E+000         0.0000000000E+000         0.0000000000E+000         1.6706114690E+001         1.6959995666E+001         4.2732376861E+002         4.3521779289E+002         1.1782940443E+000         1.4716056375E+000         
2019-04-20                09:08:54.996              109.04785875              2617.148610               110.04785875              1555751334.996            0                         963                       1.0000000000E+000         0.0000000000E+000         0.0000000000E+000         1.6706114690E+001         1.6959995666E+001         4.2738429007E+002         4.3526223591E+002         1.1782940443E+000         1.4716056375E+000         
2019-04-20                09:09:44.359              109.04843009              2617.162322               110.04843009              1555751384.360            0                         963                       1.0000000000E+000         0.0000000000E+000         0.0000000000E+000         1.6706114690E+001         1.6959995666E+001         4.2746282480E+002         4.3532388169E+002         1.1782940443E+000         1.4716056375E+000         
2019-04-20                09:10:34.752              109.04901333              2617.176320               110.04901333              1555751434.752            0                         963                       1.0000000000E+000         0.0000000000E+000         0.0000000000E+000         1.6706114690E+001         1.6959995666E+001         4.2756070495E+002         4.3540387537E+002         1.1782940443E+000         1.4716056375E+000         
2019-04-20                09:11:24.029              109.04958367              2617.190008               110.04958367              1555751484.029            0                         963                       1.0000000000E+000         0.0000000000E+000         0.0000000000E+000         1.6706114690E+001         1.6959995666E+001         4.2765143626E+002         4.3550357385E+002         1.1782940443E+000         1.4716056375E+000         
2019-04-20                09:12:12.273              109.05014206              2617.203409               110.05014206              1555751532.274            0                         963                       1.0000000000E+000         0.0000000000E+000         0.0000000000E+000         1.6706114690E+001         1.6959995666E+001         4.2776356732E+002         4.3559599070E+002         1.1782940443E+000         1.4716056375E+000         
2019-04-20                09:12:17.572              109.05020339              2617.204881               110.05020339              1555751537.573            0                         963                       3.0000000000E+000         0.0000000000E+000         0.0000000000E+000         1.6706114690E+001         1.6966366564E+001         4.2776356732E+002         4.3590973095E+002         1.2366408325E+000         1.5418402608E+000         
2019-04-20                09:12:50.993              109.05059020              2617.214165               110.05059020              1555751570.993            0                         963                       1.0000000000E+000         0.0000000000E+000         0.0000000000E+000         1.6706114690E+001         1.6966366564E+001         4.2787537804E+002         4.3590973095E+002         1.2366408325E+000         1.5418402608E+000         
2019-04-20                09:13:40.233              109.05116010              2617.227843               110.05116010              1555751620.233            0                         963                       1.0000000000E+000         0.0000000000E+000         0.0000000000E+000         1.6706114690E+001         1.6972752428E+001         4.2797539344E+002         4.3622372540E+002         1.2366408325E+000         1.5418402608E+000         
2019-04-20                09:14:28.483              109.05171855              2617.241245               110.05171855              1555751668.483            0                         963                       1.0000000000E+000         0.0000000000E+000         0.0000000000E+000         1.6706114690E+001         1.6972752428E+001         4.2811204229E+002         4.3632569222E+002         1.2366408325E+000         1.5418402608E+000         
2019-04-20                09:15:16.756              109.05227728              2617.254655               110.05227728              1555751716.757            0                         963                       1.0000000000E+000         0.0000000000E+000         0.0000000000E+000         1.6706114690E+001         1.6972752428E+001         4.2824564736E+002         4.3646500725E+002         1.2366408325E+000         1.5418402608E+000         
2019-04-20                09:16:06.088              109.05284825              2617.268358               110.05284825              1555751766.089            0                         963                       1.0000000000E+000         0.0000000000E+000         0.0000000000E+000         1.6706114690E+001         1.6972752428E+001         4.2837696119E+002         4.3660121910E+002         1.2366408325E+000         1.5418402608E+000         
2019-04-20                09:16:53.355              109.05339532              2617.281488               110.05339532              1555751813.356            0                         963                       1.0000000000E+000         0.0000000000E+000         0.0000000000E+000         1.6706114690E+001         1.6972752428E+001         4.2851121980E+002         4.3673509502E+002         1.2366408325E+000         1.5418402608E+000         
2019-04-20                09:17:41.642              109.05395420              2617.294901               110.05395420              1555751861.643            0                         963                       1.0000000000E+000         0.0000000000E+000         0.0000000000E+000         1.6706114690E+001         1.6972752428E+001         4.2859217279E+002         4.3687197318E+002         1.2366408325E+000         1.5418402608E+000         
2019-04-20                09:18:29.947              109.05451329              2617.308319               110.05451329              1555751909.948            0                         963                       1.0000000000E+000         0.0000000000E+000         0.0000000000E+000         1.6706114690E+001         1.6972752428E+001         4.2866037950E+002         4.3695450565E+002         1.2366408325E+000         1.5418402608E+000         
2019-04-20                09:19:18.194              109.05507169              2617.321721               110.05507169              1555751958.194            0                         963                       1.0000000000E+000         0.0000000000E+000         0.0000000000E+000         1.6706114690E+001         1.6972752428E+001         4.2878977997E+002         4.3702404315E+002         1.2366408325E+000         1.5418402608E+000         
2019-04-20                09:20:06.529              109.05563112              2617.335147               110.05563112              1555752006.529            0                         963                       1.0000000000E+000         0.0000000000E+000         0.0000000000E+000         1.6706114690E+001         1.6972752428E+001         4.2885791959E+002         4.3715596838E+002         1.2366408325E+000         1.5418402608E+000         
2019-04-20                09:20:54.782              109.05618961              2617.348551               110.05618961              1555752054.782            0                         963                       1.0000000000E+000         0.0000000000E+000         0.0000000000E+000         1.6706114690E+001         1.6972752428E+001         4.2881991732E+002         4.3722543748E+002         1.2366408325E+000         1.5418402608E+000         
2019-04-20                09:20:58.446              109.05623201              2617.349568               110.05623201              1555752058.446            0                         963                       3.0000000000E+000         0.0000000000E+000         0.0000000000E+000         1.6706114690E+001         1.6972625412E+001         4.2881991732E+002         4.3718270577E+002         1.2354797649E+000         1.5404448860E+000         
2019-04-20                09:21:09.619              109.05636134              2617.352672               110.05636134              1555752069.620            0                         963                       2.0000000000E+000         0.0000000000E+000         0.0000000000E+000         1.6278484732E+001         1.6972625412E+001         4.2881991732E+002         4.3718270577E+002         1.2354797649E+000         1.5404448860E+000         
2019-04-20                09:21:29.522              109.05659169              2617.358201               110.05659169              1555752089.522            0                         963                       1.0000000000E+000         0.0000000000E+000         0.0000000000E+000         1.6278484732E+001         1.6972625412E+001         4.2885762742E+002         4.3718270577E+002         1.2354797649E+000         1.5404448860E+000         
2019-04-20                09:21:31.700              109.05661690              2617.358806               110.05661690              1555752091.700            0                         963                       3.0000000000E+000         0.0000000000E+000         0.0000000000E+000         1.6278484732E+001         1.6538047130E+001         4.2885762742E+002         4.3721707827E+002         1.2354550523E+000         1.5404151853E+000         
2019-04-20                09:21:38.953              109.05670086              2617.360821               110.05670086              1555752098.954            0                         963                       2.0000000000E+000         0.0000000000E+000         0.0000000000E+000         2.1015021436E+000         1.6538047130E+001         4.2885762742E+002         4.3721707827E+002         1.2354550523E+000         1.5404151853E+000         
2019-04-20                09:22:00.651              109.05695199              2617.366848               110.05695199              1555752120.652            0                         963                       1.0000000000E+000         0.0000000000E+000         0.0000000000E+000         2.1015021436E+000         1.6538047130E+001         4.2887437152E+002         4.3721707827E+002         1.2354550523E+000         1.5404151853E+000         
2019-04-20                09:22:50.915              109.05753375              2617.380810               110.05753375              1555752170.916            0                         963                       1.0000000000E+000         0.0000000000E+000         0.0000000000E+000         2.1015021436E+000         2.1350105080E+000         4.2893923527E+002         4.3723406386E+002         1.2354550523E+000         1.5404151853E+000         
2019-04-20                09:22:53.825              109.05756743              2617.381618               110.05756743              1555752173.826            0                         963                       3.0000000000E+000         0.0000000000E+000         0.0000000000E+000         2.1015021436E+000         2.1349945157E+000         4.2893923527E+002         4.3729619919E+002         1.2342928832E+000         1.5390183934E+000         
2019-04-20                09:23:25.852              109.05793811              2617.390515               110.05793811              1555752205.853            0                         963                       1.0000000000E+000         0.0000000000E+000         0.0000000000E+000         2.1015021436E+000         2.1349945157E+000         4.2901504334E+002         4.3729619919E+002         1.2342928832E+000         1.5390183934E+000         
2019-04-20                09:24:14.217              109.05849789              2617.403949               110.05849789              1555752254.218            0                         963                       1.0000000000E+000         0.0000000000E+000         0.0000000000E+000         2.1015021436E+000         2.1349785241E+000         4.2911695019E+002         4.3736949095E+002         1.2342928832E+000         1.5390183934E+000         
2019-04-20                09:25:03.595              109.05906940              2617.417666               110.05906940              1555752303.596            0                         963                       1.0000000000E+000         0.0000000000E+000         0.0000000000E+000         2.1015021436E+000         2.1349785241E+000         4.2921615587E+002         4.3747338229E+002         1.2342928832E+000         1.5390183934E+000         
2019-04-20                09:25:52.980              109.05964097              2617.431383               110.05964097              1555752352.980            0                         963                       1.0000000000E+000         0.0000000000E+000         0.0000000000E+000         2.1015021436E+000         2.1349785241E+000         4.2926927046E+002         4.3757451986E+002         1.2342928832E+000         1.5390183934E+000         
2019-04-20                09:26:41.260              109.06019978              2617.444795               110.06019978              1555752401.261            0                         963                       1.0000000000E+000         0.0000000000E+000         0.0000000000E+000         2.1015021436E+000         2.1349785241E+000         4.2933644337E+002         4.3762866877E+002         1.2342928832E+000         1.5390183934E+000         
2019-04-20                09:27:29.533              109.06075850              2617.458204               110.06075850              1555752449.534            0                         963                       1.0000000000E+000         0.0000000000E+000         0.0000000000E+000         2.1015021436E+000         2.1349785241E+000         4.2941233125E+002         4.3769714978E+002         1.2342928832E+000         1.5390183934E+000         
2019-04-20                09:28:18.884              109.06132969              2617.471912               110.06132969              1555752498.885            0                         963                       1.0000000000E+000         0.0000000000E+000         0.0000000000E+000         2.1015021436E+000         2.1349785241E+000         4.2948736709E+002         4.3777451547E+002         1.2342928832E+000         1.5390183934E+000         
2019-04-20                09:28:21.546              109.06136050              2617.472652               110.06136050              1555752501.547            0                         963                       3.0000000000E+000         0.0000000000E+000         0.0000000000E+000         2.1015021436E+000         2.1349471327E+000         4.2948736709E+002         4.3784316514E+002         1.2320116159E+000         1.5362763101E+000         
2019-04-20                09:28:54.634              109.06174345              2617.481843               110.06174345              1555752534.634            0                         963                       1.0000000000E+000         0.0000000000E+000         0.0000000000E+000         2.1015021436E+000         2.1349471327E+000         4.2956146788E+002         4.3784316514E+002         1.2320116159E+000         1.5362763101E+000         
2019-04-20                09:29:42.913              109.06230223              2617.495254               110.06230223              1555752582.913            0                         963                       1.0000000000E+000         0.0000000000E+000         0.0000000000E+000         2.1015021436E+000         2.1349157441E+000         4.2962847926E+002         4.3791085958E+002         1.2320116159E+000         1.5362763101E+000         
2019-04-20                09:30:29.213              109.06283811              2617.508115               110.06283811              1555752629.213            0                         963                       1.0000000000E+000         0.0000000000E+000         0.0000000000E+000         2.1015021436E+000         2.1349157441E+000         4.2969801411E+002         4.3797917346E+002         1.2320116159E+000         1.5362763101E+000         
2019-04-20                09:31:17.561              109.06339770              2617.521545               110.06339770              1555752677.561            0                         963                       1.0000000000E+000         0.0000000000E+000         0.0000000000E+000         2.1015021436E+000         2.1349157441E+000         4.2973697364E+002         4.3805005986E+002         1.2320116159E+000         1.5362763101E+000         
2019-04-20                09:32:05.844              109.06395653              2617.534957               110.06395653              1555752725.844            0                         963                       1.0000000000E+000         0.0000000000E+000         0.0000000000E+000         2.1015021436E+000         2.1349157441E+000         4.2976624850E+002         4.3808977665E+002         1.2320116159E+000         1.5362763101E+000         
2019-04-20                09:32:54.118              109.06451525              2617.548366               110.06451525              1555752774.118            0                         963                       1.0000000000E+000         0.0000000000E+000         0.0000000000E+000         2.1015021436E+000         2.1349157441E+000         4.2977964275E+002         4.3811962052E+002         1.2320116159E+000         1.5362763101E+000         
2019-04-20                09:33:42.368              109.06507370              2617.561769               110.06507370              1555752822.368            0                         963                       1.0000000000E+000         0.0000000000E+000         0.0000000000E+000         2.1015021436E+000         2.1349157441E+000         4.2979720338E+002         4.3813327511E+002         1.2320116159E+000         1.5362763101E+000         
2019-04-20                09:34:08.607              109.06537740              2617.569058               110.06537740              1555752848.607            0                         963                       2.0000000000E+000         0.0000000000E+000         0.0000000000E+000         1.6474894551E+001         2.1349157441E+000         4.2979720338E+002         4.3815117707E+002         1.2320116159E+000         1.5362763101E+000         
2019-04-20                09:34:28.746              109.06561050              2617.574652               110.06561050              1555752868.747            0                         963                       1.0000000000E+000         0.0000000000E+000         0.0000000000E+000         1.6474894551E+001         2.1349157441E+000         4.2980997777E+002         4.3815117707E+002         1.2320116159E+000         1.5362763101E+000         
2019-04-20                09:35:19.043              109.06619264              2617.588623               110.06619264              1555752919.044            0                         963                       1.0000000000E+000         0.0000000000E+000         0.0000000000E+000         1.6474894551E+001         1.6736843151E+001         4.2985122715E+002         4.3816419976E+002         1.2320116159E+000         1.5362763101E+000         
2019-04-20                09:36:07.305              109.06675123              2617.602029               110.06675123              1555752967.306            0                         963                       1.0000000000E+000         0.0000000000E+000         0.0000000000E+000         1.6474894551E+001         1.6736843151E+001         4.2989009515E+002         4.3820625091E+002         1.2320116159E+000         1.5362763101E+000         
2019-04-20                09:36:54.523              109.06729772              2617.615145               110.06729772              1555753014.523            0                         963                       1.0000000000E+000         0.0000000000E+000         0.0000000000E+000         1.6474894551E+001         1.6736843151E+001         4.2986953938E+002         4.3824587439E+002         1.2320116159E+000         1.5362763101E+000         
2019-04-20                09:37:43.766              109.06786767              2617.628824               110.06786767              1555753063.767            0                         963                       1.0000000000E+000         0.0000000000E+000         0.0000000000E+000         1.6474894551E+001         1.6736843151E+001         4.2983908572E+002         4.3822491907E+002         1.2320116159E+000         1.5362763101E+000         
2019-04-20                09:38:32.155              109.06842773              2617.642266               110.06842773              1555753112.156            0                         963                       1.0000000000E+000         0.0000000000E+000         0.0000000000E+000         1.6474894551E+001         1.6736843151E+001         4.2983703107E+002         4.3819387348E+002         1.2320116159E+000         1.5362763101E+000         
2019-04-20                09:39:20.451              109.06898671              2617.655681               110.06898671              1555753160.452            0                         963                       1.0000000000E+000         0.0000000000E+000         0.0000000000E+000         1.6474894551E+001         1.6736843151E+001         4.2982754244E+002         4.3819177890E+002         1.2320116159E+000         1.5362763101E+000         
2019-04-20                09:40:08.698              109.06954513              2617.669083               110.06954513              1555753208.699            0                         963                       1.0000000000E+000         0.0000000000E+000         0.0000000000E+000         1.6474894551E+001         1.6736843151E+001         4.2981157985E+002         4.3818210584E+002         1.2320116159E+000         1.5362763101E+000         
2019-04-20                09:40:55.951              109.07009204              2617.682209               110.07009204              1555753255.952            0                         963                       1.0000000000E+000         0.0000000000E+000         0.0000000000E+000         1.6474894551E+001         1.6736843151E+001         4.2973861318E+002         4.3816583298E+002         1.2320116159E+000         1.5362763101E+000         
2019-04-20                09:41:44.246              109.07065100              2617.695624               110.07065100              1555753304.246            0                         963                       1.0000000000E+000         0.0000000000E+000         0.0000000000E+000         1.6474894551E+001         1.6736843151E+001         4.2966835162E+002         4.3809144805E+002         1.2320116159E+000         1.5362763101E+000         
2019-04-20                09:42:32.543              109.07121000              2617.709040               110.07121000              1555753352.544            0                         963                       1.0000000000E+000         0.0000000000E+000         0.0000000000E+000         1.6474894551E+001         1.6736843151E+001         4.2960315222E+002         4.3801982082E+002         1.2320116159E+000         1.5362763101E+000         
2019-04-20                09:43:20.776              109.07176824              2617.722438               110.07176824              1555753400.776            0                         963                       1.0000000000E+000         0.0000000000E+000         0.0000000000E+000         1.6474894551E+001         1.6736843151E+001         4.2950830309E+002         4.3795335414E+002         1.2320116159E+000         1.5362763101E+000         
2019-04-20                09:44:09.062              109.07232711              2617.735851               110.07232711              1555753449.062            0                         963                       1.0000000000E+000         0.0000000000E+000         0.0000000000E+000         1.6474894551E+001         1.6736843151E+001         4.2941521371E+002         4.3785666143E+002         1.2320116159E+000         1.5362763101E+000         
2019-04-20                09:44:57.332              109.07288579              2617.749259               110.07288579              1555753497.332            0                         963                       1.0000000000E+000         0.0000000000E+000         0.0000000000E+000         1.6474894551E+001         1.6736843151E+001         4.2932210405E+002         4.3776176267E+002         1.2320116159E+000         1.5362763101E+000         
2019-04-20                09:45:45.618              109.07344465              2617.762672               110.07344465              1555753545.618            0                         963                       1.0000000000E+000         0.0000000000E+000         0.0000000000E+000         1.6474894551E+001         1.6736843151E+001         4.2922616013E+002         4.3766684323E+002         1.2320116159E+000         1.5362763101E+000         
2019-04-20                09:46:33.891              109.07400338              2617.776081               110.07400338              1555753593.892            0                         963                       1.0000000000E+000         0.0000000000E+000         0.0000000000E+000         1.6474894551E+001         1.6736843151E+001         4.2912310899E+002         4.3756903445E+002         1.2320116159E+000         1.5362763101E+000         
2019-04-20                09:47:21.158              109.07455045              2617.789211               110.07455045              1555753641.159            0                         963                       1.0000000000E+000         0.0000000000E+000         0.0000000000E+000         1.6474894551E+001         1.6736843151E+001         4.2904511594E+002         4.3746398030E+002         1.2320116159E+000         1.5362763101E+000         
2019-04-20                09:48:09.434              109.07510920              2617.802621               110.07510920              1555753689.435            0                         963                       1.0000000000E+000         0.0000000000E+000         0.0000000000E+000         1.6474894551E+001         1.6736843151E+001         4.2899480543E+002         4.3738447130E+002         1.2320116159E+000         1.5362763101E+000         
2019-04-20                09:48:57.723              109.07566809              2617.816034               110.07566809              1555753737.723            0                         963                       1.0000000000E+000         0.0000000000E+000         0.0000000000E+000         1.6474894551E+001         1.6736843151E+001         4.2894589555E+002         4.3733318290E+002         1.2320116159E+000         1.5362763101E+000         
2019-04-20                09:49:46.003              109.07622690              2617.829446               110.07622690              1555753786.004            0                         963                       1.0000000000E+000         0.0000000000E+000         0.0000000000E+000         1.6474894551E+001         1.6736843151E+001         4.2891969126E+002         4.3728332236E+002         1.2320116159E+000         1.5362763101E+000         
2019-04-20                09:50:34.378              109.07678678              2617.842883               110.07678678              1555753834.378            0                         963                       1.0000000000E+000         0.0000000000E+000         0.0000000000E+000         1.6474894551E+001         1.6736843151E+001         4.2892750200E+002         4.3725660874E+002         1.2320116159E+000         1.5362763101E+000         
2019-04-20                09:51:00.267              109.07708644              2617.850074               110.07708644              1555753860.268            0                         963                       2.0000000000E+000         0.0000000000E+000         0.0000000000E+000         1.6424567012E+001         1.6736843151E+001         4.2892750200E+002         4.3726457130E+002         1.2320116159E+000         1.5362763101E+000         
2019-04-20                09:51:20.750              109.07732351              2617.855764               110.07732351              1555753880.751            0                         963                       1.0000000000E+000         0.0000000000E+000         0.0000000000E+000         1.6424567012E+001         1.6736843151E+001         4.2898549829E+002         4.3726457130E+002         1.2320116159E+000         1.5362763101E+000         
2019-04-20                09:52:09.078              109.07788285              2617.869188               110.07788285              1555753929.078            0                         963                       1.0000000000E+000         0.0000000000E+000         0.0000000000E+000         1.6424567012E+001         1.6685715411E+001         4.2906213009E+002         4.3732369486E+002         1.2320116159E+000         1.5362763101E+000         
2019-04-20                09:52:13.506              109.07793411              2617.870419               110.07793411              1555753933.507            0                         963                       3.0000000000E+000         0.0000000000E+000         0.0000000000E+000         1.6424567012E+001         1.6684928445E+001         4.2906213009E+002         4.3737666989E+002         1.2246941078E+000         1.5274782861E+000         
2019-04-20                09:52:45.648              109.07830611              2617.879347               110.07830611              1555753965.648            0                         963                       1.0000000000E+000         0.0000000000E+000         0.0000000000E+000         1.6424567012E+001         1.6684928445E+001         4.2915204474E+002         4.3737666989E+002         1.2246941078E+000         1.5274782861E+000         
2019-04-20                09:53:35.892              109.07888765              2617.893304               110.07888765              1555754015.893            0                         963                       1.0000000000E+000         0.0000000000E+000         0.0000000000E+000         1.6424567012E+001         1.6684141710E+001         4.2923400906E+002         4.3744318290E+002         1.2246941078E+000         1.5274782861E+000         
2019-04-20                09:54:24.296              109.07944788              2617.906749               110.07944788              1555754064.297            0                         963                       1.0000000000E+000         0.0000000000E+000         0.0000000000E+000         1.6424567012E+001         1.6684141710E+001         4.2932198575E+002         4.3752673077E+002         1.2246941078E+000         1.5274782861E+000         
2019-04-20                09:55:11.585              109.07999520              2617.919885               110.07999520              1555754111.585            0                         963                       1.0000000000E+000         0.0000000000E+000         0.0000000000E+000         1.6424567012E+001         1.6684141710E+001         4.2943061677E+002         4.3761640715E+002         1.2246941078E+000         1.5274782861E+000         
2019-04-20                09:55:59.841              109.08055372              2617.933289               110.08055372              1555754159.841            0                         963                       1.0000000000E+000         0.0000000000E+000         0.0000000000E+000         1.6424567012E+001         1.6684141710E+001         4.2954091084E+002         4.3772713689E+002         1.2246941078E+000         1.5274782861E+000         
2019-04-20                09:56:48.092              109.08111219              2617.946692               110.08111219              1555754208.093            0                         963                       1.0000000000E+000         0.0000000000E+000         0.0000000000E+000         1.6424567012E+001         1.6684141710E+001         4.2960774067E+002         4.3783956183E+002         1.2246941078E+000         1.5274782861E+000         
2019-04-20                09:57:35.444              109.08166024              2617.959846               110.08166024              1555754255.445            0                         963                       1.0000000000E+000         0.0000000000E+000         0.0000000000E+000         1.6424567012E+001         1.6684141710E+001         4.2964070754E+002         4.3790768280E+002         1.2246941078E+000         1.5274782861E+000         
2019-04-20                09:58:23.720              109.08221899              2617.973256               110.08221899              1555754303.721            0                         963                       1.0000000000E+000         0.0000000000E+000         0.0000000000E+000         1.6424567012E+001         1.6684141710E+001         4.2966149833E+002         4.3794128658E+002         1.2246941078E+000         1.5274782861E+000         
2019-04-20                09:59:12.976              109.08278909              2617.986938               110.08278909              1555754352.977            0                         963                       1.0000000000E+000         0.0000000000E+000         0.0000000000E+000         1.6424567012E+001         1.6684141710E+001         4.2969879120E+002         4.3796247904E+002         1.2246941078E+000         1.5274782861E+000         
2019-04-20                10:00:01.309              109.08334850              2618.000364               110.08334850              1555754401.310            0                         963                       1.0000000000E+000         0.0000000000E+000         0.0000000000E+000         1.6424567012E+001         1.6684141710E+001         4.2972492659E+002         4.3800049240E+002         1.2246941078E+000         1.5274782861E+000         
