DATE                      TIME                      FRAC_DAYS_SINCE_JAN1      FRAC_HRS_SINCE_JAN1       JULIAN_DAYS               EPOCH_TIME                ALARM_STATUS              INST_STATUS               species                   MPVPosition               solenoid_valves           CH4                       CH4_dry                   CO2                       CO2_dry                   H2O                       h2o_reported              
2019-06-10                12:18:06.825              160.17924567              3844.301896               161.17924567              1560169086.826            0                         963                       1.0000000000E+000         7.0000000000E+000         0.0000000000E+000         1.0261202125E+002         1.0590475304E+002         5.0236157816E+002         6.0186963668E+002         2.4501917292E+000         2.9535553770E+000         
2019-06-10                12:18:58.039              160.17983841              3844.316122               161.17983841              1560169138.039            0                         963                       1.0000000000E+000         7.0000000000E+000         0.0000000000E+000         1.0261202125E+002         1.0590475304E+002         5.7431967914E+002         5.2208345048E+002         2.4501917292E+000         2.9535553770E+000         
2019-06-10                12:19:47.267              160.18040819              3844.329797               161.18040819              1560169187.268            0                         963                       1.0000000000E+000         7.0000000000E+000         0.0000000000E+000         1.0261202125E+002         1.0590475304E+002         6.1378657286E+002         5.9686650573E+002         2.4501917292E+000         2.9535553770E+000         
2019-06-10                12:20:36.500              160.18097801              3844.343472               161.18097801              1560169236.500            0                         963                       1.0000000000E+000         8.0000000000E+000         0.0000000000E+000         1.0261202125E+002         1.0590475304E+002         5.0146431120E+002         6.3788280344E+002         2.4501917292E+000         2.9535553770E+000         
2019-06-10                12:21:26.793              160.18156012              3844.357443               161.18156012              1560169286.794            0                         963                       1.0000000000E+000         8.0000000000E+000         0.0000000000E+000         1.0261202125E+002         1.0590475304E+002         6.7201292450E+002         5.2115095833E+002         2.4501917292E+000         2.9535553770E+000         
2019-06-10                12:22:16.038              160.18213007              3844.371122               161.18213007              1560169336.038            0                         963                       1.0000000000E+000         8.0000000000E+000         0.0000000000E+000         1.0261202125E+002         1.0590475304E+002         7.3550134203E+002         6.9839502391E+002         2.4501917292E+000         2.9535553770E+000         
2019-06-10                12:23:05.289              160.18270010              3844.384803               161.18270010              1560169385.289            0                         963                       1.0000000000E+000         9.0000000000E+000         0.0000000000E+000         1.0261202125E+002         1.0590475304E+002         5.2622701741E+002         7.6437589014E+002         2.4501917292E+000         2.9535553770E+000         
2019-06-10                12:23:53.565              160.18325887              3844.398213               161.18325887              1560169433.566            0                         963                       1.0000000000E+000         9.0000000000E+000         0.0000000000E+000         1.0261202125E+002         1.0590475304E+002         5.6518742671E+002         5.4688580682E+002         2.4501917292E+000         2.9535553770E+000         
2019-06-10                12:24:42.793              160.18382863              3844.411887               161.18382863              1560169482.794            0                         963                       1.0000000000E+000         9.0000000000E+000         0.0000000000E+000         1.0261202125E+002         1.0590475304E+002         6.2028344520E+002         5.8737573639E+002         2.4501917292E+000         2.9535553770E+000         
2019-06-10                12:25:32.974              160.18440943              3844.425826               161.18440943              1560169532.975            0                         963                       1.0000000000E+000         1.6000000000E+001         0.0000000000E+000         1.0261202125E+002         1.0590475304E+002         5.1876690231E+002         6.4463473209E+002         2.4501917292E+000         2.9535553770E+000         
2019-06-10                12:26:24.144              160.18500168              3844.440040               161.18500168              1560169584.145            0                         963                       1.0000000000E+000         1.0000000000E+001         0.0000000000E+000         1.0261202125E+002         1.0590475304E+002         4.6443096421E+002         5.3913282012E+002         2.4501917292E+000         2.9535553770E+000         
2019-06-10                12:27:15.302              160.18559378              3844.454251               161.18559378              1560169635.303            0                         963                       1.0000000000E+000         1.0000000000E+001         0.0000000000E+000         1.0261202125E+002         1.0590475304E+002         4.6476925735E+002         4.8266374430E+002         2.4501917292E+000         2.9535553770E+000         
2019-06-10                12:28:05.660              160.18617662              3844.468239               161.18617662              1560169685.660            0                         963                       1.0000000000E+000         1.1000000000E+001         0.0000000000E+000         1.0261202125E+002         1.0590475304E+002         4.6488053659E+002         4.8301531826E+002         2.4501917292E+000         2.9535553770E+000         
2019-06-10                12:28:56.861              160.18676924              3844.482462               161.18676924              1560169736.862            0                         963                       1.0000000000E+000         1.1000000000E+001         0.0000000000E+000         1.0261202125E+002         1.0590475304E+002         4.6520893665E+002         4.8313096613E+002         2.4501917292E+000         2.9535553770E+000         
2019-06-10                12:29:47.042              160.18735003              3844.496401               161.18735003              1560169787.043            0                         963                       1.0000000000E+000         1.1000000000E+001         0.0000000000E+000         1.0261202125E+002         1.0590475304E+002         4.6570158031E+002         4.8347225863E+002         2.4501917292E+000         2.9535553770E+000         
2019-06-10                12:30:37.220              160.18793080              3844.510339               161.18793080              1560169837.221            0                         963                       1.0000000000E+000         1.2000000000E+001         0.0000000000E+000         1.0261202125E+002         1.0590475304E+002         4.6196144546E+002         4.8398424266E+002         2.4501917292E+000         2.9535553770E+000         
2019-06-10                12:31:28.457              160.18852381              3844.524571               161.18852381              1560169888.457            0                         963                       1.0000000000E+000         1.2000000000E+001         0.0000000000E+000         1.0261202125E+002         1.0590475304E+002         4.6223608994E+002         4.8009727638E+002         2.4501917292E+000         2.9535553770E+000         
2019-06-10                12:32:19.644              160.18911625              3844.538790               161.18911625              1560169939.644            0                         963                       1.0000000000E+000         1.2000000000E+001         0.0000000000E+000         1.0261202125E+002         1.0590475304E+002         4.6654533846E+002         4.8038270294E+002         2.4501917292E+000         2.9535553770E+000         
2019-06-10                12:33:08.894              160.18968627              3844.552471               161.18968627              1560169988.894            0                         963                       1.0000000000E+000         1.3000000000E+001         0.0000000000E+000         1.0261202125E+002         1.0590475304E+002         4.6610041206E+002         4.8486112533E+002         2.4501917292E+000         2.9535553770E+000         
2019-06-10                12:33:57.137              160.19024464              3844.565871               161.19024464              1560170037.137            0                         963                       1.0000000000E+000         1.3000000000E+001         0.0000000000E+000         1.0261202125E+002         1.0590475304E+002         4.6636512671E+002         4.8439873186E+002         2.4501917292E+000         2.9535553770E+000         
2019-06-10                12:34:47.463              160.19082713              3844.579851               161.19082713              1560170087.464            0                         963                       1.0000000000E+000         1.3000000000E+001         0.0000000000E+000         1.0261202125E+002         1.0590475304E+002         4.6733840135E+002         4.8467383877E+002         2.4501917292E+000         2.9535553770E+000         
2019-06-10                12:35:37.664              160.19140815              3844.593796               161.19140815              1560170137.664            0                         963                       1.0000000000E+000         1.4000000000E+001         0.0000000000E+000         1.0261202125E+002         1.0590475304E+002         4.6670859896E+002         4.8568532254E+002         2.4501917292E+000         2.9535553770E+000         
2019-06-10                12:36:27.858              160.19198911              3844.607739               161.19198911              1560170187.859            0                         963                       1.0000000000E+000         1.4000000000E+001         0.0000000000E+000         1.0261202125E+002         1.0590475304E+002         4.6697819396E+002         4.8503079517E+002         2.4501917292E+000         2.9535553770E+000         
2019-06-10                12:37:18.028              160.19256977              3844.621674               161.19256977              1560170238.028            0                         963                       1.0000000000E+000         1.4000000000E+001         0.0000000000E+000         1.0261202125E+002         1.0590475304E+002         4.6814748165E+002         4.8531097401E+002         2.4501917292E+000         2.9535553770E+000         
2019-06-10                12:38:07.266              160.19313965              3844.635352               161.19313965              1560170287.266            0                         963                       1.0000000000E+000         1.5000000000E+001         0.0000000000E+000         1.0261202125E+002         1.0590475304E+002         4.6773969262E+002         4.8652616597E+002         2.4501917292E+000         2.9535553770E+000         
2019-06-10                12:38:57.414              160.19372008              3844.649282               161.19372008              1560170337.415            0                         963                       1.0000000000E+000         1.5000000000E+001         0.0000000000E+000         1.0261202125E+002         1.0590475304E+002         4.6802573064E+002         4.8610236783E+002         2.4501917292E+000         2.9535553770E+000         
2019-06-10                12:39:46.694              160.19429044              3844.662971               161.19429044              1560170386.694            0                         963                       1.0000000000E+000         1.5000000000E+001         0.0000000000E+000         1.0261202125E+002         1.0590475304E+002         4.6897340379E+002         4.8639963523E+002         2.4501917292E+000         2.9535553770E+000         
2019-06-10                12:40:35.029              160.19484987              3844.676397               161.19484987              1560170435.029            0                         963                       1.0000000000E+000         1.6000000000E+001         0.0000000000E+000         1.0261202125E+002         1.0590475304E+002         4.6918338466E+002         4.8738451243E+002         2.4501917292E+000         2.9535553770E+000         
2019-06-10                12:41:04.572              160.19519182              3844.684604               161.19519182              1560170464.573            0                         963                       2.0000000000E+000         1.6000000000E+001         0.0000000000E+000         1.3324051808E+002         1.0590475304E+002         4.6918338466E+002         4.8760273679E+002         2.4501917292E+000         2.9535553770E+000         
2019-06-10                12:41:24.315              160.19542032              3844.690088               161.19542032              1560170484.316            0                         963                       1.0000000000E+000         1.6000000000E+001         0.0000000000E+000         1.3324051808E+002         1.0590475304E+002         4.6947337544E+002         4.8760273679E+002         2.4501917292E+000         2.9535553770E+000         
2019-06-10                12:42:13.584              160.19599056              3844.703773               161.19599056              1560170533.584            0                         963                       1.0000000000E+000         1.6000000000E+001         0.0000000000E+000         1.3324051808E+002         1.3751609206E+002         4.6966994202E+002         4.8790411213E+002         2.4501917292E+000         2.9535553770E+000         
2019-06-10                12:43:03.746              160.19657113              3844.717707               161.19657113              1560170583.746            0                         963                       1.0000000000E+000         1.6000000000E+001         0.0000000000E+000         1.3324051808E+002         1.3751609206E+002         4.6990928804E+002         4.8810839558E+002         2.4501917292E+000         2.9535553770E+000         
2019-06-10                12:43:52.950              160.19714064              3844.731375               161.19714064              1560170632.951            0                         963                       1.0000000000E+000         1.6000000000E+001         0.0000000000E+000         1.3324051808E+002         1.3751609206E+002         4.7017251512E+002         4.8835713793E+002         2.4501917292E+000         2.9535553770E+000         
2019-06-10                12:44:42.167              160.19771027              3844.745046               161.19771027              1560170682.167            0                         963                       1.0000000000E+000         1.6000000000E+001         0.0000000000E+000         1.3324051808E+002         1.3751609206E+002         4.7041223526E+002         4.8863069886E+002         2.4501917292E+000         2.9535553770E+000         
2019-06-10                12:45:31.417              160.19828029              3844.758727               161.19828029              1560170731.417            0                         963                       1.0000000000E+000         1.6000000000E+001         0.0000000000E+000         1.3324051808E+002         1.3751609206E+002         4.7065216358E+002         4.8887983001E+002         2.4501917292E+000         2.9535553770E+000         
2019-06-10                12:46:21.586              160.19886096              3844.772663               161.19886096              1560170781.587            0                         963                       1.0000000000E+000         1.6000000000E+001         0.0000000000E+000         1.3324051808E+002         1.3751609206E+002         4.7088551142E+002         4.8912917751E+002         2.4501917292E+000         2.9535553770E+000         
2019-06-10                12:47:10.842              160.19943105              3844.786345               161.19943105              1560170830.843            0                         963                       1.0000000000E+000         1.6000000000E+001         0.0000000000E+000         1.3324051808E+002         1.3751609206E+002         4.7110459756E+002         4.8937168620E+002         2.4501917292E+000         2.9535553770E+000         
2019-06-10                12:48:01.051              160.20001216              3844.800292               161.20001216              1560170881.051            0                         963                       1.0000000000E+000         1.6000000000E+001         0.0000000000E+000         1.3324051808E+002         1.3751609206E+002         4.7133861552E+002         4.8959937329E+002         2.4501917292E+000         2.9535553770E+000         
2019-06-10                12:48:51.211              160.20059273              3844.814226               161.20059273              1560170931.212            0                         963                       1.0000000000E+000         1.6000000000E+001         0.0000000000E+000         1.3324051808E+002         1.3751609206E+002         4.7159417395E+002         4.8984257840E+002         2.4501917292E+000         2.9535553770E+000         
2019-06-10                12:49:40.414              160.20116221              3844.827893               161.20116221              1560170980.415            0                         963                       1.0000000000E+000         1.6000000000E+001         0.0000000000E+000         1.3324051808E+002         1.3751609206E+002         4.7184397728E+002         4.9010816962E+002         2.4501917292E+000         2.9535553770E+000         
2019-06-10                12:50:29.654              160.20173212              3844.841571               161.20173212              1560171029.655            0                         963                       1.0000000000E+000         1.6000000000E+001         0.0000000000E+000         1.3324051808E+002         1.3751609206E+002         4.7208407226E+002         4.9036777982E+002         2.4501917292E+000         2.9535553770E+000         
2019-06-10                12:51:18.924              160.20230237              3844.855257               161.20230237              1560171078.925            0                         963                       1.0000000000E+000         1.0000000000E+000         0.0000000000E+000         1.3324051808E+002         1.3751609206E+002         5.3585891122E+002         4.9061730052E+002         2.4501917292E+000         2.9535553770E+000         
2019-06-10                12:52:08.180              160.20287245              3844.868939               161.20287245              1560171128.180            0                         963                       1.0000000000E+000         1.0000000000E+000         0.0000000000E+000         1.3324051808E+002         1.3751609206E+002         5.6328989631E+002         5.5689583261E+002         2.4501917292E+000         2.9535553770E+000         
2019-06-10                12:52:57.401              160.20344214              3844.882611               161.20344214              1560171177.401            0                         963                       1.0000000000E+000         1.6000000000E+001         0.0000000000E+000         1.3324051808E+002         1.3751609206E+002         4.9989032325E+002         5.8540371213E+002         2.4501917292E+000         2.9535553770E+000         
2019-06-10                12:53:46.647              160.20401212              3844.896291               161.20401212              1560171226.647            0                         963                       1.0000000000E+000         2.0000000000E+000         0.0000000000E+000         1.3324051808E+002         1.3751609206E+002         5.9520212212E+002         5.1951517826E+002         2.4501917292E+000         2.9535553770E+000         
2019-06-10                12:54:36.778              160.20459234              3844.910216               161.20459234              1560171276.778            0                         963                       1.0000000000E+000         2.0000000000E+000         0.0000000000E+000         1.3324051808E+002         1.3751609206E+002         6.4623530534E+002         6.1856875836E+002         2.4501917292E+000         2.9535553770E+000         
2019-06-10                12:55:26.023              160.20516231              3844.923896               161.20516231              1560171326.024            0                         963                       1.0000000000E+000         1.6000000000E+001         0.0000000000E+000         1.3324051808E+002         1.3751609206E+002         5.2406911150E+002         6.7160541869E+002         2.4501917292E+000         2.9535553770E+000         
2019-06-10                12:56:17.190              160.20575453              3844.938109               161.20575453              1560171377.191            0                         963                       1.0000000000E+000         3.0000000000E+000         0.0000000000E+000         1.3324051808E+002         1.3751609206E+002         4.7345511343E+002         5.4464318515E+002         2.4501917292E+000         2.9535553770E+000         
2019-06-10                12:57:08.384              160.20634704              3844.952329               161.20634704              1560171428.384            0                         963                       1.0000000000E+000         3.0000000000E+000         0.0000000000E+000         1.3324051808E+002         1.3751609206E+002         4.7372010319E+002         4.9204216646E+002         2.4501917292E+000         2.9535553770E+000         
2019-06-10                12:57:59.595              160.20693976              3844.966554               161.20693976              1560171479.595            0                         963                       1.0000000000E+000         4.0000000000E+000         0.0000000000E+000         1.3324051808E+002         1.3751609206E+002         4.7398557120E+002         4.9231755928E+002         2.4501917292E+000         2.9535553770E+000         
2019-06-10                12:58:48.872              160.20751010              3844.980242               161.20751010              1560171528.873            0                         963                       1.0000000000E+000         4.0000000000E+000         0.0000000000E+000         1.3324051808E+002         1.3751609206E+002         6.1846585666E+002         4.9259344912E+002         2.4501917292E+000         2.9535553770E+000         
2019-06-10                12:59:38.954              160.20808976              3844.994154               161.20808976              1560171578.955            0                         963                       1.0000000000E+000         4.0000000000E+000         0.0000000000E+000         1.3324051808E+002         1.3751609206E+002         6.9067590148E+002         6.4274578807E+002         2.4501917292E+000         2.9535553770E+000         
2019-06-10                13:00:28.180              160.20865949              3845.007828               161.20865949              1560171628.180            0                         963                       1.0000000000E+000         1.5754189944E+001         0.0000000000E+000         1.3324051808E+002         1.3751609206E+002         5.4668721877E+002         7.1779067804E+002         2.4501917292E+000         2.9535553770E+000         
2019-06-10                13:01:17.451              160.20922977              3845.021514               161.20922977              1560171677.452            0                         963                       1.0000000000E+000         5.0000000000E+000         0.0000000000E+000         1.3324051808E+002         1.3751609206E+002         6.5310538618E+002         5.6814924134E+002         2.4501917292E+000         2.9535553770E+000         
2019-06-10                13:02:06.720              160.20980000              3845.035200               161.20980000              1560171726.720            0                         963                       1.0000000000E+000         5.0000000000E+000         0.0000000000E+000         1.3324051808E+002         1.3751609206E+002         7.3404015502E+002         6.7874520738E+002         2.4501917292E+000         2.9535553770E+000         
2019-06-10                13:02:56.013              160.21037053              3845.048893               161.21037053              1560171776.014            0                         963                       1.0000000000E+000         1.6000000000E+001         0.0000000000E+000         1.3324051808E+002         1.3751609206E+002         5.5621195435E+002         7.6285733938E+002         2.4501917292E+000         2.9535553770E+000         
2019-06-10                13:03:45.263              160.21094054              3845.062573               161.21094054              1560171825.263            0                         963                       1.0000000000E+000         6.0000000000E+000         0.0000000000E+000         1.3324051808E+002         1.3751609206E+002         5.5940650395E+002         5.7804790205E+002         2.4501917292E+000         2.9535553770E+000         
2019-06-10                13:04:35.427              160.21152116              3845.076508               161.21152116              1560171875.428            0                         963                       1.0000000000E+000         6.0000000000E+000         0.0000000000E+000         1.3324051808E+002         1.3751609206E+002         6.0159863793E+002         5.8136786431E+002         2.4501917292E+000         2.9535553770E+000         
2019-06-10                13:05:24.674              160.21209115              3845.090187               161.21209115              1560171924.675            0                         963                       1.0000000000E+000         1.6000000000E+001         0.0000000000E+000         1.3324051808E+002         1.3751609206E+002         5.1828072617E+002         6.2521639064E+002         2.4501917292E+000         2.9535553770E+000         
2019-06-10                13:06:15.882              160.21268383              3845.104412               161.21268383              1560171975.883            0                         963                       1.0000000000E+000         7.0000000000E+000         0.0000000000E+000         1.3324051808E+002         1.3751609206E+002         6.0331131699E+002         5.3862755752E+002         2.4501917292E+000         2.9535553770E+000         
2019-06-10                13:07:06.105              160.21326512              3845.118363               161.21326512              1560172026.106            0                         963                       1.0000000000E+000         7.0000000000E+000         0.0000000000E+000         1.3324051808E+002         1.3751609206E+002         6.4488328644E+002         6.2699630661E+002         2.4501917292E+000         2.9535553770E+000         
2019-06-10                13:07:55.349              160.21383507              3845.132042               161.21383507              1560172075.350            0                         963                       1.0000000000E+000         1.6000000000E+001         0.0000000000E+000         1.3324051808E+002         1.3751609206E+002         5.1846158488E+002         6.7020032180E+002         2.4501917292E+000         2.9535553770E+000         
2019-06-10                13:08:46.598              160.21442823              3845.146277               161.21442823              1560172126.599            0                         963                       1.0000000000E+000         8.0000000000E+000         0.0000000000E+000         1.3324051808E+002         1.3751609206E+002         7.0473964565E+002         5.3881551645E+002         2.4501917292E+000         2.9535553770E+000         
2019-06-10                13:09:35.875              160.21499856              3845.159966               161.21499856              1560172175.876            0                         963                       1.0000000000E+000         8.0000000000E+000         0.0000000000E+000         1.3324051808E+002         1.3751609206E+002         7.7099206106E+002         7.3240654120E+002         2.4501917292E+000         2.9535553770E+000         
2019-06-10                13:10:25.125              160.21556858              3845.173646               161.21556858              1560172225.125            0                         963                       1.0000000000E+000         1.6000000000E+001         0.0000000000E+000         1.3324051808E+002         1.3751609206E+002         5.4396387772E+002         8.0125991523E+002         2.4501917292E+000         2.9535553770E+000         
2019-06-10                13:11:15.357              160.21614997              3845.187599               161.21614997              1560172275.357            0                         963                       1.0000000000E+000         9.0000000000E+000         0.0000000000E+000         1.3324051808E+002         1.3751609206E+002         5.8107107004E+002         5.6531898649E+002         2.4501917292E+000         2.9535553770E+000         
2019-06-10                13:12:04.627              160.21672022              3845.201285               161.21672022              1560172324.627            0                         963                       1.0000000000E+000         9.0000000000E+000         0.0000000000E+000         1.3324051808E+002         1.3751609206E+002         6.3597087042E+002         6.0388294490E+002         2.4501917292E+000         2.9535553770E+000         
2019-06-10                13:12:53.855              160.21728999              3845.214960               161.21728999              1560172373.855            0                         963                       1.0000000000E+000         1.6000000000E+001         0.0000000000E+000         1.3324051808E+002         1.3751609206E+002         5.3335257171E+002         6.6093801928E+002         2.4501917292E+000         2.9535553770E+000         
2019-06-10                13:13:43.964              160.21786997              3845.228879               161.21786997              1560172423.965            0                         963                       1.0000000000E+000         1.0000000000E+001         0.0000000000E+000         1.3324051808E+002         1.3751609206E+002         4.7888393154E+002         5.5429109842E+002         2.4501917292E+000         2.9535553770E+000         
2019-06-10                13:14:35.161              160.21846252              3845.243101               161.21846252              1560172475.162            0                         963                       1.0000000000E+000         1.0000000000E+001         0.0000000000E+000         1.3324051808E+002         1.3751609206E+002         4.7914096833E+002         4.9768411086E+002         2.4501917292E+000         2.9535553770E+000         
2019-06-10                13:15:26.334              160.21905479              3845.257315               161.21905479              1560172526.334            0                         963                       1.0000000000E+000         1.1000000000E+001         0.0000000000E+000         1.3324051808E+002         1.3751609206E+002         4.7936773203E+002         4.9795123849E+002         2.4501917292E+000         2.9535553770E+000         
2019-06-10                13:16:15.615              160.21962517              3845.271004               161.21962517              1560172575.615            0                         963                       1.0000000000E+000         1.1000000000E+001         0.0000000000E+000         1.3324051808E+002         1.3751609206E+002         4.7962197281E+002         4.9818690455E+002         2.4501917292E+000         2.9535553770E+000         
2019-06-10                13:17:04.851              160.22019503              3845.284681               161.22019503              1560172624.851            0                         963                       1.0000000000E+000         1.1000000000E+001         0.0000000000E+000         1.3324051808E+002         1.3751609206E+002         4.7996534390E+002         4.9845112640E+002         2.4501917292E+000         2.9535553770E+000         
2019-06-10                13:17:56.046              160.22078757              3845.298902               161.22078757              1560172676.046            0                         963                       1.0000000000E+000         1.2000000000E+001         0.0000000000E+000         1.3324051808E+002         1.3751609206E+002         4.8016727156E+002         4.9880797766E+002         2.4501917292E+000         2.9535553770E+000         
2019-06-10                13:18:47.220              160.22137987              3845.313117               161.22137987              1560172727.221            0                         963                       1.0000000000E+000         1.2000000000E+001         0.0000000000E+000         1.3324051808E+002         1.3751609206E+002         4.8044215670E+002         4.9901783266E+002         2.4501917292E+000         2.9535553770E+000         
