DATE                      TIME                      FRAC_DAYS_SINCE_JAN1      FRAC_HRS_SINCE_JAN1       JULIAN_DAYS               EPOCH_TIME                ALARM_STATUS              INST_STATUS               species                   MPVPosition               solenoid_valves           CH4                       CH4_dry                   CO2                       CO2_dry                   H2O                       h2o_reported              
2019-05-06                09:53:05.528              125.07853620              3001.884869               126.07853620              1557136385.528            0                         963                       1.0000000000E+000         0.0000000000E+000         0.0000000000E+000         2.4518303632E+001         2.4771768975E+001         4.1822432356E+002         4.2348389302E+002         8.0509474099E-001         1.0167651009E+000         
2019-05-06                09:53:54.779              125.07910624              3001.898550               126.07910624              1557136434.779            0                         963                       1.0000000000E+000         0.0000000000E+000         0.0000000000E+000         2.4518303632E+001         2.4771768975E+001         4.1824007242E+002         4.2350870525E+002         8.0509474099E-001         1.0167651009E+000         
2019-05-06                09:54:44.051              125.07967652              3001.912236               126.07967652              1557136484.051            0                         963                       1.0000000000E+000         0.0000000000E+000         0.0000000000E+000         2.4518303632E+001         2.4771768975E+001         4.1824707452E+002         4.2352465309E+002         8.0509474099E-001         1.0167651009E+000         
2019-05-06                09:55:33.260              125.08024608              3001.925906               126.08024608              1557136533.261            0                         963                       1.0000000000E+000         0.0000000000E+000         0.0000000000E+000         2.4518303632E+001         2.4771768975E+001         4.1829198194E+002         4.2353174367E+002         8.0509474099E-001         1.0167651009E+000         
2019-05-06                09:56:22.490              125.08081586              3001.939581               126.08081586              1557136582.490            0                         963                       1.0000000000E+000         0.0000000000E+000         0.0000000000E+000         2.4518303632E+001         2.4771768975E+001         4.1837990566E+002         4.2357721851E+002         8.0509474099E-001         1.0167651009E+000         
2019-05-06                09:57:10.783              125.08137481              3001.952996               126.08137481              1557136630.784            0                         963                       1.0000000000E+000         0.0000000000E+000         0.0000000000E+000         2.4518303632E+001         2.4771768975E+001         4.1843146126E+002         4.2366625317E+002         8.0509474099E-001         1.0167651009E+000         
2019-05-06                09:58:01.158              125.08195786              3001.966989               126.08195786              1557136681.159            0                         963                       1.0000000000E+000         0.0000000000E+000         0.0000000000E+000         2.4518303632E+001         2.4771768975E+001         4.1844471334E+002         4.2371846019E+002         8.0509474099E-001         1.0167651009E+000         
2019-05-06                09:58:50.470              125.08252860              3001.980686               126.08252860              1557136730.471            0                         963                       1.0000000000E+000         0.0000000000E+000         0.0000000000E+000         2.4518303632E+001         2.4771768975E+001         4.1851906322E+002         4.2373187971E+002         8.0509474099E-001         1.0167651009E+000         
2019-05-06                09:59:39.707              125.08309846              3001.994363               126.08309846              1557136779.707            0                         963                       1.0000000000E+000         0.0000000000E+000         0.0000000000E+000         2.4518303632E+001         2.4771768975E+001         4.1861283976E+002         4.2380716902E+002         8.0509474099E-001         1.0167651009E+000         
2019-05-06                10:00:06.933              125.08341358              3002.001926               126.08341358              1557136806.933            0                         963                       2.0000000000E+000         0.0000000000E+000         0.0000000000E+000         2.5602738155E+001         2.4771768975E+001         4.1861283976E+002         4.2390213046E+002         8.0509474099E-001         1.0167651009E+000         
2019-05-06                10:00:27.075              125.08364670              3002.007521               126.08364670              1557136827.075            0                         963                       1.0000000000E+000         0.0000000000E+000         0.0000000000E+000         2.5602738155E+001         2.4771768975E+001         4.1871909953E+002         4.2390213046E+002         8.0509474099E-001         1.0167651009E+000         
2019-05-06                10:01:18.302              125.08423962              3002.021751               126.08423962              1557136878.303            0                         963                       1.0000000000E+000         0.0000000000E+000         0.0000000000E+000         2.5602738155E+001         2.5867414166E+001         4.1881741148E+002         4.2400973285E+002         8.0509474099E-001         1.0167651009E+000         
2019-05-06                10:02:06.607              125.08479869              3002.035169               126.08479869              1557136926.607            0                         963                       1.0000000000E+000         0.0000000000E+000         0.0000000000E+000         2.5602738155E+001         2.5867414166E+001         4.1892620454E+002         4.2410928700E+002         8.0509474099E-001         1.0167651009E+000         
2019-05-06                10:02:55.861              125.08536877              3002.048851               126.08536877              1557136975.862            0                         963                       1.0000000000E+000         0.0000000000E+000         0.0000000000E+000         2.5602738155E+001         2.5867414166E+001         4.1901076815E+002         4.2421945469E+002         8.0509474099E-001         1.0167651009E+000         
2019-05-06                10:03:46.183              125.08595119              3002.062829               126.08595119              1557137026.183            0                         963                       1.0000000000E+000         0.0000000000E+000         0.0000000000E+000         2.5602738155E+001         2.5867414166E+001         4.1909725135E+002         4.2430508679E+002         8.0509474099E-001         1.0167651009E+000         
2019-05-06                10:04:36.470              125.08653322              3002.076797               126.08653322              1557137076.470            0                         963                       1.0000000000E+000         0.0000000000E+000         0.0000000000E+000         2.5602738155E+001         2.5867414166E+001         4.1921215465E+002         4.2439266272E+002         8.0509474099E-001         1.0167651009E+000         
2019-05-06                10:05:25.694              125.08710294              3002.090471               126.08710294              1557137125.694            0                         963                       1.0000000000E+000         0.0000000000E+000         0.0000000000E+000         2.5602738155E+001         2.5867414166E+001         4.1930603432E+002         4.2450901786E+002         8.0509474099E-001         1.0167651009E+000         
2019-05-06                10:06:13.928              125.08766122              3002.103869               126.08766122              1557137173.929            0                         963                       1.0000000000E+000         0.0000000000E+000         0.0000000000E+000         2.5602738155E+001         2.5867414166E+001         4.1936811294E+002         4.2460408372E+002         8.0509474099E-001         1.0167651009E+000         
2019-05-06                10:06:40.628              125.08797024              3002.111286               126.08797024              1557137200.629            0                         963                       2.0000000000E+000         0.0000000000E+000         0.0000000000E+000         2.3987041533E+001         2.5867414166E+001         4.1936811294E+002         4.2466694673E+002         8.0509474099E-001         1.0167651009E+000         
2019-05-06                10:07:01.273              125.08820918              3002.117020               126.08820918              1557137221.273            0                         963                       1.0000000000E+000         0.0000000000E+000         0.0000000000E+000         2.3987041533E+001         2.5867414166E+001         4.1943016408E+002         4.2466694673E+002         8.0509474099E-001         1.0167651009E+000         
2019-05-06                10:07:52.460              125.08880162              3002.131239               126.08880162              1557137272.460            0                         963                       1.0000000000E+000         0.0000000000E+000         0.0000000000E+000         2.3987041533E+001         2.4235014794E+001         4.1946317800E+002         4.2472978190E+002         8.0509474099E-001         1.0167651009E+000         
2019-05-06                10:08:41.767              125.08937231              3002.144936               126.08937231              1557137321.768            0                         963                       1.0000000000E+000         0.0000000000E+000         0.0000000000E+000         2.3987041533E+001         2.4235014794E+001         4.1949072691E+002         4.2476321296E+002         8.0509474099E-001         1.0167651009E+000         
2019-05-06                10:09:31.025              125.08994242              3002.158618               126.08994242              1557137371.025            0                         963                       1.0000000000E+000         0.0000000000E+000         0.0000000000E+000         2.3987041533E+001         2.4235014794E+001         4.1951367460E+002         4.2479110996E+002         8.0509474099E-001         1.0167651009E+000         
2019-05-06                10:10:21.414              125.09052564              3002.172615               126.09052564              1557137421.415            0                         963                       1.0000000000E+000         0.0000000000E+000         0.0000000000E+000         2.3987041533E+001         2.4235014794E+001         4.1950370795E+002         4.2481434760E+002         8.0509474099E-001         1.0167651009E+000         
2019-05-06                10:11:12.668              125.09111885              3002.186852               126.09111885              1557137472.669            0                         963                       1.0000000000E+000         0.0000000000E+000         0.0000000000E+000         2.3987041533E+001         2.4235014794E+001         4.1950622289E+002         4.2480425502E+002         8.0509474099E-001         1.0167651009E+000         
2019-05-06                10:12:01.993              125.09168973              3002.200554               126.09168973              1557137521.993            0                         963                       1.0000000000E+000         0.0000000000E+000         0.0000000000E+000         2.3987041533E+001         2.4235014794E+001         4.1951707404E+002         4.2480680173E+002         8.0509474099E-001         1.0167651009E+000         
2019-05-06                10:12:51.240              125.09225973              3002.214234               126.09225973              1557137571.241            0                         963                       1.0000000000E+000         0.0000000000E+000         0.0000000000E+000         2.3987041533E+001         2.4235014794E+001         4.1951903596E+002         4.2481778999E+002         8.0509474099E-001         1.0167651009E+000         
2019-05-06                10:13:41.461              125.09284100              3002.228184               126.09284100              1557137621.462            0                         963                       1.0000000000E+000         0.0000000000E+000         0.0000000000E+000         2.3987041533E+001         2.4235014794E+001         4.1953756006E+002         4.2481977670E+002         8.0509474099E-001         1.0167651009E+000         
2019-05-06                10:14:30.744              125.09341140              3002.241874               126.09341140              1557137670.745            0                         963                       1.0000000000E+000         0.0000000000E+000         0.0000000000E+000         2.3987041533E+001         2.4235014794E+001         4.1954977903E+002         4.2483853485E+002         8.0509474099E-001         1.0167651009E+000         
2019-05-06                10:15:19.979              125.09398124              3002.255550               126.09398124              1557137719.979            0                         963                       1.0000000000E+000         0.0000000000E+000         0.0000000000E+000         2.3987041533E+001         2.4235014794E+001         4.1952856257E+002         4.2485090822E+002         8.0509474099E-001         1.0167651009E+000         
2019-05-06                10:16:09.230              125.09455128              3002.269231               126.09455128              1557137769.231            0                         963                       1.0000000000E+000         0.0000000000E+000         0.0000000000E+000         2.3987041533E+001         2.4235014794E+001         4.1951363629E+002         4.2482942368E+002         8.0509474099E-001         1.0167651009E+000         
2019-05-06                10:16:59.448              125.09513251              3002.283180               126.09513251              1557137819.449            0                         963                       1.0000000000E+000         0.0000000000E+000         0.0000000000E+000         2.3987041533E+001         2.4235014794E+001         4.1951891815E+002         4.2481430880E+002         8.0509474099E-001         1.0167651009E+000         
2019-05-06                10:17:49.602              125.09571300              3002.297112               126.09571300              1557137869.603            0                         963                       1.0000000000E+000         0.0000000000E+000         0.0000000000E+000         2.3987041533E+001         2.4235014794E+001         4.1950614365E+002         4.2481965740E+002         8.0509474099E-001         1.0167651009E+000         
2019-05-06                10:18:38.818              125.09628262              3002.310783               126.09628262              1557137918.818            0                         963                       1.0000000000E+000         0.0000000000E+000         0.0000000000E+000         2.3987041533E+001         2.4235014794E+001         4.1948984970E+002         4.2480672150E+002         8.0509474099E-001         1.0167651009E+000         
2019-05-06                10:19:28.042              125.09685235              3002.324456               126.09685235              1557137968.043            0                         963                       1.0000000000E+000         0.0000000000E+000         0.0000000000E+000         2.3987041533E+001         2.4235014794E+001         4.1943255332E+002         4.2479022166E+002         8.0509474099E-001         1.0167651009E+000         
2019-05-06                10:19:57.344              125.09719148              3002.332596               126.09719148              1557137997.344            0                         963                       2.0000000000E+000         0.0000000000E+000         0.0000000000E+000         3.9607813762E+002         2.4235014794E+001         4.1943255332E+002         4.2473220133E+002         8.0509474099E-001         1.0167651009E+000         
2019-05-06                10:20:17.349              125.09742303              3002.338153               126.09742303              1557138017.350            0                         963                       1.0000000000E+000         0.0000000000E+000         0.0000000000E+000         3.9607813762E+002         2.4235014794E+001         4.1936183648E+002         4.2473220133E+002         8.0509474099E-001         1.0167651009E+000         
2019-05-06                10:20:45.364              125.09774727              3002.345934               126.09774727              1557138045.364            0                         963                       2.0000000000E+000         0.0000000000E+000         0.0000000000E+000         2.5358327423E+001         4.0017271457E+002         4.1936183648E+002         4.2466059096E+002         8.0509474099E-001         1.0167651009E+000         
2019-05-06                10:21:05.684              125.09798247              3002.351579               126.09798247              1557138065.685            0                         963                       1.0000000000E+000         0.0000000000E+000         0.0000000000E+000         2.5358327423E+001         4.0017271457E+002         4.1927877108E+002         4.2466059096E+002         8.0509474099E-001         1.0167651009E+000         
2019-05-06                10:21:09.286              125.09802416              3002.352580               126.09802416              1557138069.287            0                         963                       3.0000000000E+000         0.0000000000E+000         0.0000000000E+000         2.5358327423E+001         2.5620956471E+001         4.1927877108E+002         4.2458617312E+002         8.0801357820E-001         1.0203610136E+000         
2019-05-06                10:21:20.438              125.09815323              3002.355677               126.09815323              1557138080.439            0                         963                       2.0000000000E+000         0.0000000000E+000         0.0000000000E+000         2.4649453323E+001         2.5620956471E+001         4.1927877108E+002         4.2458617312E+002         8.0801357820E-001         1.0203610136E+000         
2019-05-06                10:21:40.348              125.09838366              3002.361208               126.09838366              1557138100.348            0                         963                       1.0000000000E+000         0.0000000000E+000         0.0000000000E+000         2.4649453323E+001         2.5620956471E+001         4.1923960403E+002         4.2458617312E+002         8.0801357820E-001         1.0203610136E+000         
2019-05-06                10:22:29.618              125.09895391              3002.374894               126.09895391              1557138149.618            0                         963                       1.0000000000E+000         0.0000000000E+000         0.0000000000E+000         2.4649453323E+001         2.4905207115E+001         4.1915081605E+002         4.2455620767E+002         8.0801357820E-001         1.0203610136E+000         
2019-05-06                10:23:20.836              125.09954672              3002.389121               126.09954672              1557138200.837            0                         963                       1.0000000000E+000         0.0000000000E+000         0.0000000000E+000         2.4649453323E+001         2.4905207115E+001         4.1908278145E+002         4.2446629373E+002         8.0801357820E-001         1.0203610136E+000         
2019-05-06                10:24:10.148              125.10011745              3002.402819               126.10011745              1557138250.148            0                         963                       1.0000000000E+000         0.0000000000E+000         0.0000000000E+000         2.4649453323E+001         2.4905207115E+001         4.1899982038E+002         4.2439739634E+002         8.0801357820E-001         1.0203610136E+000         
2019-05-06                10:24:59.390              125.10068738              3002.416497               126.10068738              1557138299.390            0                         963                       1.0000000000E+000         0.0000000000E+000         0.0000000000E+000         2.4649453323E+001         2.4905207115E+001         4.1890116299E+002         4.2431338320E+002         8.0801357820E-001         1.0203610136E+000         
2019-05-06                10:25:48.596              125.10125691              3002.430166               126.10125691              1557138348.597            0                         963                       1.0000000000E+000         0.0000000000E+000         0.0000000000E+000         2.4649453323E+001         2.4905207115E+001         4.1880772990E+002         4.2421347468E+002         8.0801357820E-001         1.0203610136E+000         
2019-05-06                10:26:37.855              125.10182703              3002.443849               126.10182703              1557138397.855            0                         963                       1.0000000000E+000         0.0000000000E+000         0.0000000000E+000         2.4649453323E+001         2.4905207115E+001         4.1876863059E+002         4.2411885672E+002         8.0801357820E-001         1.0203610136E+000         
2019-05-06                10:27:28.078              125.10240831              3002.457799               126.10240831              1557138448.078            0                         963                       1.0000000000E+000         0.0000000000E+000         0.0000000000E+000         2.4649453323E+001         2.4905207115E+001         4.1877444059E+002         4.2407926156E+002         8.0801357820E-001         1.0203610136E+000         
2019-05-06                10:27:34.219              125.10247939              3002.459505               126.10247939              1557138454.219            0                         963                       3.0000000000E+000         0.0000000000E+000         0.0000000000E+000         2.4649453323E+001         2.4904920664E+001         4.1877444059E+002         4.2407919537E+002         8.0622070553E-001         1.0181523262E+000         
2019-05-06                10:28:06.525              125.10285330              3002.468479               126.10285330              1557138486.525            0                         963                       1.0000000000E+000         0.0000000000E+000         0.0000000000E+000         2.4649453323E+001         2.4904920664E+001         4.1877677597E+002         4.2407919537E+002         8.0622070553E-001         1.0181523262E+000         
2019-05-06                10:28:55.819              125.10342384              3002.482172               126.10342384              1557138535.820            0                         963                       1.0000000000E+000         0.0000000000E+000         0.0000000000E+000         2.4649453323E+001         2.4904634235E+001         4.1877531258E+002         4.2407561086E+002         8.0622070553E-001         1.0181523262E+000         
2019-05-06                10:29:46.125              125.10400608              3002.496146               126.10400608              1557138586.125            0                         963                       1.0000000000E+000         0.0000000000E+000         0.0000000000E+000         2.4649453323E+001         2.4904634235E+001         4.1881088060E+002         4.2407412895E+002         8.0622070553E-001         1.0181523262E+000         
2019-05-06                10:30:14.750              125.10433740              3002.504097               126.10433740              1557138614.751            0                         963                       2.0000000000E+000         0.0000000000E+000         0.0000000000E+000         3.9659897270E+002         2.4904634235E+001         4.1881088060E+002         4.2411014702E+002         8.0622070553E-001         1.0181523262E+000         
2019-05-06                10:30:34.500              125.10456597              3002.509583               126.10456597              1557138634.500            0                         963                       1.0000000000E+000         0.0000000000E+000         0.0000000000E+000         3.9659897270E+002         2.4904634235E+001         4.1887014238E+002         4.2411014702E+002         8.0622070553E-001         1.0181523262E+000         
2019-05-06                10:31:22.842              125.10512550              3002.523012               126.10512550              1557138682.843            0                         963                       1.0000000000E+000         0.0000000000E+000         0.0000000000E+000         3.9659897270E+002         4.0070472248E+002         4.1892002602E+002         4.2417015865E+002         8.0622070553E-001         1.0181523262E+000         
2019-05-06                10:32:12.063              125.10569519              3002.536684               126.10569519              1557138732.064            0                         963                       1.0000000000E+000         0.0000000000E+000         0.0000000000E+000         3.9659897270E+002         4.0070472248E+002         4.1899322624E+002         4.2422067347E+002         8.0622070553E-001         1.0181523262E+000         
2019-05-06                10:32:40.479              125.10602406              3002.544578               126.10602406              1557138760.479            0                         963                       2.0000000000E+000         0.0000000000E+000         0.0000000000E+000         3.9356131707E+002         4.0070472248E+002         4.1899322624E+002         4.2429479990E+002         8.0622070553E-001         1.0181523262E+000         
2019-05-06                10:33:00.401              125.10625464              3002.550111               126.10625464              1557138780.401            0                         963                       1.0000000000E+000         0.0000000000E+000         0.0000000000E+000         3.9356131707E+002         4.0070472248E+002         4.1898812593E+002         4.2429479990E+002         8.0622070553E-001         1.0181523262E+000         
2019-05-06                10:33:50.604              125.10683569              3002.564057               126.10683569              1557138830.604            0                         963                       1.0000000000E+000         0.0000000000E+000         0.0000000000E+000         3.9356131707E+002         3.9763561982E+002         4.1904859832E+002         4.2428963505E+002         8.0622070553E-001         1.0181523262E+000         
2019-05-06                10:34:39.838              125.10740553              3002.577733               126.10740553              1557138879.838            0                         963                       1.0000000000E+000         0.0000000000E+000         0.0000000000E+000         3.9356131707E+002         3.9763561982E+002         4.1915975386E+002         4.2435087261E+002         8.0622070553E-001         1.0181523262E+000         
2019-05-06                10:35:29.062              125.10797525              3002.591406               126.10797525              1557138929.062            0                         963                       1.0000000000E+000         0.0000000000E+000         0.0000000000E+000         3.9356131707E+002         3.9763561982E+002         4.1919484056E+002         4.2446343461E+002         8.0622070553E-001         1.0181523262E+000         
2019-05-06                10:36:19.282              125.10855652              3002.605356               126.10855652              1557138979.283            0                         963                       1.0000000000E+000         0.0000000000E+000         0.0000000000E+000         3.9356131707E+002         3.9763561982E+002         4.1923522935E+002         4.2449896527E+002         8.0622070553E-001         1.0181523262E+000         
2019-05-06                10:36:22.943              125.10859888              3002.606373               126.10859888              1557138982.943            0                         963                       3.0000000000E+000         0.0000000000E+000         0.0000000000E+000         3.9356131707E+002         3.9764366893E+002         4.1923522935E+002         4.2455034793E+002         8.0937628676E-001         1.0220396137E+000         
2019-05-06                10:36:33.503              125.10872111              3002.609307               126.10872111              1557138993.504            0                         963                       2.0000000000E+000         0.0000000000E+000         0.0000000000E+000         2.5598007503E+001         3.9764366893E+002         4.1923522935E+002         4.2455034793E+002         8.0937628676E-001         1.0220396137E+000         
2019-05-06                10:36:54.040              125.10895881              3002.615011               126.10895881              1557139014.041            0                         963                       1.0000000000E+000         0.0000000000E+000         0.0000000000E+000         2.5598007503E+001         3.9764366893E+002         4.1928995659E+002         4.2455034793E+002         8.0937628676E-001         1.0220396137E+000         
2019-05-06                10:37:43.358              125.10952962              3002.628711               126.10952962              1557139063.359            0                         963                       1.0000000000E+000         0.0000000000E+000         0.0000000000E+000         2.5598007503E+001         2.5864055352E+001         4.1934015190E+002         4.2461625459E+002         8.0937628676E-001         1.0220396137E+000         
2019-05-06                10:38:33.588              125.11011098              3002.642664               126.11011098              1557139113.589            0                         963                       1.0000000000E+000         0.0000000000E+000         0.0000000000E+000         2.5598007503E+001         2.5864055352E+001         4.1941176976E+002         4.2466708753E+002         8.0937628676E-001         1.0220396137E+000         
2019-05-06                10:39:22.898              125.11068170              3002.656361               126.11068170              1557139162.899            0                         963                       1.0000000000E+000         0.0000000000E+000         0.0000000000E+000         2.5598007503E+001         2.5864055352E+001         4.1946923114E+002         4.2473961517E+002         8.0937628676E-001         1.0220396137E+000         
2019-05-06                10:40:12.236              125.11125273              3002.670066               126.11125273              1557139212.236            0                         963                       1.0000000000E+000         0.0000000000E+000         0.0000000000E+000         2.5598007503E+001         2.5864055352E+001         4.1949844508E+002         4.2479780648E+002         8.0937628676E-001         1.0220396137E+000         
2019-05-06                10:41:01.493              125.11182284              3002.683748               126.11182284              1557139261.493            0                         963                       1.0000000000E+000         0.0000000000E+000         0.0000000000E+000         2.5598007503E+001         2.5864055352E+001         4.1950458839E+002         4.2482739153E+002         8.0937628676E-001         1.0220396137E+000         
2019-05-06                10:41:05.102              125.11186462              3002.684751               126.11186462              1557139265.103            0                         963                       3.0000000000E+000         0.0000000000E+000         0.0000000000E+000         2.5598007503E+001         2.5864643477E+001         4.1950458839E+002         4.2484539672E+002         8.1292096404E-001         1.0264053543E+000         
2019-05-06                10:41:16.266              125.11199382              3002.687852               126.11199382              1557139276.266            0                         963                       2.0000000000E+000         0.0000000000E+000         0.0000000000E+000         2.4712114510E+001         2.5864643477E+001         4.1950458839E+002         4.2484539672E+002         8.1292096404E-001         1.0264053543E+000         
2019-05-06                10:41:36.173              125.11222422              3002.693381               126.11222422              1557139296.173            0                         963                       1.0000000000E+000         0.0000000000E+000         0.0000000000E+000         2.4712114510E+001         2.5864643477E+001         4.1951153227E+002         4.2484539672E+002         8.1292096404E-001         1.0264053543E+000         
2019-05-06                10:42:05.782              125.11256693              3002.701606               126.11256693              1557139325.783            0                         963                       2.0000000000E+000         0.0000000000E+000         0.0000000000E+000         4.0108985650E+002         2.4970090630E+001         4.1951153227E+002         4.2486421479E+002         8.1292096404E-001         1.0264053543E+000         
2019-05-06                10:42:25.529              125.11279549              3002.707092               126.11279549              1557139345.530            0                         963                       1.0000000000E+000         0.0000000000E+000         0.0000000000E+000         4.0108985650E+002         2.4970090630E+001         4.1951621437E+002         4.2486421479E+002         8.1292096404E-001         1.0264053543E+000         
2019-05-06                10:43:15.803              125.11337736              3002.721057               126.11337736              1557139395.804            0                         963                       1.0000000000E+000         0.0000000000E+000         0.0000000000E+000         4.0108985650E+002         4.0527693668E+002         4.1949437320E+002         4.2486895663E+002         8.1292096404E-001         1.0264053543E+000         
2019-05-06                10:44:05.061              125.11394747              3002.734739               126.11394747              1557139445.061            0                         963                       1.0000000000E+000         0.0000000000E+000         0.0000000000E+000         4.0108985650E+002         4.0527693668E+002         4.1947643082E+002         4.2484683678E+002         8.1292096404E-001         1.0264053543E+000         
2019-05-06                10:44:54.371              125.11451818              3002.748436               126.11451818              1557139494.371            0                         963                       1.0000000000E+000         0.0000000000E+000         0.0000000000E+000         4.0108985650E+002         4.0527693668E+002         4.1944306158E+002         4.2482866547E+002         8.1292096404E-001         1.0264053543E+000         
2019-05-06                10:45:43.667              125.11508874              3002.762130               126.11508874              1557139543.667            0                         963                       1.0000000000E+000         0.0000000000E+000         0.0000000000E+000         4.0108985650E+002         4.0527693668E+002         4.1941442048E+002         4.2479487046E+002         8.1292096404E-001         1.0264053543E+000         
2019-05-06                10:46:33.851              125.11566957              3002.776070               126.11566957              1557139593.851            0                         963                       1.0000000000E+000         0.0000000000E+000         0.0000000000E+000         4.0108985650E+002         4.0527693668E+002         4.1938425410E+002         4.2476586392E+002         8.1292096404E-001         1.0264053543E+000         
2019-05-06                10:47:23.013              125.11623859              3002.789726               126.11623859              1557139643.014            0                         963                       1.0000000000E+000         0.0000000000E+000         0.0000000000E+000         4.0108985650E+002         4.0527693668E+002         4.1936585656E+002         4.2473531263E+002         8.1292096404E-001         1.0264053543E+000         
2019-05-06                10:48:12.299              125.11680903              3002.803417               126.11680903              1557139692.300            0                         963                       1.0000000000E+000         0.0000000000E+000         0.0000000000E+000         4.0108985650E+002         4.0527693668E+002         4.1935713586E+002         4.2471668035E+002         8.1292096404E-001         1.0264053543E+000         
2019-05-06                10:49:02.588              125.11739108              3002.817386               126.11739108              1557139742.589            0                         963                       1.0000000000E+000         0.0000000000E+000         0.0000000000E+000         4.0108985650E+002         4.0527693668E+002         4.1931588099E+002         4.2470784839E+002         8.1292096404E-001         1.0264053543E+000         
2019-05-06                10:49:30.405              125.11771303              3002.825113               126.11771303              1557139770.406            0                         963                       2.0000000000E+000         0.0000000000E+000         0.0000000000E+000         2.5750572726E+001         4.0527693668E+002         4.1931588099E+002         4.2466606713E+002         8.1292096404E-001         1.0264053543E+000         
2019-05-06                10:49:50.920              125.11795046              3002.830811               126.11795046              1557139790.920            0                         963                       1.0000000000E+000         0.0000000000E+000         0.0000000000E+000         2.5750572726E+001         4.0527693668E+002         4.1931073281E+002         4.2466606713E+002         8.1292096404E-001         1.0264053543E+000         
2019-05-06                10:50:41.197              125.11853238              3002.844777               126.11853238              1557139841.198            0                         963                       1.0000000000E+000         0.0000000000E+000         0.0000000000E+000         2.5750572726E+001         2.6019389578E+001         4.1929055937E+002         4.2466085327E+002         8.1292096404E-001         1.0264053543E+000         
2019-05-06                10:51:30.473              125.11910271              3002.858465               126.11910271              1557139890.474            0                         963                       1.0000000000E+000         0.0000000000E+000         0.0000000000E+000         2.5750572726E+001         2.6019389578E+001         4.1929136595E+002         4.2464042243E+002         8.1292096404E-001         1.0264053543E+000         
2019-05-06                10:52:21.686              125.11969544              3002.872691               126.11969544              1557139941.686            0                         963                       1.0000000000E+000         0.0000000000E+000         0.0000000000E+000         2.5750572726E+001         2.6019389578E+001         4.1929980649E+002         4.2464123930E+002         8.1292096404E-001         1.0264053543E+000         
2019-05-06                10:53:11.072              125.12026704              3002.886409               126.12026704              1557139991.072            0                         963                       1.0000000000E+000         0.0000000000E+000         0.0000000000E+000         2.5750572726E+001         2.6019389578E+001         4.1926918586E+002         4.2464978753E+002         8.1292096404E-001         1.0264053543E+000         
