DATE                      TIME                      FRAC_DAYS_SINCE_JAN1      FRAC_HRS_SINCE_JAN1       JULIAN_DAYS               EPOCH_TIME                ALARM_STATUS              INST_STATUS               species                   MPVPosition               solenoid_valves           CH4                       CH4_dry                   CO2                       CO2_dry                   H2O                       h2o_reported              
2019-05-06                02:44:36.457              124.78097751              2994.743460               125.78097751              1557110676.457            0                         963                       1.0000000000E+000         0.0000000000E+000         0.0000000000E+000         2.4071387586E+001         2.4308692084E+001         4.1261890742E+002         4.1763879151E+002         7.6809186503E-001         9.7112479403E-001         
2019-05-06                02:45:26.732              124.78155940              2994.757426               125.78155940              1557110726.732            0                         963                       1.0000000000E+000         0.0000000000E+000         0.0000000000E+000         2.4071387586E+001         2.4308692084E+001         4.1256229215E+002         4.1759060673E+002         7.6809186503E-001         9.7112479403E-001         
2019-05-06                02:46:16.017              124.78212984              2994.771116               125.78212984              1557110776.018            0                         963                       1.0000000000E+000         0.0000000000E+000         0.0000000000E+000         2.4071387586E+001         2.4308692084E+001         4.1249466647E+002         4.1753330930E+002         7.6809186503E-001         9.7112479403E-001         
2019-05-06                02:47:06.401              124.78271297              2994.785111               125.78271297              1557110826.401            0                         963                       1.0000000000E+000         0.0000000000E+000         0.0000000000E+000         2.4071387586E+001         2.4308692084E+001         4.1243324823E+002         4.1746486878E+002         7.6809186503E-001         9.7112479403E-001         
2019-05-06                02:47:55.691              124.78328347              2994.798803               125.78328347              1557110875.692            0                         963                       1.0000000000E+000         0.0000000000E+000         0.0000000000E+000         2.4071387586E+001         2.4308692084E+001         4.1236475786E+002         4.1740271050E+002         7.6809186503E-001         9.7112479403E-001         
2019-05-06                02:48:43.960              124.78384214              2994.812211               125.78384214              1557110923.961            0                         963                       1.0000000000E+000         0.0000000000E+000         0.0000000000E+000         2.4071387586E+001         2.4308692084E+001         4.1230577634E+002         4.1733339489E+002         7.6809186503E-001         9.7112479403E-001         
2019-05-06                02:49:33.194              124.78441198              2994.825887               125.78441198              1557110973.195            0                         963                       1.0000000000E+000         0.0000000000E+000         0.0000000000E+000         2.4071387586E+001         2.4308692084E+001         4.1228721389E+002         4.1727370269E+002         7.6809186503E-001         9.7112479403E-001         
2019-05-06                02:50:23.428              124.78499339              2994.839841               125.78499339              1557111023.429            0                         963                       1.0000000000E+000         0.0000000000E+000         0.0000000000E+000         2.4071387586E+001         2.4308692084E+001         4.1225210564E+002         4.1725491658E+002         7.6809186503E-001         9.7112479403E-001         
2019-05-06                02:51:12.654              124.78556314              2994.853515               125.78556314              1557111072.655            0                         963                       1.0000000000E+000         0.0000000000E+000         0.0000000000E+000         2.4071387586E+001         2.4308692084E+001         4.1220940516E+002         4.1721938531E+002         7.6809186503E-001         9.7112479403E-001         
2019-05-06                02:52:01.861              124.78613265              2994.867184               125.78613265              1557111121.861            0                         963                       1.0000000000E+000         0.0000000000E+000         0.0000000000E+000         2.4071387586E+001         2.4308692084E+001         4.1216028397E+002         4.1717617032E+002         7.6809186503E-001         9.7112479403E-001         
2019-05-06                02:52:51.091              124.78670244              2994.880859               125.78670244              1557111171.091            0                         963                       1.0000000000E+000         0.0000000000E+000         0.0000000000E+000         2.4071387586E+001         2.4308692084E+001         4.1213214384E+002         4.1712645727E+002         7.6809186503E-001         9.7112479403E-001         
2019-05-06                02:53:40.454              124.78727378              2994.894571               125.78727378              1557111220.455            0                         963                       1.0000000000E+000         0.0000000000E+000         0.0000000000E+000         2.4071387586E+001         2.4308692084E+001         4.1212976438E+002         4.1709797807E+002         7.6809186503E-001         9.7112479403E-001         
2019-05-06                02:54:29.763              124.78784449              2994.908268               125.78784449              1557111269.764            0                         963                       1.0000000000E+000         0.0000000000E+000         0.0000000000E+000         2.4071387586E+001         2.4308692084E+001         4.1211877097E+002         4.1709556994E+002         7.6809186503E-001         9.7112479403E-001         
2019-05-06                02:55:18.980              124.78841413              2994.921939               125.78841413              1557111318.981            0                         963                       1.0000000000E+000         0.0000000000E+000         0.0000000000E+000         2.4071387586E+001         2.4308692084E+001         4.1210087272E+002         4.1708444407E+002         7.6809186503E-001         9.7112479403E-001         
2019-05-06                02:56:08.171              124.78898347              2994.935603               125.78898347              1557111368.172            0                         963                       1.0000000000E+000         0.0000000000E+000         0.0000000000E+000         2.4071387586E+001         2.4308692084E+001         4.1209899983E+002         4.1706633016E+002         7.6809186503E-001         9.7112479403E-001         
2019-05-06                02:56:35.380              124.78929838              2994.943161               125.78929838              1557111395.380            0                         963                       2.0000000000E+000         0.0000000000E+000         0.0000000000E+000         2.4531025393E+001         2.4308692084E+001         4.1209899983E+002         4.1706443470E+002         7.6809186503E-001         9.7112479403E-001         
2019-05-06                02:56:55.505              124.78953131              2994.948751               125.78953131              1557111415.505            0                         963                       1.0000000000E+000         0.0000000000E+000         0.0000000000E+000         2.4531025393E+001         2.4308692084E+001         4.1204630285E+002         4.1706443470E+002         7.6809186503E-001         9.7112479403E-001         
2019-05-06                02:57:44.894              124.79010295              2994.962471               125.79010295              1557111464.895            0                         963                       1.0000000000E+000         0.0000000000E+000         0.0000000000E+000         2.4531025393E+001         2.4772861169E+001         4.1203339472E+002         4.1701110277E+002         7.6809186503E-001         9.7112479403E-001         
2019-05-06                02:57:51.706              124.79018178              2994.964363               125.79018178              1557111471.706            0                         963                       3.0000000000E+000         0.0000000000E+000         0.0000000000E+000         2.4531025393E+001         2.4769175535E+001         4.1203339472E+002         4.1692235654E+002         7.4489494284E-001         9.4246190277E-001         
2019-05-06                02:58:24.305              124.79055909              2994.973418               125.79055909              1557111504.305            0                         963                       1.0000000000E+000         0.0000000000E+000         0.0000000000E+000         2.4531025393E+001         2.4769175535E+001         4.1199145159E+002         4.1692235654E+002         7.4489494284E-001         9.4246190277E-001         
2019-05-06                02:59:12.592              124.79111797              2994.986831               125.79111797              1557111552.593            0                         963                       1.0000000000E+000         0.0000000000E+000         0.0000000000E+000         2.4531025393E+001         2.4765493455E+001         4.1195642514E+002         4.1680431465E+002         7.4489494284E-001         9.4246190277E-001         
2019-05-06                03:00:01.869              124.79168831              2995.000519               125.79168831              1557111601.870            0                         963                       1.0000000000E+000         0.0000000000E+000         0.0000000000E+000         2.4531025393E+001         2.4765493455E+001         4.1191866878E+002         4.1676887902E+002         7.4489494284E-001         9.4246190277E-001         
2019-05-06                03:00:52.193              124.79227075              2995.014498               125.79227075              1557111652.193            0                         963                       1.0000000000E+000         0.0000000000E+000         0.0000000000E+000         2.4531025393E+001         2.4765493455E+001         4.1184139199E+002         4.1673068159E+002         7.4489494284E-001         9.4246190277E-001         
2019-05-06                03:01:41.451              124.79284088              2995.028181               125.79284088              1557111701.452            0                         963                       1.0000000000E+000         0.0000000000E+000         0.0000000000E+000         2.4531025393E+001         2.4765493455E+001         4.1176647009E+002         4.1665250207E+002         7.4489494284E-001         9.4246190277E-001         
2019-05-06                03:02:30.684              124.79341069              2995.041857               125.79341069              1557111750.684            0                         963                       1.0000000000E+000         0.0000000000E+000         0.0000000000E+000         2.4531025393E+001         2.4765493455E+001         4.1173384327E+002         4.1657670493E+002         7.4489494284E-001         9.4246190277E-001         
2019-05-06                03:02:35.167              124.79346258              2995.043102               125.79346258              1557111755.167            0                         963                       3.0000000000E+000         0.0000000000E+000         0.0000000000E+000         2.4531025393E+001         2.4765399151E+001         4.1173384327E+002         4.1654176191E+002         7.4430095696E-001         9.4172743393E-001         
2019-05-06                03:02:43.878              124.79356340              2995.045522               125.79356340              1557111763.878            0                         963                       2.0000000000E+000         0.0000000000E+000         0.0000000000E+000         3.1108268561E+002         2.4765399151E+001         4.1173384327E+002         4.1654176191E+002         7.4430095696E-001         9.4172743393E-001         
2019-05-06                03:03:04.329              124.79380012              2995.051203               125.79380012              1557111784.330            0                         963                       1.0000000000E+000         0.0000000000E+000         0.0000000000E+000         3.1108268561E+002         2.4765399151E+001         4.1168676621E+002         4.1654176191E+002         7.4430095696E-001         9.4172743393E-001         
2019-05-06                03:03:54.769              124.79438390              2995.065214               125.79438390              1557111834.769            0                         963                       1.0000000000E+000         0.0000000000E+000         0.0000000000E+000         3.1108268561E+002         3.1405362878E+002         4.1164972401E+002         4.1649220034E+002         7.4430095696E-001         9.4172743393E-001         
2019-05-06                03:04:45.006              124.79496536              2995.079169               125.79496536              1557111885.007            0                         963                       1.0000000000E+000         0.0000000000E+000         0.0000000000E+000         3.1108268561E+002         3.1405362878E+002         4.1159163960E+002         4.1645472577E+002         7.4430095696E-001         9.4172743393E-001         
2019-05-06                03:05:34.221              124.79553498              2995.092839               125.79553498              1557111934.222            0                         963                       1.0000000000E+000         0.0000000000E+000         0.0000000000E+000         3.1108268561E+002         3.1405362878E+002         4.1153809065E+002         4.1639596336E+002         7.4430095696E-001         9.4172743393E-001         
2019-05-06                03:06:25.473              124.79612817              2995.107076               125.79612817              1557111985.474            0                         963                       1.0000000000E+000         0.0000000000E+000         0.0000000000E+000         3.1108268561E+002         3.1405362878E+002         4.1149842811E+002         4.1634178936E+002         7.4430095696E-001         9.4172743393E-001         
2019-05-06                03:07:16.677              124.79672081              2995.121299               125.79672081              1557112036.678            0                         963                       1.0000000000E+000         0.0000000000E+000         0.0000000000E+000         3.1108268561E+002         3.1405362878E+002         4.1144483266E+002         4.1630166386E+002         7.4430095696E-001         9.4172743393E-001         
2019-05-06                03:08:05.894              124.79729045              2995.134971               125.79729045              1557112085.895            0                         963                       1.0000000000E+000         0.0000000000E+000         0.0000000000E+000         3.1108268561E+002         3.1405362878E+002         4.1138579339E+002         4.1624744281E+002         7.4430095696E-001         9.4172743393E-001         
2019-05-06                03:08:08.602              124.79732179              2995.135723               125.79732179              1557112088.603            0                         963                       3.0000000000E+000         0.0000000000E+000         0.0000000000E+000         3.1108268561E+002         3.1405598559E+002         4.1138579339E+002         4.1619152469E+002         7.4547159170E-001         9.4317490935E-001         
2019-05-06                03:08:19.714              124.79745041              2995.138810               125.79745041              1557112099.715            0                         963                       2.0000000000E+000         0.0000000000E+000         0.0000000000E+000         3.7901566756E+002         3.1405598559E+002         4.1138579339E+002         4.1619152469E+002         7.4547159170E-001         9.4317490935E-001         
2019-05-06                03:08:39.627              124.79768087              2995.144341               125.79768087              1557112119.627            0                         963                       1.0000000000E+000         0.0000000000E+000         0.0000000000E+000         3.7901566756E+002         3.1405598559E+002         4.1131954421E+002         4.1619152469E+002         7.4547159170E-001         9.4317490935E-001         
2019-05-06                03:09:29.983              124.79826370              2995.158329               125.79826370              1557112169.984            0                         963                       1.0000000000E+000         0.0000000000E+000         0.0000000000E+000         3.7901566756E+002         3.8264113640E+002         4.1127332540E+002         4.1612831145E+002         7.4547159170E-001         9.4317490935E-001         
2019-05-06                03:10:19.325              124.79883478              2995.172035               125.79883478              1557112219.325            0                         963                       1.0000000000E+000         0.0000000000E+000         0.0000000000E+000         3.7901566756E+002         3.8264113640E+002         4.1122599973E+002         4.1608155230E+002         7.4547159170E-001         9.4317490935E-001         
2019-05-06                03:11:08.562              124.79940465              2995.185712               125.79940465              1557112268.562            0                         963                       1.0000000000E+000         0.0000000000E+000         0.0000000000E+000         3.7901566756E+002         3.8264113640E+002         4.1115549262E+002         4.1603367334E+002         7.4547159170E-001         9.4317490935E-001         
2019-05-06                03:11:57.828              124.79997486              2995.199397               125.79997486              1557112317.828            0                         963                       1.0000000000E+000         0.0000000000E+000         0.0000000000E+000         3.7901566756E+002         3.8264113640E+002         4.1108845333E+002         4.1596234193E+002         7.4547159170E-001         9.4317490935E-001         
2019-05-06                03:12:47.119              124.80054537              2995.213089               125.80054537              1557112367.120            0                         963                       1.0000000000E+000         0.0000000000E+000         0.0000000000E+000         3.7901566756E+002         3.8264113640E+002         4.1104500106E+002         4.1589451887E+002         7.4547159170E-001         9.4317490935E-001         
2019-05-06                03:13:36.411              124.80111588              2995.226781               125.80111588              1557112416.412            0                         963                       1.0000000000E+000         0.0000000000E+000         0.0000000000E+000         3.7901566756E+002         3.8264113640E+002         4.1097421416E+002         4.1585055860E+002         7.4547159170E-001         9.4317490935E-001         
2019-05-06                03:14:25.681              124.80168613              2995.240467               125.80168613              1557112465.682            0                         963                       1.0000000000E+000         0.0000000000E+000         0.0000000000E+000         3.7901566756E+002         3.8264113640E+002         4.1088277481E+002         4.1577894412E+002         7.4547159170E-001         9.4317490935E-001         
2019-05-06                03:14:29.299              124.80172801              2995.241472               125.80172801              1557112469.300            0                         963                       3.0000000000E+000         0.0000000000E+000         0.0000000000E+000         3.7901566756E+002         3.8264416589E+002         4.1088277481E+002         4.1569045081E+002         7.4670661248E-001         9.4470188783E-001         
2019-05-06                03:15:01.283              124.80209819              2995.250357               125.80209819              1557112501.284            0                         963                       1.0000000000E+000         0.0000000000E+000         0.0000000000E+000         3.7901566756E+002         3.8264416589E+002         4.1081918605E+002         4.1569045081E+002         7.4670661248E-001         9.4470188783E-001         
2019-05-06                03:15:04.917              124.80214025              2995.251366               125.80214025              1557112504.918            0                         963                       3.0000000000E+000         0.0000000000E+000         0.0000000000E+000         3.7901566756E+002         3.8264401183E+002         4.1081918605E+002         4.1562591386E+002         7.4664380698E-001         9.4462423788E-001         
2019-05-06                03:15:17.148              124.80228182              2995.254764               125.80228182              1557112517.149            0                         963                       2.0000000000E+000         0.0000000000E+000         0.0000000000E+000         3.8541988999E+002         3.8264704147E+002         4.1081918605E+002         4.1562992849E+002         7.4664380698E-001         9.4462423788E-001         
2019-05-06                03:15:36.888              124.80251028              2995.260247               125.80251028              1557112536.888            0                         963                       1.0000000000E+000         0.0000000000E+000         0.0000000000E+000         3.8541988999E+002         3.8264704147E+002         4.1079736234E+002         4.1562992849E+002         7.4664380698E-001         9.4462423788E-001         
2019-05-06                03:15:40.500              124.80255209              2995.261250               125.80255209              1557112540.501            0                         963                       3.0000000000E+000         0.0000000000E+000         0.0000000000E+000         3.8541988999E+002         3.8911508000E+002         4.1079736234E+002         4.1561105052E+002         7.4769150157E-001         9.4591952318E-001         
2019-05-06                03:15:50.371              124.80266634              2995.263992               125.80266634              1557112550.372            0                         963                       2.0000000000E+000         0.0000000000E+000         0.0000000000E+000         2.5309393069E+001         3.8911508000E+002         4.1079736234E+002         4.1561105052E+002         7.4769150157E-001         9.4591952318E-001         
2019-05-06                03:16:10.502              124.80289933              2995.269584               125.80289933              1557112570.502            0                         963                       1.0000000000E+000         0.0000000000E+000         0.0000000000E+000         2.5309393069E+001         3.8911508000E+002         4.1071799637E+002         4.1561105052E+002         7.4769150157E-001         9.4591952318E-001         
2019-05-06                03:16:58.753              124.80345780              2995.282987               125.80345780              1557112618.754            0                         963                       1.0000000000E+000         0.0000000000E+000         0.0000000000E+000         2.5309393069E+001         2.5552216980E+001         4.1066555734E+002         4.1553415949E+002         7.4769150157E-001         9.4591952318E-001         
2019-05-06                03:17:48.005              124.80402784              2995.296668               125.80402784              1557112668.005            0                         963                       1.0000000000E+000         0.0000000000E+000         0.0000000000E+000         2.5309393069E+001         2.5552216980E+001         4.1061114194E+002         4.1548110555E+002         7.4769150157E-001         9.4591952318E-001         
2019-05-06                03:18:38.403              124.80461115              2995.310668               125.80461115              1557112718.403            0                         963                       1.0000000000E+000         0.0000000000E+000         0.0000000000E+000         2.5309393069E+001         2.5552216980E+001         4.1053660189E+002         4.1542605206E+002         7.4769150157E-001         9.4591952318E-001         
2019-05-06                03:19:28.755              124.80519392              2995.324654               125.80519392              1557112768.755            0                         963                       1.0000000000E+000         0.0000000000E+000         0.0000000000E+000         2.5309393069E+001         2.5552216980E+001         4.1047538564E+002         4.1535063794E+002         7.4769150157E-001         9.4591952318E-001         
2019-05-06                03:20:18.059              124.80576457              2995.338350               125.80576457              1557112818.059            0                         963                       1.0000000000E+000         0.0000000000E+000         0.0000000000E+000         2.5309393069E+001         2.5552216980E+001         4.1040914689E+002         4.1528870386E+002         7.4769150157E-001         9.4591952318E-001         
2019-05-06                03:21:07.323              124.80633477              2995.352034               125.80633477              1557112867.324            0                         963                       1.0000000000E+000         0.0000000000E+000         0.0000000000E+000         2.5309393069E+001         2.5552216980E+001         4.1032273915E+002         4.1522168837E+002         7.4769150157E-001         9.4591952318E-001         
2019-05-06                03:21:57.710              124.80691794              2995.366031               125.80691794              1557112917.710            0                         963                       1.0000000000E+000         0.0000000000E+000         0.0000000000E+000         2.5309393069E+001         2.5552216980E+001         4.1026327532E+002         4.1513426740E+002         7.4769150157E-001         9.4591952318E-001         
2019-05-06                03:22:46.049              124.80747742              2995.379458               125.80747742              1557112966.049            0                         963                       1.0000000000E+000         0.0000000000E+000         0.0000000000E+000         2.5309393069E+001         2.5552216980E+001         4.1020608436E+002         4.1507410629E+002         7.4769150157E-001         9.4591952318E-001         
2019-05-06                03:23:35.276              124.80804718              2995.393132               125.80804718              1557113015.276            0                         963                       1.0000000000E+000         0.0000000000E+000         0.0000000000E+000         2.5309393069E+001         2.5552216980E+001         4.1013540114E+002         4.1501624470E+002         7.4769150157E-001         9.4591952318E-001         
2019-05-06                03:24:24.486              124.80861674              2995.406802               125.80861674              1557113064.486            0                         963                       1.0000000000E+000         0.0000000000E+000         0.0000000000E+000         2.5309393069E+001         2.5552216980E+001         4.1004958317E+002         4.1494473262E+002         7.4769150157E-001         9.4591952318E-001         
2019-05-06                03:24:33.329              124.80871910              2995.409258               125.80871910              1557113073.330            0                         963                       3.0000000000E+000         0.0000000000E+000         0.0000000000E+000         2.5309393069E+001         2.5552105499E+001         4.1004958317E+002         4.1485570025E+002         7.4701096821E-001         9.4507817569E-001         
2019-05-06                03:24:45.818              124.80886363              2995.412727               125.80886363              1557113085.818            0                         963                       2.0000000000E+000         0.0000000000E+000         0.0000000000E+000         2.5030809476E+001         2.5552105499E+001         4.1004958317E+002         4.1485570025E+002         7.4701096821E-001         9.4507817569E-001         
2019-05-06                03:25:05.944              124.80909659              2995.418318               125.80909659              1557113105.945            0                         963                       1.0000000000E+000         0.0000000000E+000         0.0000000000E+000         2.5030809476E+001         2.5552105499E+001         4.0998336291E+002         4.1485570025E+002         7.4701096821E-001         9.4507817569E-001         
2019-05-06                03:25:56.188              124.80967811              2995.432275               125.80967811              1557113156.189            0                         963                       1.0000000000E+000         0.0000000000E+000         0.0000000000E+000         2.5030809476E+001         2.5270740090E+001         4.0993670890E+002         4.1478649618E+002         7.4701096821E-001         9.4507817569E-001         
2019-05-06                03:26:45.411              124.81024782              2995.445948               125.81024782              1557113205.412            0                         963                       1.0000000000E+000         0.0000000000E+000         0.0000000000E+000         2.5030809476E+001         2.5270740090E+001         4.0987491155E+002         4.1473929559E+002         7.4701096821E-001         9.4507817569E-001         
2019-05-06                03:27:34.634              124.81081753              2995.459621               125.81081753              1557113254.635            0                         963                       1.0000000000E+000         0.0000000000E+000         0.0000000000E+000         2.5030809476E+001         2.5270740090E+001         4.0981234012E+002         4.1467677426E+002         7.4701096821E-001         9.4507817569E-001         
2019-05-06                03:28:25.028              124.81140079              2995.473619               125.81140079              1557113305.028            0                         963                       1.0000000000E+000         0.0000000000E+000         0.0000000000E+000         2.5030809476E+001         2.5270740090E+001         4.0971798215E+002         4.1461346977E+002         7.4701096821E-001         9.4507817569E-001         
2019-05-06                03:29:14.279              124.81197083              2995.487300               125.81197083              1557113354.280            0                         963                       1.0000000000E+000         0.0000000000E+000         0.0000000000E+000         2.5030809476E+001         2.5270740090E+001         4.0965440591E+002         4.1451800636E+002         7.4701096821E-001         9.4507817569E-001         
2019-05-06                03:29:16.947              124.81200171              2995.488041               125.81200171              1557113356.948            0                         963                       3.0000000000E+000         0.0000000000E+000         0.0000000000E+000         2.5030809476E+001         2.5271320401E+001         4.0965440591E+002         4.1446529618E+002         7.5059309568E-001         9.4950639869E-001         
2019-05-06                03:29:28.040              124.81213010              2995.491122               125.81213010              1557113368.041            0                         963                       2.0000000000E+000         0.0000000000E+000         0.0000000000E+000         3.8200825322E+002         2.5271320401E+001         4.0965440591E+002         4.1446529618E+002         7.5059309568E-001         9.4950639869E-001         
2019-05-06                03:29:47.944              124.81236046              2995.496651               125.81236046              1557113387.944            0                         963                       1.0000000000E+000         0.0000000000E+000         0.0000000000E+000         3.8200825322E+002         2.5271320401E+001         4.0961151237E+002         4.1446529618E+002         7.5059309568E-001         9.4950639869E-001         
2019-05-06                03:30:37.160              124.81293009              2995.510322               125.81293009              1557113437.160            0                         963                       1.0000000000E+000         0.0000000000E+000         0.0000000000E+000         3.8200825322E+002         3.8568767380E+002         4.0956692659E+002         4.1443351032E+002         7.5059309568E-001         9.4950639869E-001         
2019-05-06                03:31:26.532              124.81350153              2995.524037               125.81350153              1557113486.532            0                         963                       1.0000000000E+000         0.0000000000E+000         0.0000000000E+000         3.8200825322E+002         3.8568767380E+002         4.0951860965E+002         4.1438839967E+002         7.5059309568E-001         9.4950639869E-001         
2019-05-06                03:31:54.983              124.81383082              2995.531940               125.81383082              1557113514.983            0                         963                       2.0000000000E+000         0.0000000000E+000         0.0000000000E+000         3.8897024433E+002         3.8568767380E+002         4.0951860965E+002         4.1433951394E+002         7.5059309568E-001         9.4950639869E-001         
2019-05-06                03:32:14.914              124.81406150              2995.537476               125.81406150              1557113534.914            0                         963                       1.0000000000E+000         0.0000000000E+000         0.0000000000E+000         3.8897024433E+002         3.8568767380E+002         4.0946988598E+002         4.1433951394E+002         7.5059309568E-001         9.4950639869E-001         
2019-05-06                03:33:03.176              124.81462009              2995.550882               125.81462009              1557113583.176            0                         963                       1.0000000000E+000         0.0000000000E+000         0.0000000000E+000         3.8897024433E+002         3.9271672129E+002         4.0945307219E+002         4.1429021669E+002         7.5059309568E-001         9.4950639869E-001         
2019-05-06                03:33:52.411              124.81518994              2995.564559               125.81518994              1557113632.411            0                         963                       1.0000000000E+000         0.0000000000E+000         0.0000000000E+000         3.8897024433E+002         3.9271672129E+002         4.0940806145E+002         4.1427320497E+002         7.5059309568E-001         9.4950639869E-001         
2019-05-06                03:34:42.770              124.81577281              2995.578547               125.81577281              1557113682.771            0                         963                       1.0000000000E+000         0.0000000000E+000         0.0000000000E+000         3.8897024433E+002         3.9271672129E+002         4.0938066128E+002         4.1422766435E+002         7.5059309568E-001         9.4950639869E-001         
2019-05-06                03:35:33.075              124.81635503              2995.592521               125.81635503              1557113733.075            0                         963                       1.0000000000E+000         0.0000000000E+000         0.0000000000E+000         3.8897024433E+002         3.9271672129E+002         4.0933948832E+002         4.1419994162E+002         7.5059309568E-001         9.4950639869E-001         
2019-05-06                03:36:23.216              124.81693537              2995.606449               125.81693537              1557113783.216            0                         963                       1.0000000000E+000         0.0000000000E+000         0.0000000000E+000         3.8897024433E+002         3.9271672129E+002         4.0932133109E+002         4.1415828397E+002         7.5059309568E-001         9.4950639869E-001         
2019-05-06                03:36:51.604              124.81726394              2995.614334               125.81726394              1557113811.604            0                         963                       2.0000000000E+000         0.0000000000E+000         0.0000000000E+000         2.5034198658E+001         3.9271672129E+002         4.0932133109E+002         4.1413991299E+002         7.5059309568E-001         9.4950639869E-001         
2019-05-06                03:37:11.523              124.81749448              2995.619868               125.81749448              1557113831.523            0                         963                       1.0000000000E+000         0.0000000000E+000         0.0000000000E+000         2.5034198658E+001         3.9271672129E+002         4.0930478506E+002         4.1413991299E+002         7.5059309568E-001         9.4950639869E-001         
2019-05-06                03:38:00.947              124.81806653              2995.633597               125.81806653              1557113880.948            0                         963                       1.0000000000E+000         0.0000000000E+000         0.0000000000E+000         2.5034198658E+001         2.5275322626E+001         4.0931760043E+002         4.1412317218E+002         7.5059309568E-001         9.4950639869E-001         
2019-05-06                03:38:50.174              124.81863627              2995.647271               125.81863627              1557113930.174            0                         963                       1.0000000000E+000         0.0000000000E+000         0.0000000000E+000         2.5034198658E+001         2.5275322626E+001         4.0929780377E+002         4.1413613842E+002         7.5059309568E-001         9.4950639869E-001         
2019-05-06                03:39:39.428              124.81920635              2995.660952               125.81920635              1557113979.429            0                         963                       1.0000000000E+000         0.0000000000E+000         0.0000000000E+000         2.5034198658E+001         2.5275322626E+001         4.0927159153E+002         4.1411610870E+002         7.5059309568E-001         9.4950639869E-001         
2019-05-06                03:40:28.640              124.81977593              2995.674622               125.81977593              1557114028.640            0                         963                       1.0000000000E+000         0.0000000000E+000         0.0000000000E+000         2.5034198658E+001         2.5275322626E+001         4.0926041916E+002         4.1408958789E+002         7.5059309568E-001         9.4950639869E-001         
2019-05-06                03:41:17.890              124.82034595              2995.688303               125.82034595              1557114077.890            0                         963                       1.0000000000E+000         0.0000000000E+000         0.0000000000E+000         2.5034198658E+001         2.5275322626E+001         4.0923178236E+002         4.1407828400E+002         7.5059309568E-001         9.4950639869E-001         
2019-05-06                03:41:20.558              124.82037683              2995.689044               125.82037683              1557114080.558            0                         963                       3.0000000000E+000         0.0000000000E+000         0.0000000000E+000         2.5034198658E+001         2.5275024715E+001         4.0923178236E+002         4.1404335643E+002         7.4875466023E-001         9.4723384437E-001         
2019-05-06                03:41:52.536              124.82074694              2995.697927               125.82074694              1557114112.536            0                         963                       1.0000000000E+000         0.0000000000E+000         0.0000000000E+000         2.5034198658E+001         2.5275024715E+001         4.0919419643E+002         4.1404335643E+002         7.4875466023E-001         9.4723384437E-001         
2019-05-06                03:42:41.819              124.82131736              2995.711617               125.82131736              1557114161.820            0                         963                       1.0000000000E+000         0.0000000000E+000         0.0000000000E+000         2.5034198658E+001         2.5274726828E+001         4.0915073297E+002         4.1399937594E+002         7.4875466023E-001         9.4723384437E-001         
2019-05-06                03:43:31.042              124.82188706              2995.725289               125.82188706              1557114211.042            0                         963                       1.0000000000E+000         0.0000000000E+000         0.0000000000E+000         2.5034198658E+001         2.5274726828E+001         4.0911348296E+002         4.1395540209E+002         7.4875466023E-001         9.4723384437E-001         
2019-05-06                03:44:20.200              124.82245603              2995.738945               125.82245603              1557114260.201            0                         963                       1.0000000000E+000         0.0000000000E+000         0.0000000000E+000         2.5034198658E+001         2.5274726828E+001         4.0908577170E+002         4.1391771465E+002         7.4875466023E-001         9.4723384437E-001         
2019-05-06                03:44:48.674              124.82278559              2995.746854               125.82278559              1557114288.675            0                         963                       2.0000000000E+000         0.0000000000E+000         0.0000000000E+000         2.4623082645E+001         2.5274726828E+001         4.0908577170E+002         4.1388967799E+002         7.4875466023E-001         9.4723384437E-001         
2019-05-06                03:45:08.614              124.82301637              2995.752393               125.82301637              1557114308.614            0                         963                       1.0000000000E+000         0.0000000000E+000         0.0000000000E+000         2.4623082645E+001         2.5274726828E+001         4.0906512197E+002         4.1388967799E+002         7.4875466023E-001         9.4723384437E-001         
