DATE                      TIME                      FRAC_DAYS_SINCE_JAN1      FRAC_HRS_SINCE_JAN1       JULIAN_DAYS               EPOCH_TIME                ALARM_STATUS              INST_STATUS               species                   MPVPosition               solenoid_valves           CH4                       CH4_dry                   CO2                       CO2_dry                   H2O                       h2o_reported              
2019-03-21                12:15:23.335              79.17735341               1900.256482               80.17735341               1553170523.335            0                         963                       2.0000000000E+000         0.0000000000E+000         0.0000000000E+000         3.5616371772E+000         1.7908135731E+001         4.4665189163E+002         4.5158390268E+002         7.0444569877E-001         8.9238649847E-001         
2019-03-21                12:15:43.979              79.17759235               1900.262216               80.17759235               1553170543.979            0                         963                       1.0000000000E+000         0.0000000000E+000         0.0000000000E+000         3.5616371772E+000         1.7908135731E+001         4.4670466409E+002         4.5158390268E+002         7.0444569877E-001         8.9238649847E-001         
2019-03-21                12:16:11.881              79.17791530               1900.269967               80.17791530               1553170571.882            0                         963                       2.0000000000E+000         0.0000000000E+000         0.0000000000E+000         3.5107566706E+001         3.5938154926E+000         4.4670466409E+002         4.5163725787E+002         7.0444569877E-001         8.9238649847E-001         
2019-03-21                12:16:32.372              79.17815247               1900.275659               80.17815247               1553170592.373            0                         963                       1.0000000000E+000         0.0000000000E+000         0.0000000000E+000         3.5107566706E+001         3.5938154926E+000         4.4679577434E+002         4.5163725787E+002         7.0444569877E-001         8.9238649847E-001         
2019-03-21                12:17:21.630              79.17872257               1900.289342               80.17872257               1553170641.630            0                         963                       1.0000000000E+000         0.0000000000E+000         0.0000000000E+000         3.5107566706E+001         3.5424752960E+001         4.4683621484E+002         4.5172937417E+002         7.0444569877E-001         8.9238649847E-001         
2019-03-21                12:18:10.855              79.17929230               1900.303015               80.17929230               1553170690.855            0                         963                       1.0000000000E+000         0.0000000000E+000         0.0000000000E+000         3.5107566706E+001         3.5424752960E+001         4.4683612715E+002         4.5177026122E+002         7.0444569877E-001         8.9238649847E-001         
2019-03-21                12:19:00.078              79.17986203               1900.316689               80.17986203               1553170740.079            0                         963                       1.0000000000E+000         0.0000000000E+000         0.0000000000E+000         3.5107566706E+001         3.5424752960E+001         4.4688015840E+002         4.5177017256E+002         7.0444569877E-001         8.9238649847E-001         
2019-03-21                12:19:03.624              79.17990306               1900.317673               80.17990306               1553170743.624            0                         963                       3.0000000000E+000         0.0000000000E+000         0.0000000000E+000         3.5107566706E+001         3.5425140528E+001         4.4688015840E+002         4.5182072093E+002         7.0615308523E-001         8.9450265998E-001         
2019-03-21                12:19:35.641              79.18027362               1900.326567               80.18027362               1553170775.641            0                         963                       1.0000000000E+000         0.0000000000E+000         0.0000000000E+000         3.5107566706E+001         3.5425140528E+001         4.4691271017E+002         4.5182072093E+002         7.0615308523E-001         8.9450265998E-001         
2019-03-21                12:20:24.881              79.18084353               1900.340245               80.18084353               1553170824.881            0                         963                       1.0000000000E+000         0.0000000000E+000         0.0000000000E+000         3.5107566706E+001         3.5425528124E+001         4.4693747054E+002         4.5185966436E+002         7.0615308523E-001         8.9450265998E-001         
2019-03-21                12:20:49.854              79.18113257               1900.347182               80.18113257               1553170849.854            0                         963                       2.0000000000E+000         0.0000000000E+000         0.0000000000E+000         3.5668624449E+000         3.5425528124E+001         4.4693747054E+002         4.5188469881E+002         7.0615308523E-001         8.9450265998E-001         
2019-03-21                12:21:10.332              79.18136958               1900.352870               80.18136958               1553170870.332            0                         963                       1.0000000000E+000         0.0000000000E+000         0.0000000000E+000         3.5668624449E+000         3.5425528124E+001         4.4705579503E+002         4.5188469881E+002         7.0615308523E-001         8.9450265998E-001         
2019-03-21                12:21:34.905              79.18165400               1900.359696               80.18165400               1553170894.906            0                         963                       2.0000000000E+000         0.0000000000E+000         0.0000000000E+000         2.1016632539E+000         3.5991667242E+000         4.4705579503E+002         4.5200433305E+002         7.0615308523E-001         8.9450265998E-001         
2019-03-21                12:21:56.703              79.18190628               1900.365751               80.18190628               1553170916.703            0                         963                       1.0000000000E+000         0.0000000000E+000         0.0000000000E+000         2.1016632539E+000         3.5991667242E+000         4.4704505448E+002         4.5200433305E+002         7.0615308523E-001         8.9450265998E-001         
2019-03-21                12:22:23.210              79.18221309               1900.373114               80.18221309               1553170943.211            0                         963                       2.0000000000E+000         0.0000000000E+000         0.0000000000E+000         3.5696061386E+000         2.1206975503E+000         4.4704505448E+002         4.5199347362E+002         7.0615308523E-001         8.9450265998E-001         
2019-03-21                12:22:44.154              79.18245549               1900.378932               80.18245549               1553170964.154            0                         963                       1.0000000000E+000         0.0000000000E+000         0.0000000000E+000         3.5696061386E+000         2.1206975503E+000         4.4711603044E+002         4.5199347362E+002         7.0615308523E-001         8.9450265998E-001         
2019-03-21                12:23:11.467              79.18277162               1900.386519               80.18277162               1553170991.468            0                         963                       2.0000000000E+000         0.0000000000E+000         0.0000000000E+000         3.5882071069E+000         3.6019352670E+000         4.4711603044E+002         4.5206523522E+002         7.0615308523E-001         8.9450265998E-001         
2019-03-21                12:23:31.581              79.18300441               1900.392106               80.18300441               1553171011.581            0                         963                       1.0000000000E+000         0.0000000000E+000         0.0000000000E+000         3.5882071069E+000         3.6019352670E+000         4.4722151369E+002         4.5206523522E+002         7.0615308523E-001         8.9450265998E-001         
2019-03-21                12:24:00.119              79.18333472               1900.400033               80.18333472               1553171040.120            0                         963                       2.0000000000E+000         0.0000000000E+000         0.0000000000E+000         3.5948221700E+000         3.6207047000E+000         4.4722151369E+002         4.5217188608E+002         7.0615308523E-001         8.9450265998E-001         
2019-03-21                12:24:20.043              79.18356532               1900.405568               80.18356532               1553171060.044            0                         963                       1.0000000000E+000         0.0000000000E+000         0.0000000000E+000         3.5948221700E+000         3.6207047000E+000         4.4732342799E+002         4.5217188608E+002         7.0615308523E-001         8.9450265998E-001         
2019-03-21                12:25:09.289              79.18413530               1900.419247               80.18413530               1553171109.290            0                         963                       1.0000000000E+000         0.0000000000E+000         0.0000000000E+000         3.5948221700E+000         3.6273796743E+000         4.4740625493E+002         4.5227492849E+002         7.0615308523E-001         8.9450265998E-001         
2019-03-21                12:25:34.808              79.18443065               1900.426336               80.18443065               1553171134.808            0                         963                       2.0000000000E+000         0.0000000000E+000         0.0000000000E+000         3.6052095489E+000         3.6273796743E+000         4.4740625493E+002         4.5235867226E+002         7.0615308523E-001         8.9450265998E-001         
2019-03-21                12:25:55.733              79.18467285               1900.432148               80.18467285               1553171155.734            0                         963                       1.0000000000E+000         0.0000000000E+000         0.0000000000E+000         3.6052095489E+000         3.6273796743E+000         4.4742646942E+002         4.5235867226E+002         7.0615308523E-001         8.9450265998E-001         
2019-03-21                12:26:23.039              79.18498888               1900.439733               80.18498888               1553171183.039            0                         963                       2.0000000000E+000         0.0000000000E+000         0.0000000000E+000         1.7301337162E+001         3.6378611294E+000         4.4742646942E+002         4.5237911050E+002         7.0615308523E-001         8.9450265998E-001         
2019-03-21                12:26:43.157              79.18522172               1900.445321               80.18522172               1553171203.157            0                         963                       1.0000000000E+000         0.0000000000E+000         0.0000000000E+000         1.7301337162E+001         3.6378611294E+000         4.4747501684E+002         4.5237911050E+002         7.0615308523E-001         8.9450265998E-001         
2019-03-21                12:27:32.428              79.18579200               1900.459008               80.18579200               1553171252.429            0                         963                       1.0000000000E+000         0.0000000000E+000         0.0000000000E+000         1.7301337162E+001         1.7458031522E+001         4.4753178004E+002         4.5242819531E+002         7.0615308523E-001         8.9450265998E-001         
2019-03-21                12:28:21.711              79.18636241               1900.472698               80.18636241               1553171301.712            0                         963                       1.0000000000E+000         0.0000000000E+000         0.0000000000E+000         1.7301337162E+001         1.7458031522E+001         4.4755921220E+002         4.5248558683E+002         7.0615308523E-001         8.9450265998E-001         
2019-03-21                12:28:47.851              79.18666495               1900.479959               80.18666495               1553171327.852            0                         963                       2.0000000000E+000         0.0000000000E+000         0.0000000000E+000         1.6014464321E+001         1.7458031522E+001         4.4755921220E+002         4.5251332264E+002         7.0615308523E-001         8.9450265998E-001         
2019-03-21                12:29:08.168              79.18690010               1900.485602               80.18690010               1553171348.169            0                         963                       1.0000000000E+000         0.0000000000E+000         0.0000000000E+000         1.6014464321E+001         1.7458031522E+001         4.4757598668E+002         4.5251332264E+002         7.0615308523E-001         8.9450265998E-001         
2019-03-21                12:29:35.457              79.18721594               1900.493183               80.18721594               1553171375.457            0                         963                       2.0000000000E+000         0.0000000000E+000         0.0000000000E+000         3.7441802018E+001         1.6159503760E+001         4.4757598668E+002         4.5253028280E+002         7.0615308523E-001         8.9450265998E-001         
2019-03-21                12:29:55.561              79.18744862               1900.498767               80.18744862               1553171395.561            0                         963                       1.0000000000E+000         0.0000000000E+000         0.0000000000E+000         3.7441802018E+001         1.6159503760E+001         4.4761683701E+002         4.5253028280E+002         7.0615308523E-001         8.9450265998E-001         
2019-03-21                12:30:22.855              79.18776454               1900.506349               80.18776454               1553171422.856            0                         963                       2.0000000000E+000         0.0000000000E+000         0.0000000000E+000         3.6168070724E+000         3.7780904085E+001         4.4761683701E+002         4.5257158530E+002         7.0615308523E-001         8.9450265998E-001         
2019-03-21                12:30:42.977              79.18799743               1900.511938               80.18799743               1553171442.978            0                         963                       1.0000000000E+000         0.0000000000E+000         0.0000000000E+000         3.6168070724E+000         3.7780904085E+001         4.4765338472E+002         4.5257158530E+002         7.0615308523E-001         8.9450265998E-001         
2019-03-21                12:31:32.250              79.18856771               1900.525625               80.18856771               1553171492.250            0                         963                       1.0000000000E+000         0.0000000000E+000         0.0000000000E+000         3.6168070724E+000         3.6495636891E+000         4.4766959043E+002         4.5260853756E+002         7.0615308523E-001         8.9450265998E-001         
2019-03-21                12:31:58.125              79.18886719               1900.532813               80.18886719               1553171518.125            0                         963                       2.0000000000E+000         0.0000000000E+000         0.0000000000E+000         3.5913695510E+000         3.6495636891E+000         4.4766959043E+002         4.5262492266E+002         7.0615308523E-001         8.9450265998E-001         
2019-03-21                12:32:18.573              79.18910387               1900.538493               80.18910387               1553171538.574            0                         963                       1.0000000000E+000         0.0000000000E+000         0.0000000000E+000         3.5913695510E+000         3.6495636891E+000         4.4766893479E+002         4.5262492266E+002         7.0615308523E-001         8.9450265998E-001         
2019-03-21                12:33:07.857              79.18967427               1900.552183               80.18967427               1553171587.857            0                         963                       1.0000000000E+000         0.0000000000E+000         0.0000000000E+000         3.5913695510E+000         3.6238957857E+000         4.4769478577E+002         4.5262425977E+002         7.0615308523E-001         8.9450265998E-001         
2019-03-21                12:33:57.108              79.19024432               1900.565864               80.19024432               1553171637.109            0                         963                       1.0000000000E+000         0.0000000000E+000         0.0000000000E+000         3.5913695510E+000         3.6238957857E+000         4.4775169194E+002         4.5265039690E+002         7.0615308523E-001         8.9450265998E-001         
2019-03-21                12:34:23.437              79.19054905               1900.573177               80.19054905               1553171663.438            0                         963                       2.0000000000E+000         0.0000000000E+000         0.0000000000E+000         3.4847950295E+001         3.6238957857E+000         4.4775169194E+002         4.5270793297E+002         7.0615308523E-001         8.9450265998E-001         
2019-03-21                12:34:43.562              79.19078198               1900.578767               80.19078198               1553171683.563            0                         963                       1.0000000000E+000         0.0000000000E+000         0.0000000000E+000         3.4847950295E+001         3.6238957857E+000         4.4777376085E+002         4.5270793297E+002         7.0615308523E-001         8.9450265998E-001         
2019-03-21                12:35:10.335              79.19109184               1900.586204               80.19109184               1553171710.335            0                         963                       2.0000000000E+000         0.0000000000E+000         0.0000000000E+000         1.9830754826E+001         3.5163560425E+001         4.4777376085E+002         4.5273024616E+002         7.0615308523E-001         8.9450265998E-001         
2019-03-21                12:35:30.973              79.19133072               1900.591937               80.19133072               1553171730.974            0                         963                       1.0000000000E+000         0.0000000000E+000         0.0000000000E+000         1.9830754826E+001         3.5163560425E+001         4.4783189701E+002         4.5273024616E+002         7.0615308523E-001         8.9450265998E-001         
2019-03-21                12:35:58.272              79.19164667               1900.599520               80.19164667               1553171758.272            0                         963                       2.0000000000E+000         0.0000000000E+000         0.0000000000E+000         3.6077376717E+000         2.0010357559E+001         4.4783189701E+002         4.5278902584E+002         7.0615308523E-001         8.9450265998E-001         
2019-03-21                12:36:18.382              79.19187943               1900.605106               80.19187943               1553171778.383            0                         963                       1.0000000000E+000         0.0000000000E+000         0.0000000000E+000         3.6077376717E+000         2.0010357559E+001         4.4788321496E+002         4.5278902584E+002         7.0615308523E-001         8.9450265998E-001         
2019-03-21                12:37:07.641              79.19244955               1900.618789               80.19244955               1553171827.641            0                         963                       1.0000000000E+000         0.0000000000E+000         0.0000000000E+000         3.6077376717E+000         3.6404121488E+000         4.4790709942E+002         4.5284091184E+002         7.0615308523E-001         8.9450265998E-001         
2019-03-21                12:37:56.874              79.19301938               1900.632465               80.19301938               1553171876.874            0                         963                       1.0000000000E+000         0.0000000000E+000         0.0000000000E+000         3.6077376717E+000         3.6404121488E+000         4.4792745191E+002         4.5286506068E+002         7.0615308523E-001         8.9450265998E-001         
2019-03-21                12:38:46.170              79.19358993               1900.646158               80.19358993               1553171926.170            0                         963                       1.0000000000E+000         0.0000000000E+000         0.0000000000E+000         3.6077376717E+000         3.6404121488E+000         4.4794283667E+002         4.5288563846E+002         7.0615308523E-001         8.9450265998E-001         
2019-03-21                12:39:13.459              79.19390578               1900.653739               80.19390578               1553171953.459            0                         963                       2.0000000000E+000         0.0000000000E+000         0.0000000000E+000         3.5593923934E+000         3.6404121488E+000         4.4794283667E+002         4.5290119351E+002         7.0615308523E-001         8.9450265998E-001         
2019-03-21                12:39:33.578              79.19413865               1900.659327               80.19413865               1553171973.579            0                         963                       1.0000000000E+000         0.0000000000E+000         0.0000000000E+000         3.5593923934E+000         3.6404121488E+000         4.4797206433E+002         4.5290119351E+002         7.0615308523E-001         8.9450265998E-001         
2019-03-21                12:40:00.859              79.19445440               1900.666906               80.19445440               1553172000.860            0                         963                       2.0000000000E+000         0.0000000000E+000         0.0000000000E+000         3.6019099792E+000         3.5916290181E+000         4.4797206433E+002         4.5293074469E+002         7.0615308523E-001         8.9450265998E-001         
2019-03-21                12:40:20.967              79.19468713               1900.672491               80.19468713               1553172020.968            0                         963                       1.0000000000E+000         0.0000000000E+000         0.0000000000E+000         3.6019099792E+000         3.5916290181E+000         4.4800294768E+002         4.5293074469E+002         7.0615308523E-001         8.9450265998E-001         
2019-03-21                12:40:46.598              79.19498377               1900.679611               80.19498377               1553172046.598            0                         963                       2.0000000000E+000         0.0000000000E+000         0.0000000000E+000         2.1007451276E+000         3.6345316762E+000         4.4800294768E+002         4.5296196990E+002         7.0615308523E-001         8.9450265998E-001         
2019-03-21                12:41:07.323              79.19522366               1900.685368               80.19522366               1553172067.324            0                         963                       1.0000000000E+000         0.0000000000E+000         0.0000000000E+000         2.1007451276E+000         3.6345316762E+000         4.4801119115E+002         4.5296196990E+002         7.0615308523E-001         8.9450265998E-001         
2019-03-21                12:41:34.640              79.19553981               1900.692956               80.19553981               1553172094.640            0                         963                       2.0000000000E+000         0.0000000000E+000         0.0000000000E+000         3.5763233527E+000         2.1197711086E+000         4.4801119115E+002         4.5297030462E+002         7.0615308523E-001         8.9450265998E-001         
2019-03-21                12:41:54.757              79.19577266               1900.698544               80.19577266               1553172114.758            0                         963                       1.0000000000E+000         0.0000000000E+000         0.0000000000E+000         3.5763233527E+000         2.1197711086E+000         4.4800752683E+002         4.5297030462E+002         7.0615308523E-001         8.9450265998E-001         
2019-03-21                12:42:44.051              79.19634318               1900.712236               80.19634318               1553172164.051            0                         963                       1.0000000000E+000         0.0000000000E+000         0.0000000000E+000         3.5763233527E+000         3.6087133173E+000         4.4803101899E+002         4.5296659974E+002         7.0615308523E-001         8.9450265998E-001         
2019-03-21                12:43:33.331              79.19691355               1900.725925               80.19691355               1553172213.331            0                         963                       1.0000000000E+000         0.0000000000E+000         0.0000000000E+000         3.5763233527E+000         3.6087133173E+000         4.4801709077E+002         4.5299035194E+002         7.0615308523E-001         8.9450265998E-001         
2019-03-21                12:44:00.609              79.19722928               1900.733503               80.19722928               1553172240.610            0                         963                       2.0000000000E+000         0.0000000000E+000         0.0000000000E+000         3.4934460863E+001         3.6087133173E+000         4.4801709077E+002         4.5297626955E+002         7.0615308523E-001         8.9450265998E-001         
2019-03-21                12:44:20.740              79.19746227               1900.739094               80.19746227               1553172260.740            0                         963                       1.0000000000E+000         0.0000000000E+000         0.0000000000E+000         3.4934460863E+001         3.6087133173E+000         4.4804365450E+002         4.5297626955E+002         7.0615308523E-001         8.9450265998E-001         
2019-03-21                12:44:48.029              79.19777811               1900.746675               80.19777811               1553172288.029            0                         963                       2.0000000000E+000         0.0000000000E+000         0.0000000000E+000         3.6376056401E+000         3.5250854500E+001         4.4804365450E+002         4.5300312731E+002         7.0615308523E-001         8.9450265998E-001         
2019-03-21                12:45:08.151              79.19801101               1900.752264               80.19801101               1553172308.151            0                         963                       1.0000000000E+000         0.0000000000E+000         0.0000000000E+000         3.6376056401E+000         3.5250854500E+001         4.4807924990E+002         4.5300312731E+002         7.0615308523E-001         8.9450265998E-001         
2019-03-21                12:45:35.457              79.19832705               1900.759849               80.19832705               1553172335.457            0                         963                       2.0000000000E+000         0.0000000000E+000         0.0000000000E+000         3.8007326938E+001         3.6705506247E+000         4.4807924990E+002         4.5303911672E+002         7.0615308523E-001         8.9450265998E-001         
2019-03-21                12:45:55.571              79.19855985               1900.765436               80.19855985               1553172355.571            0                         963                       1.0000000000E+000         0.0000000000E+000         0.0000000000E+000         3.8007326938E+001         3.6705506247E+000         4.4810156523E+002         4.5303911672E+002         7.0615308523E-001         8.9450265998E-001         
2019-03-21                12:46:44.852              79.19913024               1900.779126               80.19913024               1553172404.853            0                         963                       1.0000000000E+000         0.0000000000E+000         0.0000000000E+000         3.8007326938E+001         3.8351550839E+001         4.4816002077E+002         4.5306167907E+002         7.0615308523E-001         8.9450265998E-001         
2019-03-21                12:47:34.095              79.19970017               1900.792804               80.19970017               1553172454.095            0                         963                       1.0000000000E+000         0.0000000000E+000         0.0000000000E+000         3.8007326938E+001         3.8351550839E+001         4.4819331655E+002         4.5312078166E+002         7.0615308523E-001         8.9450265998E-001         
2019-03-21                12:48:00.071              79.20000082               1900.800020               80.20000082               1553172480.071            0                         963                       2.0000000000E+000         0.0000000000E+000         0.0000000000E+000         3.6488397805E+000         3.8351550839E+001         4.4819331655E+002         4.5315444599E+002         7.0615308523E-001         8.9450265998E-001         
2019-03-21                12:48:20.548              79.20023782               1900.805708               80.20023782               1553172500.548            0                         963                       1.0000000000E+000         0.0000000000E+000         0.0000000000E+000         3.6488397805E+000         3.8351550839E+001         4.4827973265E+002         4.5315444599E+002         7.0615308523E-001         8.9450265998E-001         
2019-03-21                12:48:47.854              79.20055387               1900.813293               80.20055387               1553172527.854            0                         963                       2.0000000000E+000         0.0000000000E+000         0.0000000000E+000         3.5900615753E+000         3.6818865103E+000         4.4827973265E+002         4.5324181865E+002         7.0615308523E-001         8.9450265998E-001         
2019-03-21                12:49:07.954              79.20078652               1900.818876               80.20078652               1553172547.955            0                         963                       1.0000000000E+000         0.0000000000E+000         0.0000000000E+000         3.5900615753E+000         3.6818865103E+000         4.4834957020E+002         4.5324181865E+002         7.0615308523E-001         8.9450265998E-001         
2019-03-21                12:49:35.259              79.20110253               1900.826461               80.20110253               1553172575.259            0                         963                       2.0000000000E+000         0.0000000000E+000         0.0000000000E+000         3.4934845129E+001         3.6225759639E+000         4.4834957020E+002         4.5331242925E+002         7.0615308523E-001         8.9450265998E-001         
2019-03-21                12:49:55.381              79.20133544               1900.832051               80.20133544               1553172595.382            0                         963                       1.0000000000E+000         0.0000000000E+000         0.0000000000E+000         3.4934845129E+001         3.6225759639E+000         4.4838255775E+002         4.5331242925E+002         7.0615308523E-001         8.9450265998E-001         
2019-03-21                12:50:23.898              79.20166549               1900.839972               80.20166549               1553172623.898            0                         963                       2.0000000000E+000         0.0000000000E+000         0.0000000000E+000         3.6824545704E+000         3.5251242246E+001         4.4838255775E+002         4.5334578194E+002         7.0615308523E-001         8.9450265998E-001         
2019-03-21                12:50:43.818              79.20189604               1900.845505               80.20189604               1553172643.818            0                         963                       1.0000000000E+000         0.0000000000E+000         0.0000000000E+000         3.6824545704E+000         3.5251242246E+001         4.4843697202E+002         4.5334578194E+002         7.0615308523E-001         8.9450265998E-001         
2019-03-21                12:51:09.703              79.20219565               1900.852696               80.20219565               1553172669.704            0                         963                       2.0000000000E+000         0.0000000000E+000         0.0000000000E+000         2.0439186842E+001         3.7158057418E+000         4.4843697202E+002         4.5340079853E+002         7.0615308523E-001         8.9450265998E-001         
2019-03-21                12:51:30.154              79.20243234               1900.858376               80.20243234               1553172690.154            0                         963                       1.0000000000E+000         0.0000000000E+000         0.0000000000E+000         2.0439186842E+001         3.7158057418E+000         4.4849425029E+002         4.5340079853E+002         7.0615308523E-001         8.9450265998E-001         
2019-03-21                12:51:57.443              79.20274818               1900.865956               80.20274818               1553172717.443            0                         963                       2.0000000000E+000         0.0000000000E+000         0.0000000000E+000         3.5661384667E+000         2.0624300008E+001         4.4849425029E+002         4.5345871083E+002         7.0615308523E-001         8.9450265998E-001         
2019-03-21                12:52:17.548              79.20298088               1900.871541               80.20298088               1553172737.548            0                         963                       1.0000000000E+000         0.0000000000E+000         0.0000000000E+000         3.5661384667E+000         2.0624300008E+001         4.4852578177E+002         4.5345871083E+002         7.0615308523E-001         8.9450265998E-001         
2019-03-21                12:52:44.854              79.20329692               1900.879126               80.20329692               1553172764.854            0                         963                       2.0000000000E+000         0.0000000000E+000         0.0000000000E+000         1.7542459202E+001         3.5984361890E+000         4.4852578177E+002         4.5349059134E+002         7.0615308523E-001         8.9450265998E-001         
2019-03-21                12:53:04.961              79.20352965               1900.884712               80.20352965               1553172784.962            0                         963                       1.0000000000E+000         0.0000000000E+000         0.0000000000E+000         1.7542459202E+001         3.5984361890E+000         4.4858344117E+002         4.5349059134E+002         7.0615308523E-001         8.9450265998E-001         
2019-03-21                12:53:32.236              79.20384532               1900.892288               80.20384532               1553172812.236            0                         963                       2.0000000000E+000         0.0000000000E+000         0.0000000000E+000         3.6348597095E+001         1.7701337351E+001         4.4858344117E+002         4.5354888897E+002         7.0615308523E-001         8.9450265998E-001         
2019-03-21                12:53:52.361              79.20407826               1900.897878               80.20407826               1553172832.362            0                         963                       1.0000000000E+000         0.0000000000E+000         0.0000000000E+000         3.6348597095E+001         1.7701337351E+001         4.4860928382E+002         4.5354888897E+002         7.0615308523E-001         8.9450265998E-001         
2019-03-21                12:54:19.647              79.20439406               1900.905458               80.20439406               1553172859.647            0                         963                       2.0000000000E+000         0.0000000000E+000         0.0000000000E+000         3.6809228458E+000         3.6677798249E+001         4.4860928382E+002         4.5357501768E+002         7.0615308523E-001         8.9450265998E-001         
2019-03-21                12:54:39.757              79.20462683               1900.911044               80.20462683               1553172879.758            0                         963                       1.0000000000E+000         0.0000000000E+000         0.0000000000E+000         3.6809228458E+000         3.6677798249E+001         4.4870111007E+002         4.5357501768E+002         7.0615308523E-001         8.9450265998E-001         
2019-03-21                12:55:07.045              79.20494265               1900.918624               80.20494265               1553172907.045            0                         963                       2.0000000000E+000         0.0000000000E+000         0.0000000000E+000         3.5870683420E+001         3.7142601448E+000         4.4870111007E+002         4.5366786037E+002         7.0615308523E-001         8.9450265998E-001         
2019-03-21                12:55:27.154              79.20517539               1900.924209               80.20517539               1553172927.154            0                         963                       1.0000000000E+000         0.0000000000E+000         0.0000000000E+000         3.5870683420E+001         3.7142601448E+000         4.4874302056E+002         4.5366786037E+002         7.0615308523E-001         8.9450265998E-001         
2019-03-21                12:56:16.421              79.20574562               1900.937895               80.20574562               1553172976.422            0                         963                       1.0000000000E+000         0.0000000000E+000         0.0000000000E+000         3.5870683420E+001         3.6195556216E+001         4.4879050047E+002         4.5371023477E+002         7.0615308523E-001         8.9450265998E-001         
2019-03-21                12:56:44.894              79.20607516               1900.945804               80.20607516               1553173004.894            0                         963                       2.0000000000E+000         0.0000000000E+000         0.0000000000E+000         3.6732114079E+000         3.6195556216E+001         4.4879050047E+002         4.5375824025E+002         7.0615308523E-001         8.9450265998E-001         
2019-03-21                12:57:04.818              79.20630576               1900.951338               80.20630576               1553173024.818            0                         963                       1.0000000000E+000         0.0000000000E+000         0.0000000000E+000         3.6732114079E+000         3.6195556216E+001         4.4890849724E+002         4.5375824025E+002         7.0615308523E-001         8.9450265998E-001         
2019-03-21                12:57:31.559              79.20661527               1900.958766               80.20661527               1553173051.559            0                         963                       2.0000000000E+000         0.0000000000E+000         0.0000000000E+000         3.6706991744E+000         3.7064788661E+000         4.4890849724E+002         4.5387754314E+002         7.0615308523E-001         8.9450265998E-001         
2019-03-21                12:57:52.213              79.20685432               1900.964504               80.20685432               1553173072.213            0                         963                       1.0000000000E+000         0.0000000000E+000         0.0000000000E+000         3.6706991744E+000         3.7064788661E+000         4.4899773620E+002         4.5387754314E+002         7.0615308523E-001         8.9450265998E-001         
2019-03-21                12:58:41.477              79.20742451               1900.978188               80.20742451               1553173121.478            0                         963                       1.0000000000E+000         0.0000000000E+000         0.0000000000E+000         3.6706991744E+000         3.7039438798E+000         4.4908118311E+002         4.5396776990E+002         7.0615308523E-001         8.9450265998E-001         
2019-03-21                12:58:45.901              79.20747572               1900.979417               80.20747572               1553173125.902            0                         963                       3.0000000000E+000         0.0000000000E+000         0.0000000000E+000         3.6706991744E+000         3.7039431846E+000         4.4908118311E+002         4.5405203652E+002         7.0612379309E-001         8.9446635666E-001         
2019-03-21                12:59:18.039              79.20784767               1900.988344               80.20784767               1553173158.039            0                         963                       1.0000000000E+000         0.0000000000E+000         0.0000000000E+000         3.6706991744E+000         3.7039431846E+000         4.4916197615E+002         4.5405203652E+002         7.0612379309E-001         8.9446635666E-001         
2019-03-21                12:59:45.289              79.20816307               1900.995914               80.20816307               1553173185.289            0                         963                       2.0000000000E+000         0.0000000000E+000         0.0000000000E+000         3.6650510508E+001         3.7039424893E+000         4.4916197615E+002         4.5413361985E+002         7.0612379309E-001         8.9446635666E-001         
2019-03-21                13:00:05.407              79.20839593               1901.001502               80.20839593               1553173205.408            0                         963                       1.0000000000E+000         0.0000000000E+000         0.0000000000E+000         3.6650510508E+001         3.7039424893E+000         4.4923477846E+002         4.5413361985E+002         7.0612379309E-001         8.9446635666E-001         
2019-03-21                13:00:54.661              79.20896600               1901.015184               80.20896600               1553173254.662            0                         963                       1.0000000000E+000         0.0000000000E+000         0.0000000000E+000         3.6650510508E+001         3.6982432141E+001         4.4932510808E+002         4.5420722799E+002         7.0612379309E-001         8.9446635666E-001         
2019-03-21                13:01:01.572              79.20904597               1901.017103               80.20904597               1553173261.572            0                         963                       3.0000000000E+000         0.0000000000E+000         0.0000000000E+000         3.6650510508E+001         3.6982610974E+001         4.4932510808E+002         4.5430123769E+002         7.0687841992E-001         8.9540158567E-001         
2019-03-21                13:01:34.167              79.20942323               1901.026158               80.20942323               1553173294.167            0                         963                       1.0000000000E+000         0.0000000000E+000         0.0000000000E+000         3.6650510508E+001         3.6982610974E+001         4.4945915603E+002         4.5430123769E+002         7.0687841992E-001         8.9540158567E-001         
2019-03-21                13:02:01.470              79.20973924               1901.033742               80.20973924               1553173321.470            0                         963                       2.0000000000E+000         0.0000000000E+000         0.0000000000E+000         1.7097519887E+001         3.6982789813E+001         4.4945915603E+002         4.5443945131E+002         7.0687841992E-001         8.9540158567E-001         
2019-03-21                13:02:21.586              79.20997207               1901.039330               80.20997207               1553173341.587            0                         963                       1.0000000000E+000         0.0000000000E+000         0.0000000000E+000         1.7097519887E+001         3.6982789813E+001         4.4958782347E+002         4.5443945131E+002         7.0687841992E-001         8.9540158567E-001         
2019-03-21                13:03:10.851              79.21054227               1901.053014               80.21054227               1553173390.852            0                         963                       1.0000000000E+000         0.0000000000E+000         0.0000000000E+000         1.7097519887E+001         1.7252528698E+001         4.4969863338E+002         4.5456954447E+002         7.0687841992E-001         8.9540158567E-001         
2019-03-21                13:03:38.082              79.21085743               1901.060578               80.21085743               1553173418.082            0                         963                       2.0000000000E+000         0.0000000000E+000         0.0000000000E+000         3.6771367694E+000         1.7252528698E+001         4.4969863338E+002         4.5468158222E+002         7.0687841992E-001         8.9540158567E-001         
2019-03-21                13:03:58.210              79.21109039               1901.066169               80.21109039               1553173438.210            0                         963                       1.0000000000E+000         0.0000000000E+000         0.0000000000E+000         3.6771367694E+000         1.7252528698E+001         4.4985354847E+002         4.5468158222E+002         7.0687841992E-001         8.9540158567E-001         
2019-03-21                13:04:47.480              79.21166066               1901.079856               80.21166066               1553173487.481            0                         963                       1.0000000000E+000         0.0000000000E+000         0.0000000000E+000         3.6771367694E+000         3.7104742709E+000         4.4995438316E+002         4.5483821387E+002         7.0687841992E-001         8.9540158567E-001         
2019-03-21                13:04:51.907              79.21171189               1901.081085               80.21171189               1553173491.907            0                         963                       3.0000000000E+000         0.0000000000E+000         0.0000000000E+000         3.6771367694E+000         3.7104566965E+000         4.4995438316E+002         4.5493753691E+002         7.0613928930E-001         8.9448556196E-001         
2019-03-21                13:05:24.010              79.21208346               1901.090003               80.21208346               1553173524.011            0                         963                       1.0000000000E+000         0.0000000000E+000         0.0000000000E+000         3.6771367694E+000         3.7104566965E+000         4.5007562226E+002         4.5493753691E+002         7.0613928930E-001         8.9448556196E-001         
2019-03-21                13:05:49.510              79.21237860               1901.097086               80.21237860               1553173549.511            0                         963                       2.0000000000E+000         0.0000000000E+000         0.0000000000E+000         2.1286786854E+000         3.7104391226E+000         4.5007562226E+002         4.5505748911E+002         7.0613928930E-001         8.9448556196E-001         
2019-03-21                13:06:10.361              79.21261992               1901.102878               80.21261992               1553173570.361            0                         963                       1.0000000000E+000         0.0000000000E+000         0.0000000000E+000         2.1286786854E+000         3.7104391226E+000         4.5021619886E+002         4.5505748911E+002         7.0613928930E-001         8.9448556196E-001         
2019-03-21                13:06:59.631              79.21319019               1901.116564               80.21319019               1553173619.632            0                         963                       1.0000000000E+000         0.0000000000E+000         0.0000000000E+000         2.1286786854E+000         2.1479572747E+000         4.5033220999E+002         4.5519962174E+002         7.0613928930E-001         8.9448556196E-001         
2019-03-21                13:07:48.918              79.21376064               1901.130255               80.21376064               1553173668.919            0                         963                       1.0000000000E+000         0.0000000000E+000         0.0000000000E+000         2.1286786854E+000         2.1479572747E+000         4.5041874230E+002         4.5531691700E+002         7.0613928930E-001         8.9448556196E-001         
2019-03-21                13:08:17.036              79.21408606               1901.138066               80.21408606               1553173697.036            0                         963                       2.0000000000E+000         0.0000000000E+000         0.0000000000E+000         1.6997559319E+001         2.1479572747E+000         4.5041874230E+002         4.5540440713E+002         7.0613928930E-001         8.9448556196E-001         
2019-03-21                13:08:37.351              79.21432120               1901.143709               80.21432120               1553173717.352            0                         963                       1.0000000000E+000         0.0000000000E+000         0.0000000000E+000         1.6997559319E+001         2.1479572747E+000         4.5049187603E+002         4.5540440713E+002         7.0613928930E-001         8.9448556196E-001         
2019-03-21                13:09:26.653              79.21489182               1901.157404               80.21489182               1553173766.653            0                         963                       1.0000000000E+000         0.0000000000E+000         0.0000000000E+000         1.6997559319E+001         1.7151499398E+001         4.5057851212E+002         4.5547835037E+002         7.0613928930E-001         8.9448556196E-001         
2019-03-21                13:09:52.523              79.21519125               1901.164590               80.21519125               1553173792.524            0                         963                       2.0000000000E+000         0.0000000000E+000         0.0000000000E+000         9.8454154627E+000         1.7151499398E+001         4.5057851212E+002         4.5556594544E+002         7.0613928930E-001         8.9448556196E-001         
2019-03-21                13:10:12.964              79.21542784               1901.170268               80.21542784               1553173812.965            0                         963                       1.0000000000E+000         0.0000000000E+000         0.0000000000E+000         9.8454154627E+000         1.7151499398E+001         4.5073779646E+002         4.5556594544E+002         7.0613928930E-001         8.9448556196E-001         
2019-03-21                13:11:02.233              79.21599807               1901.183954               80.21599807               1553173862.233            0                         963                       1.0000000000E+000         0.0000000000E+000         0.0000000000E+000         9.8454154627E+000         9.9345814427E+000         4.5080682527E+002         4.5572699288E+002         7.0613928930E-001         8.9448556196E-001         
2019-03-21                13:11:51.463              79.21656787               1901.197629               80.21656787               1553173911.464            0                         963                       1.0000000000E+000         0.0000000000E+000         0.0000000000E+000         9.8454154627E+000         9.9345814427E+000         4.5086699751E+002         4.5579678577E+002         7.0613928930E-001         8.9448556196E-001         
2019-03-21                13:12:40.691              79.21713764               1901.211303               80.21713764               1553173960.692            0                         963                       1.0000000000E+000         0.0000000000E+000         0.0000000000E+000         9.8454154627E+000         9.9345814427E+000         4.5094786854E+002         4.5585762405E+002         7.0613928930E-001         8.9448556196E-001         
2019-03-21                13:13:06.848              79.21744038               1901.218569               80.21744038               1553173986.849            0                         963                       2.0000000000E+000         0.0000000000E+000         0.0000000000E+000         3.6795356252E+001         9.9345814427E+000         4.5094786854E+002         4.5593939024E+002         7.0613928930E-001         8.9448556196E-001         
2019-03-21                13:13:26.992              79.21767352               1901.224164               80.21767352               1553174006.992            0                         963                       1.0000000000E+000         0.0000000000E+000         0.0000000000E+000         3.6795356252E+001         9.9345814427E+000         4.5100332238E+002         4.5593939024E+002         7.0613928930E-001         8.9448556196E-001         
2019-03-21                13:14:16.236              79.21824347               1901.237843               80.21824347               1553174056.236            0                         963                       1.0000000000E+000         0.0000000000E+000         0.0000000000E+000         3.6795356252E+001         3.7128597039E+001         4.5108061274E+002         4.5599545790E+002         7.0613928930E-001         8.9448556196E-001         
2019-03-21                13:15:05.483              79.21881346               1901.251523               80.21881346               1553174105.483            0                         963                       1.0000000000E+000         0.0000000000E+000         0.0000000000E+000         3.6795356252E+001         3.7128597039E+001         4.5114998902E+002         4.5607360378E+002         7.0613928930E-001         8.9448556196E-001         
2019-03-21                13:15:54.694              79.21938304               1901.265193               80.21938304               1553174154.695            0                         963                       1.0000000000E+000         0.0000000000E+000         0.0000000000E+000         3.6795356252E+001         3.7128597039E+001         4.5123110454E+002         4.5614374798E+002         7.0613928930E-001         8.9448556196E-001         
