DATE                      TIME                      FRAC_DAYS_SINCE_JAN1      FRAC_HRS_SINCE_JAN1       JULIAN_DAYS               EPOCH_TIME                ALARM_STATUS              INST_STATUS               species                   MPVPosition               solenoid_valves           CH4                       CH4_dry                   CO2                       CO2_dry                   H2O                       h2o_reported              
2019-04-25                03:19:10.700              113.80498497              2731.319639               114.80498497              1556162350.701            0                         963                       1.0000000000E+000         0.0000000000E+000         0.0000000000E+000         1.8696180534E+001         1.8850009567E+001         4.2653104578E+002         4.3092492321E+002         6.4200478595E-001         8.1484703101E-001         
2019-04-25                03:19:59.167              113.80554591              2731.333102               114.80554591              1556162399.167            0                         963                       1.0000000000E+000         0.0000000000E+000         0.0000000000E+000         1.8696180534E+001         1.8850009567E+001         4.2640802910E+002         4.3082016706E+002         6.4200478595E-001         8.1484703101E-001         
2019-04-25                03:20:25.032              113.80584528              2731.340287               114.80584528              1556162425.032            0                         963                       2.0000000000E+000         0.0000000000E+000         0.0000000000E+000         1.8065118858E+001         1.8850009567E+001         4.2640802910E+002         4.3069591335E+002         6.4200478595E-001         8.1484703101E-001         
2019-04-25                03:20:45.490              113.80608207              2731.345970               114.80608207              1556162445.491            0                         963                       1.0000000000E+000         0.0000000000E+000         0.0000000000E+000         1.8065118858E+001         1.8850009567E+001         4.2630340433E+002         4.3069591335E+002         6.4200478595E-001         8.1484703101E-001         
2019-04-25                03:21:33.828              113.80664153              2731.359397               114.80664153              1556162493.828            0                         963                       1.0000000000E+000         0.0000000000E+000         0.0000000000E+000         1.8065118858E+001         1.8213755621E+001         4.2627902745E+002         4.3059023649E+002         6.4200478595E-001         8.1484703101E-001         
2019-04-25                03:22:23.088              113.80721168              2731.373080               114.80721168              1556162543.089            0                         963                       1.0000000000E+000         0.0000000000E+000         0.0000000000E+000         1.8065118858E+001         1.8213755621E+001         4.2640856944E+002         4.3056561448E+002         6.4200478595E-001         8.1484703101E-001         
2019-04-25                03:23:14.267              113.80780403              2731.387297               114.80780403              1556162594.268            0                         963                       1.0000000000E+000         0.0000000000E+000         0.0000000000E+000         1.8065118858E+001         1.8213755621E+001         4.2658449101E+002         4.3069645911E+002         6.4200478595E-001         8.1484703101E-001         
2019-04-25                03:24:05.519              113.80839721              2731.401533               114.80839721              1556162645.519            0                         963                       1.0000000000E+000         0.0000000000E+000         0.0000000000E+000         1.8065118858E+001         1.8213755621E+001         4.2667516668E+002         4.3087414972E+002         6.4200478595E-001         8.1484703101E-001         
2019-04-25                03:24:54.770              113.80896726              2731.415214               114.80896726              1556162694.771            0                         963                       1.0000000000E+000         0.0000000000E+000         0.0000000000E+000         1.8065118858E+001         1.8213755621E+001         4.2674165051E+002         4.3096573721E+002         6.4200478595E-001         8.1484703101E-001         
2019-04-25                03:25:43.997              113.80953701              2731.428888               114.80953701              1556162743.998            0                         963                       1.0000000000E+000         0.0000000000E+000         0.0000000000E+000         1.8065118858E+001         1.8213755621E+001         4.2671901114E+002         4.3103288960E+002         6.4200478595E-001         8.1484703101E-001         
2019-04-25                03:26:35.237              113.81013007              2731.443122               114.81013007              1556162795.238            0                         963                       1.0000000000E+000         0.0000000000E+000         0.0000000000E+000         1.8065118858E+001         1.8213755621E+001         4.2666387858E+002         4.3101002257E+002         6.4200478595E-001         8.1484703101E-001         
2019-04-25                03:27:26.460              113.81072292              2731.457350               114.81072292              1556162846.460            0                         963                       1.0000000000E+000         0.0000000000E+000         0.0000000000E+000         1.8065118858E+001         1.8213755621E+001         4.2665899639E+002         4.3095433560E+002         6.4200478595E-001         8.1484703101E-001         
2019-04-25                03:28:15.719              113.81129304              2731.471033               114.81129304              1556162895.719            0                         963                       1.0000000000E+000         0.0000000000E+000         0.0000000000E+000         1.8065118858E+001         1.8213755621E+001         4.2663621201E+002         4.3094940432E+002         6.4200478595E-001         8.1484703101E-001         
2019-04-25                03:29:04.983              113.81186323              2731.484718               114.81186323              1556162944.983            0                         963                       1.0000000000E+000         0.0000000000E+000         0.0000000000E+000         1.8065118858E+001         1.8213755621E+001         4.2663346566E+002         4.3092639082E+002         6.4200478595E-001         8.1484703101E-001         
2019-04-25                03:29:56.286              113.81245701              2731.498968               114.81245701              1556162996.286            0                         963                       1.0000000000E+000         0.0000000000E+000         0.0000000000E+000         1.8065118858E+001         1.8213755621E+001         4.2666357102E+002         4.3092361685E+002         6.4200478595E-001         8.1484703101E-001         
2019-04-25                03:30:23.801              113.81277547              2731.506611               114.81277547              1556163023.801            0                         963                       2.0000000000E+000         0.0000000000E+000         0.0000000000E+000         2.8503759782E+002         1.8213755621E+001         4.2666357102E+002         4.3095402495E+002         6.4200478595E-001         8.1484703101E-001         
2019-04-25                03:30:43.717              113.81300600              2731.512144               114.81300600              1556163043.718            0                         963                       1.0000000000E+000         0.0000000000E+000         0.0000000000E+000         2.8503759782E+002         1.8213755621E+001         4.2664039284E+002         4.3095402495E+002         6.4200478595E-001         8.1484703101E-001         
2019-04-25                03:31:31.994              113.81356476              2731.525554               114.81356476              1556163091.995            0                         963                       1.0000000000E+000         0.0000000000E+000         0.0000000000E+000         2.8503759782E+002         2.8738283928E+002         4.2663330094E+002         4.3093061369E+002         6.4200478595E-001         8.1484703101E-001         
2019-04-25                03:32:21.259              113.81413494              2731.539239               114.81413494              1556163141.259            0                         963                       1.0000000000E+000         0.0000000000E+000         0.0000000000E+000         2.8503759782E+002         2.8738283928E+002         4.2659792556E+002         4.3092345048E+002         6.4200478595E-001         8.1484703101E-001         
2019-04-25                03:33:10.542              113.81470535              2731.552928               114.81470535              1556163190.542            0                         963                       1.0000000000E+000         0.0000000000E+000         0.0000000000E+000         2.8503759782E+002         2.8738283928E+002         4.2655196331E+002         4.3088771937E+002         6.4200478595E-001         8.1484703101E-001         
2019-04-25                03:33:59.783              113.81527528              2731.566607               114.81527528              1556163239.784            0                         963                       1.0000000000E+000         0.0000000000E+000         0.0000000000E+000         2.8503759782E+002         2.8738283928E+002         4.2648054043E+002         4.3084129493E+002         6.4200478595E-001         8.1484703101E-001         
2019-04-25                03:34:49.019              113.81584513              2731.580283               114.81584513              1556163289.019            0                         963                       1.0000000000E+000         0.0000000000E+000         0.0000000000E+000         2.8503759782E+002         2.8738283928E+002         4.2640359038E+002         4.3076915384E+002         6.4200478595E-001         8.1484703101E-001         
2019-04-25                03:35:38.267              113.81641514              2731.593963               114.81641514              1556163338.268            0                         963                       1.0000000000E+000         0.0000000000E+000         0.0000000000E+000         2.8503759782E+002         2.8738283928E+002         4.2632396770E+002         4.3069142999E+002         6.4200478595E-001         8.1484703101E-001         
2019-04-25                03:36:27.529              113.81698529              2731.607647               114.81698529              1556163387.529            0                         963                       1.0000000000E+000         0.0000000000E+000         0.0000000000E+000         2.8503759782E+002         2.8738283928E+002         4.2628558737E+002         4.3061100664E+002         6.4200478595E-001         8.1484703101E-001         
2019-04-25                03:36:57.240              113.81732918              2731.615900               114.81732918              1556163417.241            0                         963                       2.0000000000E+000         0.0000000000E+000         0.0000000000E+000         2.8527771353E+002         2.8738283928E+002         4.2628558737E+002         4.3057224036E+002         6.4200478595E-001         8.1484703101E-001         
2019-04-25                03:37:17.005              113.81755793              2731.621390               114.81755793              1556163437.005            0                         963                       1.0000000000E+000         0.0000000000E+000         0.0000000000E+000         2.8527771353E+002         2.8738283928E+002         4.2632458814E+002         4.3057224036E+002         6.4200478595E-001         8.1484703101E-001         
2019-04-25                03:38:07.233              113.81813927              2731.635343               114.81813927              1556163487.233            0                         963                       1.0000000000E+000         0.0000000000E+000         0.0000000000E+000         2.8527771353E+002         2.8762493062E+002         4.2635290315E+002         4.3061163331E+002         6.4200478595E-001         8.1484703101E-001         
2019-04-25                03:38:56.469              113.81870913              2731.649019               114.81870913              1556163536.469            0                         963                       1.0000000000E+000         0.0000000000E+000         0.0000000000E+000         2.8527771353E+002         2.8762493062E+002         4.2635531141E+002         4.3064023306E+002         6.4200478595E-001         8.1484703101E-001         
2019-04-25                03:39:46.821              113.81929191              2731.663006               114.81929191              1556163586.821            0                         963                       1.0000000000E+000         0.0000000000E+000         0.0000000000E+000         2.8527771353E+002         2.8762493062E+002         4.2631500334E+002         4.3064266553E+002         6.4200478595E-001         8.1484703101E-001         
2019-04-25                03:40:14.023              113.81960676              2731.670562               114.81960676              1556163614.024            0                         963                       2.0000000000E+000         0.0000000000E+000         0.0000000000E+000         1.8812902682E+001         2.8762493062E+002         4.2631500334E+002         4.3060195213E+002         6.4200478595E-001         8.1484703101E-001         
2019-04-25                03:40:34.148              113.81983969              2731.676152               114.81983969              1556163634.149            0                         963                       1.0000000000E+000         0.0000000000E+000         0.0000000000E+000         1.8812902682E+001         2.8762493062E+002         4.2624027753E+002         4.3060195213E+002         6.4200478595E-001         8.1484703101E-001         
2019-04-25                03:41:23.384              113.82040954              2731.689829               114.82040954              1556163683.384            0                         963                       1.0000000000E+000         0.0000000000E+000         0.0000000000E+000         1.8812902682E+001         1.8967692084E+001         4.2612478344E+002         4.3052647490E+002         6.4200478595E-001         8.1484703101E-001         
2019-04-25                03:42:12.621              113.82097942              2731.703506               114.82097942              1556163732.622            0                         963                       1.0000000000E+000         0.0000000000E+000         0.0000000000E+000         1.8812902682E+001         1.8967692084E+001         4.2600502401E+002         4.3040981942E+002         6.4200478595E-001         8.1484703101E-001         
2019-04-25                03:43:02.994              113.82156244              2731.717499               114.82156244              1556163782.995            0                         963                       1.0000000000E+000         0.0000000000E+000         0.0000000000E+000         1.8812902682E+001         1.8967692084E+001         4.2588596541E+002         4.3028885571E+002         6.4200478595E-001         8.1484703101E-001         
2019-04-25                03:43:52.237              113.82213238              2731.731177               114.82213238              1556163832.238            0                         963                       1.0000000000E+000         0.0000000000E+000         0.0000000000E+000         1.8812902682E+001         1.8967692084E+001         4.2575944557E+002         4.3016859988E+002         6.4200478595E-001         8.1484703101E-001         
2019-04-25                03:44:41.463              113.82270212              2731.744851               114.82270212              1556163881.463            0                         963                       1.0000000000E+000         0.0000000000E+000         0.0000000000E+000         1.8812902682E+001         1.8967692084E+001         4.2566580194E+002         4.3004080777E+002         6.4200478595E-001         8.1484703101E-001         
2019-04-25                03:45:30.690              113.82327189              2731.758525               114.82327189              1556163930.691            0                         963                       1.0000000000E+000         0.0000000000E+000         0.0000000000E+000         1.8812902682E+001         1.8967692084E+001         4.2556071086E+002         4.2994622248E+002         6.4200478595E-001         8.1484703101E-001         
2019-04-25                03:46:19.125              113.82383247              2731.771979               114.82383247              1556163979.125            0                         963                       1.0000000000E+000         0.0000000000E+000         0.0000000000E+000         1.8812902682E+001         1.8967692084E+001         4.2543493241E+002         4.2984007462E+002         6.4200478595E-001         8.1484703101E-001         
2019-04-25                03:47:08.358              113.82440230              2731.785655               114.82440230              1556164028.359            0                         963                       1.0000000000E+000         0.0000000000E+000         0.0000000000E+000         1.8812902682E+001         1.8967692084E+001         4.2532121277E+002         4.2971303137E+002         6.4200478595E-001         8.1484703101E-001         
2019-04-25                03:47:57.671              113.82497306              2731.799353               114.82497306              1556164077.672            0                         963                       1.0000000000E+000         0.0000000000E+000         0.0000000000E+000         1.8812902682E+001         1.8967692084E+001         4.2521881158E+002         4.2959816819E+002         6.4200478595E-001         8.1484703101E-001         
2019-04-25                03:48:45.927              113.82553156              2731.812758               114.82553156              1556164125.927            0                         963                       1.0000000000E+000         0.0000000000E+000         0.0000000000E+000         1.8812902682E+001         1.8967692084E+001         4.2514897616E+002         4.2949473727E+002         6.4200478595E-001         8.1484703101E-001         
2019-04-25                03:49:35.177              113.82610159              2731.826438               114.82610159              1556164175.177            0                         963                       1.0000000000E+000         0.0000000000E+000         0.0000000000E+000         1.8812902682E+001         1.8967692084E+001         4.2510469460E+002         4.2942419959E+002         6.4200478595E-001         8.1484703101E-001         
2019-04-25                03:50:02.380              113.82641644              2731.833994               114.82641644              1556164202.380            0                         963                       2.0000000000E+000         0.0000000000E+000         0.0000000000E+000         1.8133931278E+001         1.8967692084E+001         4.2510469460E+002         4.2937947274E+002         6.4200478595E-001         8.1484703101E-001         
2019-04-25                03:50:22.499              113.82664929              2731.839583               114.82664929              1556164222.499            0                         963                       1.0000000000E+000         0.0000000000E+000         0.0000000000E+000         1.8133931278E+001         1.8967692084E+001         4.2503159374E+002         4.2937947274E+002         6.4200478595E-001         8.1484703101E-001         
2019-04-25                03:51:10.766              113.82720794              2731.852991               114.82720794              1556164270.766            0                         963                       1.0000000000E+000         0.0000000000E+000         0.0000000000E+000         1.8133931278E+001         1.8283134218E+001         4.2497269581E+002         4.2930563679E+002         6.4200478595E-001         8.1484703101E-001         
2019-04-25                03:52:00.006              113.82777785              2731.866668               114.82777785              1556164320.006            0                         963                       1.0000000000E+000         0.0000000000E+000         0.0000000000E+000         1.8133931278E+001         1.8283134218E+001         4.2487285231E+002         4.2924614659E+002         6.4200478595E-001         8.1484703101E-001         
2019-04-25                03:52:50.263              113.82835954              2731.880629               114.82835954              1556164370.264            0                         963                       1.0000000000E+000         0.0000000000E+000         0.0000000000E+000         1.8133931278E+001         1.8283134218E+001         4.2478832174E+002         4.2914529909E+002         6.4200478595E-001         8.1484703101E-001         
2019-04-25                03:53:40.510              113.82894110              2731.894586               114.82894110              1556164420.511            0                         963                       1.0000000000E+000         0.0000000000E+000         0.0000000000E+000         1.8133931278E+001         1.8283134218E+001         4.2472824873E+002         4.2905991849E+002         6.4200478595E-001         8.1484703101E-001         
2019-04-25                03:54:28.783              113.82949981              2731.907996               114.82949981              1556164468.784            0                         963                       1.0000000000E+000         0.0000000000E+000         0.0000000000E+000         1.8133931278E+001         1.8283134218E+001         4.2465704065E+002         4.2899924140E+002         6.4200478595E-001         8.1484703101E-001         
2019-04-25                03:55:18.026              113.83006975              2731.921674               114.83006975              1556164518.026            0                         963                       1.0000000000E+000         0.0000000000E+000         0.0000000000E+000         1.8133931278E+001         1.8283134218E+001         4.2456360051E+002         4.2892731726E+002         6.4200478595E-001         8.1484703101E-001         
2019-04-25                03:56:07.243              113.83063939              2731.935345               114.83063939              1556164567.243            0                         963                       1.0000000000E+000         0.0000000000E+000         0.0000000000E+000         1.8133931278E+001         1.8283134218E+001         4.2448114558E+002         4.2883293751E+002         6.4200478595E-001         8.1484703101E-001         
2019-04-25                03:56:34.411              113.83095383              2731.942892               114.83095383              1556164594.411            0                         963                       2.0000000000E+000         0.0000000000E+000         0.0000000000E+000         1.7732969837E+001         1.8283134218E+001         4.2448114558E+002         4.2874965342E+002         6.4200478595E-001         8.1484703101E-001         
2019-04-25                03:56:54.516              113.83118653              2731.948477               114.83118653              1556164614.516            0                         963                       1.0000000000E+000         0.0000000000E+000         0.0000000000E+000         1.7732969837E+001         1.8283134218E+001         4.2443642357E+002         4.2874965342E+002         6.4200478595E-001         8.1484703101E-001         
2019-04-25                03:57:43.763              113.83175652              2731.962156               114.83175652              1556164663.763            0                         963                       1.0000000000E+000         0.0000000000E+000         0.0000000000E+000         1.7732969837E+001         1.7878873734E+001         4.2441086438E+002         4.2870448169E+002         6.4200478595E-001         8.1484703101E-001         
2019-04-25                03:58:33.009              113.83232649              2731.975836               114.83232649              1556164713.009            0                         963                       1.0000000000E+000         0.0000000000E+000         0.0000000000E+000         1.7732969837E+001         1.7878873734E+001         4.2436474072E+002         4.2867866549E+002         6.4200478595E-001         8.1484703101E-001         
2019-04-25                03:59:24.292              113.83292006              2731.990081               114.83292006              1556164764.293            0                         963                       1.0000000000E+000         0.0000000000E+000         0.0000000000E+000         1.7732969837E+001         1.7878873734E+001         4.2429652495E+002         4.2863207801E+002         6.4200478595E-001         8.1484703101E-001         
2019-04-25                04:00:13.743              113.83349240              2732.003818               114.83349240              1556164813.743            0                         963                       1.0000000000E+000         0.0000000000E+000         0.0000000000E+000         1.7732969837E+001         1.7878873734E+001         4.2424182453E+002         4.2856317628E+002         6.4200478595E-001         8.1484703101E-001         
2019-04-25                04:01:02.990              113.83406238              2732.017497               114.83406238              1556164862.990            0                         963                       1.0000000000E+000         0.0000000000E+000         0.0000000000E+000         1.7732969837E+001         1.7878873734E+001         4.2420833929E+002         4.2850792580E+002         6.4200478595E-001         8.1484703101E-001         
2019-04-25                04:01:52.309              113.83463321              2732.031197               114.83463321              1556164912.309            0                         963                       1.0000000000E+000         0.0000000000E+000         0.0000000000E+000         1.7732969837E+001         1.7878873734E+001         4.2419086737E+002         4.2847410384E+002         6.4200478595E-001         8.1484703101E-001         
2019-04-25                04:02:19.380              113.83494653              2732.038717               114.83494653              1556164939.380            0                         963                       2.0000000000E+000         0.0000000000E+000         0.0000000000E+000         1.8719170034E+001         1.7878873734E+001         4.2419086737E+002         4.2845645623E+002         6.4200478595E-001         8.1484703101E-001         
2019-04-25                04:02:39.687              113.83518156              2732.044358               114.83518156              1556164959.687            0                         963                       1.0000000000E+000         0.0000000000E+000         0.0000000000E+000         1.8719170034E+001         1.7878873734E+001         4.2412767095E+002         4.2845645623E+002         6.4200478595E-001         8.1484703101E-001         
2019-04-25                04:03:28.153              113.83574251              2732.057820               114.83574251              1556165008.153            0                         963                       1.0000000000E+000         0.0000000000E+000         0.0000000000E+000         1.8719170034E+001         1.8873188220E+001         4.2412746070E+002         4.2839262431E+002         6.4200478595E-001         8.1484703101E-001         
2019-04-25                04:04:17.408              113.83631260              2732.071502               114.83631260              1556165057.409            0                         963                       1.0000000000E+000         0.0000000000E+000         0.0000000000E+000         1.8719170034E+001         1.8873188220E+001         4.2415068603E+002         4.2839241195E+002         6.4200478595E-001         8.1484703101E-001         
2019-04-25                04:05:06.648              113.83688251              2732.085180               114.83688251              1556165106.649            0                         963                       1.0000000000E+000         0.0000000000E+000         0.0000000000E+000         1.8719170034E+001         1.8873188220E+001         4.2413304712E+002         4.2841587083E+002         6.4200478595E-001         8.1484703101E-001         
2019-04-25                04:05:56.915              113.83746431              2732.099143               114.83746431              1556165156.916            0                         963                       1.0000000000E+000         0.0000000000E+000         0.0000000000E+000         1.8719170034E+001         1.8873188220E+001         4.2412528408E+002         4.2839805454E+002         6.4200478595E-001         8.1484703101E-001         
2019-04-25                04:06:45.368              113.83802510              2732.112602               114.83802510              1556165205.369            0                         963                       1.0000000000E+000         0.0000000000E+000         0.0000000000E+000         1.8719170034E+001         1.8873188220E+001         4.2413176888E+002         4.2839021344E+002         6.4200478595E-001         8.1484703101E-001         
2019-04-25                04:07:34.661              113.83859561              2732.126295               114.83859561              1556165254.661            0                         963                       1.0000000000E+000         0.0000000000E+000         0.0000000000E+000         1.8719170034E+001         1.8873188220E+001         4.2416147934E+002         4.2839676345E+002         6.4200478595E-001         8.1484703101E-001         
2019-04-25                04:08:22.918              113.83915416              2732.139700               114.83915416              1556165302.919            0                         963                       1.0000000000E+000         0.0000000000E+000         0.0000000000E+000         1.8719170034E+001         1.8873188220E+001         4.2420478627E+002         4.2842677267E+002         6.4200478595E-001         8.1484703101E-001         
2019-04-25                04:08:48.288              113.83944778              2732.146747               114.83944778              1556165328.288            0                         963                       2.0000000000E+000         0.0000000000E+000         0.0000000000E+000         2.4207425104E+000         1.8873188220E+001         4.2420478627E+002         4.2847051509E+002         6.4200478595E-001         8.1484703101E-001         
2019-04-25                04:09:09.253              113.83969043              2732.152570               114.83969043              1556165349.253            0                         963                       1.0000000000E+000         0.0000000000E+000         0.0000000000E+000         2.4207425104E+000         1.8873188220E+001         4.2424199806E+002         4.2847051509E+002         6.4200478595E-001         8.1484703101E-001         
2019-04-25                04:09:59.476              113.84027171              2732.166521               114.84027171              1556165399.476            0                         963                       1.0000000000E+000         0.0000000000E+000         0.0000000000E+000         2.4207425104E+000         2.4406599730E+000         4.2428825320E+002         4.2850810107E+002         6.4200478595E-001         8.1484703101E-001         
2019-04-25                04:10:41.811              113.84076170              2732.178281               114.84076170              1556165441.811            0                         963                       1.0000000000E+000         0.0000000000E+000         0.0000000000E+000         2.4207425104E+000         2.4406599730E+000         4.2431001521E+002         4.2855482135E+002         6.4200478595E-001         8.1484703101E-001         
2019-04-25                04:11:31.035              113.84133142              2732.191954               114.84133142              1556165491.035            0                         963                       1.0000000000E+000         0.0000000000E+000         0.0000000000E+000         2.4207425104E+000         2.4406599730E+000         4.2436730178E+002         4.2857680219E+002         6.4200478595E-001         8.1484703101E-001         
2019-04-25                04:12:21.387              113.84191420              2732.205941               114.84191420              1556165541.387            0                         963                       1.0000000000E+000         0.0000000000E+000         0.0000000000E+000         2.4207425104E+000         2.4406599730E+000         4.2444726154E+002         4.2863466483E+002         6.4200478595E-001         8.1484703101E-001         
2019-04-25                04:13:11.711              113.84249667              2732.219920               114.84249667              1556165591.712            0                         963                       1.0000000000E+000         0.0000000000E+000         0.0000000000E+000         2.4207425104E+000         2.4406599730E+000         4.2449173105E+002         4.2871542865E+002         6.4200478595E-001         8.1484703101E-001         
2019-04-25                04:13:59.957              113.84305507              2732.233322               114.84305507              1556165639.958            0                         963                       1.0000000000E+000         0.0000000000E+000         0.0000000000E+000         2.4207425104E+000         2.4406599730E+000         4.2455115894E+002         4.2876034534E+002         6.4200478595E-001         8.1484703101E-001         
2019-04-25                04:14:49.186              113.84362484              2732.246996               114.84362484              1556165689.186            0                         963                       1.0000000000E+000         0.0000000000E+000         0.0000000000E+000         2.4207425104E+000         2.4406599730E+000         4.2459363856E+002         4.2882037083E+002         6.4200478595E-001         8.1484703101E-001         
2019-04-25                04:15:39.555              113.84420782              2732.260988               114.84420782              1556165739.556            0                         963                       1.0000000000E+000         0.0000000000E+000         0.0000000000E+000         2.4207425104E+000         2.4406599730E+000         4.2464405342E+002         4.2886327761E+002         6.4200478595E-001         8.1484703101E-001         
2019-04-25                04:16:29.928              113.84479084              2732.274980               114.84479084              1556165789.929            0                         963                       1.0000000000E+000         0.0000000000E+000         0.0000000000E+000         2.4207425104E+000         2.4406599730E+000         4.2471960996E+002         4.2891419943E+002         6.4200478595E-001         8.1484703101E-001         
2019-04-25                04:17:18.206              113.84534961              2732.288391               114.84534961              1556165838.206            0                         963                       1.0000000000E+000         0.0000000000E+000         0.0000000000E+000         2.4207425104E+000         2.4406599730E+000         4.2477486591E+002         4.2899051576E+002         6.4200478595E-001         8.1484703101E-001         
2019-04-25                04:18:07.460              113.84591968              2732.302072               114.84591968              1556165887.460            0                         963                       1.0000000000E+000         0.0000000000E+000         0.0000000000E+000         2.4207425104E+000         2.4406599730E+000         4.2484942108E+002         4.2904632735E+002         6.4200478595E-001         8.1484703101E-001         
2019-04-25                04:18:56.815              113.84649093              2732.315782               114.84649093              1556165936.816            0                         963                       1.0000000000E+000         0.0000000000E+000         0.0000000000E+000         2.4207425104E+000         2.4406599730E+000         4.2492917286E+002         4.2912163223E+002         6.4200478595E-001         8.1484703101E-001         
2019-04-25                04:19:23.653              113.84680154              2732.323237               114.84680154              1556165963.653            0                         963                       2.0000000000E+000         0.0000000000E+000         0.0000000000E+000         1.8816809354E+001         2.4406599730E+000         4.2492917286E+002         4.2920218598E+002         6.4200478595E-001         8.1484703101E-001         
2019-04-25                04:19:44.138              113.84703865              2732.328927               114.84703865              1556165984.139            0                         963                       1.0000000000E+000         0.0000000000E+000         0.0000000000E+000         1.8816809354E+001         2.4406599730E+000         4.2501270739E+002         4.2920218598E+002         6.4200478595E-001         8.1484703101E-001         
