DATE                      TIME                      FRAC_DAYS_SINCE_JAN1      FRAC_HRS_SINCE_JAN1       JULIAN_DAYS               EPOCH_TIME                ALARM_STATUS              INST_STATUS               species                   MPVPosition               solenoid_valves           CH4                       CH4_dry                   CO2                       CO2_dry                   H2O                       h2o_reported              
2019-07-23                06:12:37.102              202.92542943              4870.210306               203.92542943              1563862357.103            0                         963                       1.0000000000E+000         3.0000000000E+000         0.0000000000E+000         4.4053866312E+001         4.4852831185E+001         4.2308936849E+002         4.3235459074E+002         1.4024331059E+000         1.7401620538E+000         
2019-07-23                06:13:27.280              202.92601020              4870.224245               203.92601020              1563862407.281            0                         963                       1.0000000000E+000         3.0000000000E+000         0.0000000000E+000         4.4053866312E+001         4.4852831185E+001         4.2320981294E+002         4.3247037562E+002         1.4024331059E+000         1.7401620538E+000         
2019-07-23                06:14:17.473              202.92659112              4870.238187               203.92659112              1563862457.473            0                         963                       1.0000000000E+000         3.0000000000E+000         0.0000000000E+000         4.4053866312E+001         4.4852831185E+001         4.2334976870E+002         4.3259349064E+002         1.4024331059E+000         1.7401620538E+000         
2019-07-23                06:15:06.586              202.92715957              4870.251830               203.92715957              1563862506.587            0                         963                       1.0000000000E+000         3.0000000000E+000         0.0000000000E+000         4.4053866312E+001         4.4852831185E+001         4.2345474159E+002         4.3273654959E+002         1.4024331059E+000         1.7401620538E+000         
2019-07-23                06:15:56.690              202.92773947              4870.265747               203.92773947              1563862556.690            0                         963                       1.0000000000E+000         3.0000000000E+000         0.0000000000E+000         4.4053866312E+001         4.4852831185E+001         4.2354543011E+002         4.3284385001E+002         1.4024331059E+000         1.7401620538E+000         
2019-07-23                06:16:46.891              202.92832051              4870.279692               203.92832051              1563862606.892            0                         963                       1.0000000000E+000         3.0000000000E+000         0.0000000000E+000         4.4053866312E+001         4.4852831185E+001         4.2366681184E+002         4.3293654933E+002         1.4024331059E+000         1.7401620538E+000         
2019-07-23                06:16:50.505              202.92836233              4870.280696               203.92836233              1563862610.505            0                         963                       3.0000000000E+000         3.0000000000E+000         0.0000000000E+000         4.4053866312E+001         4.4845020527E+001         4.2366681184E+002         4.3296872246E+002         1.3754704641E+000         1.7080336720E+000         
2019-07-23                06:17:24.461              202.92875535              4870.290128               203.92875535              1563862644.462            0                         963                       1.0000000000E+000         3.0000000000E+000         0.0000000000E+000         4.4053866312E+001         4.4845020527E+001         4.2374630942E+002         4.3296872246E+002         1.3754704641E+000         1.7080336720E+000         
2019-07-23                06:18:13.585              202.92932391              4870.303774               203.92932391              1563862693.586            0                         963                       1.0000000000E+000         3.0000000000E+000         0.0000000000E+000         4.4053866312E+001         4.4837218224E+001         4.2380384849E+002         4.3295814832E+002         1.3754704641E+000         1.7080336720E+000         
2019-07-23                06:19:03.691              202.92990384              4870.317692               203.92990384              1563862743.692            0                         963                       1.0000000000E+000         3.0000000000E+000         0.0000000000E+000         4.4053866312E+001         4.4837218224E+001         4.2386651321E+002         4.3301693824E+002         1.3754704641E+000         1.7080336720E+000         
2019-07-23                06:19:53.891              202.93048485              4870.331636               203.93048485              1563862793.891            0                         963                       1.0000000000E+000         3.0000000000E+000         0.0000000000E+000         4.4053866312E+001         4.4837218224E+001         4.2394924101E+002         4.3308096522E+002         1.3754704641E+000         1.7080336720E+000         
2019-07-23                06:19:59.990              202.93055544              4870.333331               203.93055544              1563862799.990            0                         963                       3.0000000000E+000         3.0000000000E+000         0.0000000000E+000         4.4053866312E+001         4.4836833605E+001         4.2394924101E+002         4.3316096314E+002         1.3741416202E+000         1.7064489955E+000         
2019-07-23                06:20:34.311              202.93095267              4870.342864               203.93095267              1563862834.311            0                         963                       1.0000000000E+000         3.0000000000E+000         0.0000000000E+000         4.4053866312E+001         4.4836833605E+001         4.2402299295E+002         4.3316096314E+002         1.3741416202E+000         1.7064489955E+000         
2019-07-23                06:21:23.566              202.93152277              4870.356546               203.93152277              1563862883.567            0                         963                       1.0000000000E+000         3.0000000000E+000         0.0000000000E+000         4.4053866312E+001         4.4836449007E+001         4.2408503474E+002         4.3323178875E+002         1.3741416202E+000         1.7064489955E+000         
2019-07-23                06:22:13.684              202.93210284              4870.370468               203.93210284              1563862933.685            0                         963                       1.0000000000E+000         3.0000000000E+000         0.0000000000E+000         4.4053866312E+001         4.4836449007E+001         4.2415367076E+002         4.3329517794E+002         1.3741416202E+000         1.7064489955E+000         
2019-07-23                06:22:16.351              202.93213369              4870.371209               203.93213369              1563862936.351            0                         963                       3.0000000000E+000         3.0000000000E+000         0.0000000000E+000         4.4053866312E+001         4.4835983027E+001         4.2415367076E+002         4.3335981573E+002         1.3725316276E+000         1.7045288865E+000         
2019-07-23                06:22:50.239              202.93252591              4870.380622               203.93252591              1563862970.239            0                         963                       1.0000000000E+000         3.0000000000E+000         0.0000000000E+000         4.4053866312E+001         4.4835983027E+001         4.2420998282E+002         4.3335981573E+002         1.3725316276E+000         1.7045288865E+000         
2019-07-23                06:23:41.404              202.93311810              4870.394834               203.93311810              1563863021.404            0                         963                       1.0000000000E+000         3.0000000000E+000         0.0000000000E+000         4.4053866312E+001         4.4835517076E+001         4.2427381754E+002         4.3341186082E+002         1.3725316276E+000         1.7045288865E+000         
2019-07-23                06:24:31.502              202.93369794              4870.408751               203.93369794              1563863071.502            0                         963                       1.0000000000E+000         3.0000000000E+000         0.0000000000E+000         4.4053866312E+001         4.4835517076E+001         4.2435744139E+002         4.3347708023E+002         1.3725316276E+000         1.7045288865E+000         
2019-07-23                06:25:20.763              202.93426810              4870.422434               203.93426810              1563863120.764            0                         963                       1.0000000000E+000         3.0000000000E+000         0.0000000000E+000         4.4053866312E+001         4.4835517076E+001         4.2445669016E+002         4.3356251803E+002         1.3725316276E+000         1.7045288865E+000         
2019-07-23                06:26:12.006              202.93486119              4870.436669               203.93486119              1563863172.007            0                         963                       1.0000000000E+000         3.0000000000E+000         0.0000000000E+000         4.4053866312E+001         4.4835517076E+001         4.2453139027E+002         4.3366391969E+002         1.3725316276E+000         1.7045288865E+000         
2019-07-23                06:27:02.213              202.93544229              4870.450615               203.93544229              1563863222.214            0                         963                       1.0000000000E+000         3.0000000000E+000         0.0000000000E+000         4.4053866312E+001         4.4835517076E+001         4.2458282226E+002         4.3374024017E+002         1.3725316276E+000         1.7045288865E+000         
2019-07-23                06:27:52.275              202.93602170              4870.464521               203.93602170              1563863272.275            0                         963                       1.0000000000E+000         3.0000000000E+000         0.0000000000E+000         4.4053866312E+001         4.4835517076E+001         4.2468188796E+002         4.3379278781E+002         1.3725316276E+000         1.7045288865E+000         
2019-07-23                06:28:41.403              202.93659031              4870.478168               203.93659031              1563863321.403            0                         963                       1.0000000000E+000         3.0000000000E+000         0.0000000000E+000         4.4053866312E+001         4.4835517076E+001         4.2476495681E+002         4.3389400243E+002         1.3725316276E+000         1.7045288865E+000         
2019-07-23                06:29:32.637              202.93718330              4870.492399               203.93718330              1563863372.637            0                         963                       1.0000000000E+000         3.0000000000E+000         0.0000000000E+000         4.4053866312E+001         4.4835517076E+001         4.2485221121E+002         4.3397887320E+002         1.3725316276E+000         1.7045288865E+000         
2019-07-23                06:30:22.918              202.93776527              4870.506366               203.93776527              1563863422.919            0                         963                       1.0000000000E+000         3.0000000000E+000         0.0000000000E+000         4.4053866312E+001         4.4835517076E+001         4.2502307424E+002         4.3406802030E+002         1.3725316276E+000         1.7045288865E+000         
2019-07-23                06:31:12.154              202.93833513              4870.520043               203.93833513              1563863472.155            0                         963                       1.0000000000E+000         3.0000000000E+000         0.0000000000E+000         4.4053866312E+001         4.4835517076E+001         4.2519632364E+002         4.3424258966E+002         1.3725316276E+000         1.7045288865E+000         
2019-07-23                06:32:02.286              202.93891536              4870.533969               203.93891536              1563863522.287            0                         963                       1.0000000000E+000         3.0000000000E+000         0.0000000000E+000         4.4053866312E+001         4.4835517076E+001         4.2536769707E+002         4.3441959714E+002         1.3725316276E+000         1.7045288865E+000         
2019-07-23                06:32:52.517              202.93949674              4870.547922               203.93949674              1563863572.518            0                         963                       1.0000000000E+000         3.0000000000E+000         0.0000000000E+000         4.4053866312E+001         4.4835517076E+001         4.2557649836E+002         4.3459468798E+002         1.3725316276E+000         1.7045288865E+000         
2019-07-23                06:33:43.700              202.94008912              4870.562139               203.94008912              1563863623.700            0                         963                       1.0000000000E+000         3.0000000000E+000         0.0000000000E+000         4.4053866312E+001         4.4835517076E+001         4.2577507991E+002         4.3480801854E+002         1.3725316276E+000         1.7045288865E+000         
2019-07-23                06:34:32.930              202.94065892              4870.575814               203.94065892              1563863672.931            0                         963                       1.0000000000E+000         3.0000000000E+000         0.0000000000E+000         4.4053866312E+001         4.4835517076E+001         4.2598107611E+002         4.3501090769E+002         1.3725316276E+000         1.7045288865E+000         
2019-07-23                06:35:22.211              202.94122931              4870.589503               203.94122931              1563863722.212            0                         963                       1.0000000000E+000         3.0000000000E+000         0.0000000000E+000         4.4053866312E+001         4.4835517076E+001         4.2620729142E+002         4.3522137231E+002         1.3725316276E+000         1.7045288865E+000         
2019-07-23                06:36:12.427              202.94181051              4870.603452               203.94181051              1563863772.428            0                         963                       1.0000000000E+000         3.0000000000E+000         0.0000000000E+000         4.4053866312E+001         4.4835517076E+001         4.2642667028E+002         4.3545249464E+002         1.3725316276E+000         1.7045288865E+000         
2019-07-23                06:37:02.634              202.94239160              4870.617398               203.94239160              1563863822.634            0                         963                       1.0000000000E+000         3.0000000000E+000         0.0000000000E+000         4.4053866312E+001         4.4835517076E+001         4.2663551266E+002         4.3567663222E+002         1.3725316276E+000         1.7045288865E+000         
2019-07-23                06:37:51.798              202.94296063              4870.631055               203.94296063              1563863871.798            0                         963                       1.0000000000E+000         3.0000000000E+000         0.0000000000E+000         4.4053866312E+001         4.4835517076E+001         4.2683461573E+002         4.3589000477E+002         1.3725316276E+000         1.7045288865E+000         
2019-07-23                06:38:40.944              202.94352944              4870.644707               203.94352944              1563863920.944            0                         963                       1.0000000000E+000         3.0000000000E+000         0.0000000000E+000         4.4053866312E+001         4.4835517076E+001         4.2704292970E+002         4.3609342674E+002         1.3725316276E+000         1.7045288865E+000         
2019-07-23                06:39:32.119              202.94412176              4870.658922               203.94412176              1563863972.120            0                         963                       1.0000000000E+000         3.0000000000E+000         0.0000000000E+000         4.4053866312E+001         4.4835517076E+001         4.2723913205E+002         4.3630625942E+002         1.3725316276E+000         1.7045288865E+000         
2019-07-23                06:40:23.306              202.94471420              4870.673141               203.94471420              1563864023.307            0                         963                       1.0000000000E+000         3.0000000000E+000         0.0000000000E+000         4.4053866312E+001         4.4835517076E+001         4.2746331609E+002         4.3650671775E+002         1.3725316276E+000         1.7045288865E+000         
2019-07-23                06:41:12.569              202.94528437              4870.686825               203.94528437              1563864072.570            0                         963                       1.0000000000E+000         3.0000000000E+000         0.0000000000E+000         4.4053866312E+001         4.4835517076E+001         4.2771663912E+002         4.3673576475E+002         1.3725316276E+000         1.7045288865E+000         
2019-07-23                06:42:02.676              202.94586431              4870.700743               203.94586431              1563864122.676            0                         963                       1.0000000000E+000         3.0000000000E+000         0.0000000000E+000         4.4053866312E+001         4.4835517076E+001         4.2792705699E+002         4.3699458280E+002         1.3725316276E+000         1.7045288865E+000         
2019-07-23                06:42:06.273              202.94590594              4870.701743               203.94590594              1563864126.273            0                         963                       3.0000000000E+000         3.0000000000E+000         0.0000000000E+000         4.4053866312E+001         4.4836523673E+001         4.2792705699E+002         4.3722152733E+002         1.3760097597E+000         1.7086767609E+000         
2019-07-23                06:42:40.292              202.94629969              4870.711192               203.94629969              1563864160.293            0                         963                       1.0000000000E+000         3.0000000000E+000         0.0000000000E+000         4.4053866312E+001         4.4836523673E+001         4.2808480561E+002         4.3722152733E+002         1.3760097597E+000         1.7086767609E+000         
2019-07-23                06:43:30.526              202.94688109              4870.725146               203.94688109              1563864210.526            0                         963                       1.0000000000E+000         3.0000000000E+000         0.0000000000E+000         4.4053866312E+001         4.4837530409E+001         4.2823836108E+002         4.3739467062E+002         1.3760097597E+000         1.7086767609E+000         
2019-07-23                06:44:19.792              202.94745131              4870.738831               203.94745131              1563864259.793            0                         963                       1.0000000000E+000         3.0000000000E+000         0.0000000000E+000         4.4053866312E+001         4.4837530409E+001         4.2839515888E+002         4.3755156556E+002         1.3760097597E+000         1.7086767609E+000         
2019-07-23                06:45:09.892              202.94803117              4870.752748               203.94803117              1563864309.893            0                         963                       1.0000000000E+000         3.0000000000E+000         0.0000000000E+000         4.4053866312E+001         4.4837530409E+001         4.2851970536E+002         4.3771177336E+002         1.3760097597E+000         1.7086767609E+000         
2019-07-23                06:46:00.105              202.94861234              4870.766696               203.94861234              1563864360.106            0                         963                       1.0000000000E+000         3.0000000000E+000         0.0000000000E+000         4.4053866312E+001         4.4837530409E+001         4.2861903334E+002         4.3783902844E+002         1.3760097597E+000         1.7086767609E+000         
2019-07-23                06:46:51.306              202.94920494              4870.780919               203.94920494              1563864411.307            0                         963                       1.0000000000E+000         3.0000000000E+000         0.0000000000E+000         4.4053866312E+001         4.4837530409E+001         4.2874887409E+002         4.3794051657E+002         1.3760097597E+000         1.7086767609E+000         
2019-07-23                06:47:40.546              202.94977485              4870.794596               203.94977485              1563864460.547            0                         963                       1.0000000000E+000         3.0000000000E+000         0.0000000000E+000         4.4053866312E+001         4.4837530409E+001         4.2885390221E+002         4.3807318107E+002         1.3760097597E+000         1.7086767609E+000         
2019-07-23                06:48:30.667              202.95035495              4870.808519               203.95035495              1563864510.668            0                         963                       1.0000000000E+000         3.0000000000E+000         0.0000000000E+000         4.4053866312E+001         4.4837530409E+001         4.2891395425E+002         4.3818049331E+002         1.3760097597E+000         1.7086767609E+000         
2019-07-23                06:48:35.253              202.95040802              4870.809793               203.95040802              1563864515.253            0                         963                       3.0000000000E+000         3.0000000000E+000         0.0000000000E+000         4.4053866312E+001         4.4837198168E+001         4.2891395425E+002         4.3823789390E+002         1.3748618911E+000         1.7073079494E+000         
2019-07-23                06:49:09.338              202.95080252              4870.819261               203.95080252              1563864549.338            0                         963                       1.0000000000E+000         3.0000000000E+000         0.0000000000E+000         4.4053866312E+001         4.4837198168E+001         4.2897710523E+002         4.3823789390E+002         1.3748618911E+000         1.7073079494E+000         
2019-07-23                06:50:00.528              202.95139500              4870.833480               203.95139500              1563864600.528            0                         963                       1.0000000000E+000         3.0000000000E+000         0.0000000000E+000         4.4053866312E+001         4.4836865941E+001         4.2905538133E+002         4.3829845983E+002         1.3748618911E+000         1.7073079494E+000         
2019-07-23                06:50:49.788              202.95196514              4870.847163               203.95196514              1563864649.788            0                         963                       1.0000000000E+000         3.0000000000E+000         0.0000000000E+000         4.4053866312E+001         4.4836865941E+001         4.2914202599E+002         4.3837843682E+002         1.3748618911E+000         1.7073079494E+000         
2019-07-23                06:51:39.923              202.95254541              4870.861090               203.95254541              1563864699.923            0                         963                       1.0000000000E+000         3.0000000000E+000         0.0000000000E+000         4.4053866312E+001         4.4836865941E+001         4.2921463089E+002         4.3846696420E+002         1.3748618911E+000         1.7073079494E+000         
2019-07-23                06:52:30.115              202.95312634              4870.875032               203.95312634              1563864750.116            0                         963                       1.0000000000E+000         3.0000000000E+000         0.0000000000E+000         4.4053866312E+001         4.4836865941E+001         4.2925177630E+002         4.3854114676E+002         1.3748618911E+000         1.7073079494E+000         
2019-07-23                06:53:21.286              202.95371860              4870.889246               203.95371860              1563864801.287            0                         963                       1.0000000000E+000         3.0000000000E+000         0.0000000000E+000         4.4053866312E+001         4.4836865941E+001         4.2926601829E+002         4.3857909930E+002         1.3748618911E+000         1.7073079494E+000         
2019-07-23                06:54:09.549              202.95427720              4870.902653               203.95427720              1563864849.550            0                         963                       1.0000000000E+000         3.0000000000E+000         0.0000000000E+000         4.4053866312E+001         4.4836865941E+001         4.2929793238E+002         4.3859365077E+002         1.3748618911E+000         1.7073079494E+000         
2019-07-23                06:54:59.670              202.95485729              4870.916575               203.95485729              1563864899.670            0                         963                       1.0000000000E+000         3.0000000000E+000         0.0000000000E+000         4.4053866312E+001         4.4836865941E+001         4.2930077232E+002         4.3862625832E+002         1.3748618911E+000         1.7073079494E+000         
2019-07-23                06:55:49.890              202.95543854              4870.930525               203.95543854              1563864949.890            0                         963                       1.0000000000E+000         3.0000000000E+000         0.0000000000E+000         4.4053866312E+001         4.4836865941E+001         4.2931210341E+002         4.3862915997E+002         1.3748618911E+000         1.7073079494E+000         
2019-07-23                06:56:40.109              202.95601979              4870.944475               203.95601979              1563865000.110            0                         963                       1.0000000000E+000         3.0000000000E+000         0.0000000000E+000         4.4053866312E+001         4.4836865941E+001         4.2931414266E+002         4.3864073728E+002         1.3748618911E+000         1.7073079494E+000         
2019-07-23                06:57:29.414              202.95659044              4870.958171               203.95659044              1563865049.414            0                         963                       1.0000000000E+000         3.0000000000E+000         0.0000000000E+000         4.4053866312E+001         4.4836865941E+001         4.2924770767E+002         4.3864282084E+002         1.3748618911E+000         1.7073079494E+000         
2019-07-23                06:58:18.552              202.95715918              4870.971820               203.95715918              1563865098.553            0                         963                       1.0000000000E+000         3.0000000000E+000         0.0000000000E+000         4.4053866312E+001         4.4836865941E+001         4.2920934090E+002         4.3857494226E+002         1.3748618911E+000         1.7073079494E+000         
2019-07-23                06:59:09.730              202.95775150              4870.986036               203.95775150              1563865149.730            0                         963                       1.0000000000E+000         3.0000000000E+000         0.0000000000E+000         4.4053866312E+001         4.4836865941E+001         4.2918409889E+002         4.3853574181E+002         1.3748618911E+000         1.7073079494E+000         
2019-07-23                07:00:00.911              202.95834388              4871.000253               203.95834388              1563865200.911            0                         963                       1.0000000000E+000         3.0000000000E+000         0.0000000000E+000         4.4053866312E+001         4.4836865941E+001         4.2910327534E+002         4.3850995132E+002         1.3748618911E+000         1.7073079494E+000         
2019-07-23                07:00:50.147              202.95891374              4871.013930               203.95891374              1563865250.147            0                         963                       1.0000000000E+000         3.0000000000E+000         0.0000000000E+000         4.4053866312E+001         4.4836865941E+001         4.2900082891E+002         4.3842737153E+002         1.3748618911E+000         1.7073079494E+000         
2019-07-23                07:01:39.394              202.95948373              4871.027609               203.95948373              1563865299.394            0                         963                       1.0000000000E+000         3.0000000000E+000         0.0000000000E+000         4.4053866312E+001         4.4836865941E+001         4.2892876245E+002         4.3832269901E+002         1.3748618911E+000         1.7073079494E+000         
2019-07-23                07:02:30.601              202.96007641              4871.041834               203.96007641              1563865350.602            0                         963                       1.0000000000E+000         3.0000000000E+000         0.0000000000E+000         4.4053866312E+001         4.4836865941E+001         4.2884567830E+002         4.3824906660E+002         1.3748618911E+000         1.7073079494E+000         
2019-07-23                07:03:21.776              202.96066870              4871.056049               203.96066870              1563865401.776            0                         963                       1.0000000000E+000         3.0000000000E+000         0.0000000000E+000         4.4053866312E+001         4.4836865941E+001         4.2878013767E+002         4.3816417710E+002         1.3748618911E+000         1.7073079494E+000         
2019-07-23                07:04:10.994              202.96123837              4871.069721               203.96123837              1563865450.995            0                         963                       1.0000000000E+000         3.0000000000E+000         0.0000000000E+000         4.4053866312E+001         4.4836865941E+001         4.2868572264E+002         4.3809721232E+002         1.3748618911E+000         1.7073079494E+000         
2019-07-23                07:05:01.109              202.96181840              4871.083642               203.96181840              1563865501.110            0                         963                       1.0000000000E+000         3.0000000000E+000         0.0000000000E+000         4.4053866312E+001         4.4836865941E+001         4.2854737954E+002         4.3800074572E+002         1.3748618911E+000         1.7073079494E+000         
2019-07-23                07:05:51.352              202.96239992              4871.097598               203.96239992              1563865551.353            0                         963                       1.0000000000E+000         3.0000000000E+000         0.0000000000E+000         4.4053866312E+001         4.4836865941E+001         4.2841156479E+002         4.3785939652E+002         1.3748618911E+000         1.7073079494E+000         
2019-07-23                07:06:42.539              202.96299236              4871.111817               203.96299236              1563865602.540            0                         963                       1.0000000000E+000         3.0000000000E+000         0.0000000000E+000         4.4053866312E+001         4.4836865941E+001         4.2830316480E+002         4.3772063062E+002         1.3748618911E+000         1.7073079494E+000         
2019-07-23                07:07:31.790              202.96356240              4871.125497               203.96356240              1563865651.791            0                         963                       1.0000000000E+000         3.0000000000E+000         0.0000000000E+000         4.4053866312E+001         4.4836865941E+001         4.2818047877E+002         4.3760987518E+002         1.3748618911E+000         1.7073079494E+000         
2019-07-23                07:08:21.881              202.96414214              4871.139411               203.96414214              1563865701.881            0                         963                       1.0000000000E+000         3.0000000000E+000         0.0000000000E+000         4.4053866312E+001         4.4836865941E+001         4.2800804971E+002         4.3748452328E+002         1.3748618911E+000         1.7073079494E+000         
2019-07-23                07:09:12.078              202.96472314              4871.153355               203.96472314              1563865752.079            0                         963                       1.0000000000E+000         3.0000000000E+000         0.0000000000E+000         4.4053866312E+001         4.4836865941E+001         4.2786543009E+002         4.3730834746E+002         1.3748618911E+000         1.7073079494E+000         
2019-07-23                07:10:02.250              202.96530383              4871.167292               203.96530383              1563865802.251            0                         963                       1.0000000000E+000         3.0000000000E+000         0.0000000000E+000         4.4053866312E+001         4.4836865941E+001         4.2768938154E+002         4.3716262882E+002         1.3748618911E+000         1.7073079494E+000         
2019-07-23                07:10:51.365              202.96587229              4871.180935               203.96587229              1563865851.366            0                         963                       1.0000000000E+000         3.0000000000E+000         0.0000000000E+000         4.4053866312E+001         4.4836865941E+001         4.2752733727E+002         4.3698275486E+002         1.3748618911E+000         1.7073079494E+000         
2019-07-23                07:11:40.605              202.96644220              4871.194613               203.96644220              1563865900.606            0                         963                       1.0000000000E+000         3.0000000000E+000         0.0000000000E+000         4.4053866312E+001         4.4836865941E+001         4.2737313586E+002         4.3681718950E+002         1.3748618911E+000         1.7073079494E+000         
2019-07-23                07:12:30.887              202.96702416              4871.208580               203.96702416              1563865950.887            0                         963                       1.0000000000E+000         3.0000000000E+000         0.0000000000E+000         4.4053866312E+001         4.4836865941E+001         4.2716481465E+002         4.3665963740E+002         1.3748618911E+000         1.7073079494E+000         
2019-07-23                07:13:21.118              202.96760553              4871.222533               203.96760553              1563866001.118            0                         963                       1.0000000000E+000         3.0000000000E+000         0.0000000000E+000         4.4053866312E+001         4.4836865941E+001         4.2696589122E+002         4.3644678953E+002         1.3748618911E+000         1.7073079494E+000         
