DATE                      TIME                      FRAC_DAYS_SINCE_JAN1      FRAC_HRS_SINCE_JAN1       JULIAN_DAYS               EPOCH_TIME                ALARM_STATUS              INST_STATUS               species                   MPVPosition               solenoid_valves           CH4                       CH4_dry                   CO2                       CO2_dry                   H2O                       h2o_reported              
2019-03-30                03:06:29.131              87.79617050               2107.108092               88.79617050               1553915189.131            0                         963                       1.0000000000E+000         1.6000000000E+001         0.0000000000E+000         1.1180345214E+001         1.6575414603E+002         4.4271519099E+002         4.4968271068E+002         9.7016453735E-001         1.2191594817E+000         
2019-03-30                03:07:18.417              87.79674095               2107.121783               88.79674095               1553915238.418            0                         963                       1.0000000000E+000         1.6000000000E+001         0.0000000000E+000         1.1180345214E+001         1.1319894950E+001         4.4256818788E+002         4.4946953315E+002         9.7016453735E-001         1.2191594817E+000         
2019-03-30                03:08:07.709              87.79731145               2107.135475               88.79731145               1553915287.709            0                         963                       1.0000000000E+000         1.6000000000E+001         0.0000000000E+000         1.1180345214E+001         1.1319894950E+001         4.4242597723E+002         4.4932028727E+002         9.7016453735E-001         1.2191594817E+000         
2019-03-30                03:08:55.970              87.79787002               2107.148881               88.79787002               1553915335.970            0                         963                       1.0000000000E+000         1.6000000000E+001         0.0000000000E+000         1.1180345214E+001         1.1319894950E+001         4.4233335257E+002         4.4917590696E+002         9.7016453735E-001         1.2191594817E+000         
2019-03-30                03:09:45.213              87.79843998               2107.162559               88.79843998               1553915385.214            0                         963                       1.0000000000E+000         1.6000000000E+001         0.0000000000E+000         1.1180345214E+001         1.1319894950E+001         4.4223645115E+002         4.4908186916E+002         9.7016453735E-001         1.2191594817E+000         
2019-03-30                03:10:33.446              87.79899822               2107.175957               88.79899822               1553915433.446            0                         963                       1.0000000000E+000         1.6000000000E+001         0.0000000000E+000         1.1180345214E+001         1.1319894950E+001         4.4206659662E+002         4.4898348935E+002         9.7016453735E-001         1.2191594817E+000         
2019-03-30                03:11:21.730              87.79955707               2107.189370               88.79955707               1553915481.731            0                         963                       1.0000000000E+000         1.6000000000E+001         0.0000000000E+000         1.1180345214E+001         1.1319894950E+001         4.4193687269E+002         4.4881104342E+002         9.7016453735E-001         1.2191594817E+000         
2019-03-30                03:11:49.017              87.79987289               2107.196949               88.79987289               1553915509.018            0                         963                       2.0000000000E+000         1.6000000000E+001         0.0000000000E+000         1.1269181120E+001         1.1319894950E+001         4.4193687269E+002         4.4867934034E+002         9.7016453735E-001         1.2191594817E+000         
2019-03-30                03:12:09.128              87.80010565               2107.202536               88.80010565               1553915529.128            0                         963                       1.0000000000E+000         1.6000000000E+001         0.0000000000E+000         1.1269181120E+001         1.1319894950E+001         4.4180658720E+002         4.4867934034E+002         9.7016453735E-001         1.2191594817E+000         
2019-03-30                03:12:37.026              87.80042854               2107.210285               88.80042854               1553915557.026            0                         963                       2.0000000000E+000         1.6000000000E+001         0.0000000000E+000         1.6437022872E+002         1.1409839680E+001         4.4180658720E+002         4.4854706712E+002         9.7016453735E-001         1.2191594817E+000         
2019-03-30                03:12:57.528              87.80066583               2107.215980               88.80066583               1553915577.528            0                         963                       1.0000000000E+000         1.6000000000E+001         0.0000000000E+000         1.6437022872E+002         1.1409839680E+001         4.4163467868E+002         4.4854706712E+002         9.7016453735E-001         1.2191594817E+000         
2019-03-30                03:13:24.819              87.80098170               2107.223561               88.80098170               1553915604.819            0                         963                       2.0000000000E+000         1.6000000000E+001         0.0000000000E+000         1.1050676965E+001         1.6642184892E+002         4.4163467868E+002         4.4837253587E+002         9.7016453735E-001         1.2191594817E+000         
2019-03-30                03:13:44.921              87.80121436               2107.229145               88.80121436               1553915624.921            0                         963                       1.0000000000E+000         1.6000000000E+001         0.0000000000E+000         1.1050676965E+001         1.6642184892E+002         4.4153079043E+002         4.4837253587E+002         9.7016453735E-001         1.2191594817E+000         
2019-03-30                03:14:34.203              87.80178476               2107.242834               88.80178476               1553915674.203            0                         963                       1.0000000000E+000         1.6000000000E+001         0.0000000000E+000         1.1050676965E+001         1.1188608221E+001         4.4145069552E+002         4.4826706262E+002         9.7016453735E-001         1.2191594817E+000         
2019-03-30                03:15:22.473              87.80234344               2107.256243               88.80234344               1553915722.473            0                         963                       1.0000000000E+000         1.6000000000E+001         0.0000000000E+000         1.1050676965E+001         1.1188608221E+001         4.4131285434E+002         4.4818574574E+002         9.7016453735E-001         1.2191594817E+000         
2019-03-30                03:16:10.720              87.80290186               2107.269645               88.80290186               1553915770.721            0                         963                       1.0000000000E+000         1.6000000000E+001         0.0000000000E+000         1.1050676965E+001         1.1188608221E+001         4.4120638879E+002         4.4804580157E+002         9.7016453735E-001         1.2191594817E+000         
2019-03-30                03:16:37.984              87.80321742               2107.277218               88.80321742               1553915797.985            0                         963                       2.0000000000E+000         1.6000000000E+001         0.0000000000E+000         1.1177393347E+001         1.1188608221E+001         4.4120638879E+002         4.4793771171E+002         9.7016453735E-001         1.2191594817E+000         
2019-03-30                03:16:58.112              87.80345038               2107.282809               88.80345038               1553915818.113            0                         963                       1.0000000000E+000         1.6000000000E+001         0.0000000000E+000         1.1177393347E+001         1.1188608221E+001         4.4110567265E+002         4.4793771171E+002         9.7016453735E-001         1.2191594817E+000         
2019-03-30                03:17:24.398              87.80375462               2107.290111               88.80375462               1553915844.399            0                         963                       2.0000000000E+000         1.6000000000E+001         0.0000000000E+000         1.1108151278E+001         1.1316906239E+001         4.4110567265E+002         4.4783545898E+002         9.7016453735E-001         1.2191594817E+000         
2019-03-30                03:17:44.509              87.80398738               2107.295697               88.80398738               1553915864.510            0                         963                       1.0000000000E+000         1.6000000000E+001         0.0000000000E+000         1.1108151278E+001         1.1316906239E+001         4.4102523861E+002         4.4783545898E+002         9.7016453735E-001         1.2191594817E+000         
2019-03-30                03:18:11.802              87.80430326               2107.303278               88.80430326               1553915891.802            0                         963                       2.0000000000E+000         1.6000000000E+001         0.0000000000E+000         1.1149380462E+001         1.1246799911E+001         4.4102523861E+002         4.4775379779E+002         9.7016453735E-001         1.2191594817E+000         
2019-03-30                03:18:31.910              87.80453600               2107.308864               88.80453600               1553915911.910            0                         963                       1.0000000000E+000         1.6000000000E+001         0.0000000000E+000         1.1149380462E+001         1.1246799911E+001         4.4094116198E+002         4.4775379779E+002         9.7016453735E-001         1.2191594817E+000         
2019-03-30                03:18:59.190              87.80485174               2107.316442               88.80485174               1553915939.190            0                         963                       2.0000000000E+000         1.6000000000E+001         0.0000000000E+000         1.1137080920E+001         1.1288543705E+001         4.4094116198E+002         4.4766843843E+002         9.7016453735E-001         1.2191594817E+000         
2019-03-30                03:19:19.302              87.80508451               2107.322028               88.80508451               1553915959.302            0                         963                       1.0000000000E+000         1.6000000000E+001         0.0000000000E+000         1.1137080920E+001         1.1288543705E+001         4.4086217424E+002         4.4766843843E+002         9.7016453735E-001         1.2191594817E+000         
2019-03-30                03:19:45.615              87.80538906               2107.329338               88.80538906               1553915985.615            0                         963                       2.0000000000E+000         1.6000000000E+001         0.0000000000E+000         1.0928697174E+001         1.1276090644E+001         4.4086217424E+002         4.4758824561E+002         9.7016453735E-001         1.2191594817E+000         
2019-03-30                03:20:05.729              87.80562186               2107.334925               88.80562186               1553916005.729            0                         963                       1.0000000000E+000         1.6000000000E+001         0.0000000000E+000         1.0928697174E+001         1.1276090644E+001         4.4079517155E+002         4.4758824561E+002         9.7016453735E-001         1.2191594817E+000         
2019-03-30                03:20:54.963              87.80619170               2107.348601               88.80619170               1553916054.963            0                         963                       1.0000000000E+000         1.6000000000E+001         0.0000000000E+000         1.0928697174E+001         1.1065105915E+001         4.4075816610E+002         4.4752022069E+002         9.7016453735E-001         1.2191594817E+000         
2019-03-30                03:21:44.262              87.80676229               2107.362295               88.80676229               1553916104.262            0                         963                       1.0000000000E+000         1.6000000000E+001         0.0000000000E+000         1.0928697174E+001         1.1065105915E+001         4.4069441706E+002         4.4748265066E+002         9.7016453735E-001         1.2191594817E+000         
2019-03-30                03:22:32.510              87.80732073               2107.375697               88.80732073               1553916152.511            0                         963                       1.0000000000E+000         1.6000000000E+001         0.0000000000E+000         1.0928697174E+001         1.1065105915E+001         4.4063744120E+002         4.4741792902E+002         9.7016453735E-001         1.2191594817E+000         
2019-03-30                03:23:00.026              87.80763920               2107.383341               88.80763920               1553916180.027            0                         963                       2.0000000000E+000         1.6000000000E+001         0.0000000000E+000         1.0682898209E+001         1.1065105915E+001         4.4063744120E+002         4.4736008390E+002         9.7016453735E-001         1.2191594817E+000         
2019-03-30                03:23:19.947              87.80786977               2107.388874               88.80786977               1553916199.948            0                         963                       1.0000000000E+000         1.6000000000E+001         0.0000000000E+000         1.0682898209E+001         1.1065105915E+001         4.4057518863E+002         4.4736008390E+002         9.7016453735E-001         1.2191594817E+000         
2019-03-30                03:23:47.209              87.80818529               2107.396447               88.80818529               1553916227.209            0                         963                       2.0000000000E+000         1.6000000000E+001         0.0000000000E+000         1.1298050265E+001         1.0816238961E+001         4.4057518863E+002         4.4729688157E+002         9.7016453735E-001         1.2191594817E+000         
2019-03-30                03:24:07.328              87.80841815               2107.402036               88.80841815               1553916247.328            0                         963                       1.0000000000E+000         1.6000000000E+001         0.0000000000E+000         1.1298050265E+001         1.0816238961E+001         4.4048454431E+002         4.4729688157E+002         9.7016453735E-001         1.2191594817E+000         
2019-03-30                03:24:56.707              87.80898968               2107.415752               88.80898968               1553916296.708            0                         963                       1.0000000000E+000         1.6000000000E+001         0.0000000000E+000         1.1298050265E+001         1.1439069161E+001         4.4043532812E+002         4.4720485431E+002         9.7016453735E-001         1.2191594817E+000         
2019-03-30                03:25:43.994              87.80953698               2107.428887               88.80953698               1553916343.995            0                         963                       1.0000000000E+000         1.6000000000E+001         0.0000000000E+000         1.1298050265E+001         1.1439069161E+001         4.4037957015E+002         4.4715488725E+002         9.7016453735E-001         1.2191594817E+000         
2019-03-30                03:26:33.259              87.81010716               2107.442572               88.81010716               1553916393.259            0                         963                       1.0000000000E+000         1.6000000000E+001         0.0000000000E+000         1.1298050265E+001         1.1439069161E+001         4.4039526541E+002         4.4709827860E+002         9.7016453735E-001         1.2191594817E+000         
2019-03-30                03:27:21.558              87.81066618               2107.455988               88.81066618               1553916441.558            0                         963                       1.0000000000E+000         1.6000000000E+001         0.0000000000E+000         1.1298050265E+001         1.1439069161E+001         4.4044096505E+002         4.4711421333E+002         9.7016453735E-001         1.2191594817E+000         
2019-03-30                03:28:10.822              87.81123637               2107.469673               88.81123637               1553916490.822            0                         963                       1.0000000000E+000         1.6000000000E+001         0.0000000000E+000         1.1298050265E+001         1.1439069161E+001         4.4048183587E+002         4.4716061018E+002         9.7016453735E-001         1.2191594817E+000         
2019-03-30                03:28:59.095              87.81179508               2107.483082               88.81179508               1553916539.095            0                         963                       1.0000000000E+000         1.6000000000E+001         0.0000000000E+000         1.1298050265E+001         1.1439069161E+001         4.4050283465E+002         4.4720210456E+002         9.7016453735E-001         1.2191594817E+000         
2019-03-30                03:29:25.382              87.81209934               2107.490384               88.81209934               1553916565.383            0                         963                       2.0000000000E+000         1.6000000000E+001         0.0000000000E+000         1.1092645561E+001         1.1439069161E+001         4.4050283465E+002         4.4722342371E+002         9.7016453735E-001         1.2191594817E+000         
2019-03-30                03:29:45.487              87.81233204               2107.495969               88.81233204               1553916585.488            0                         963                       1.0000000000E+000         1.6000000000E+001         0.0000000000E+000         1.1092645561E+001         1.1439069161E+001         4.4047386085E+002         4.4722342371E+002         9.7016453735E-001         1.2191594817E+000         
2019-03-30                03:29:53.638              87.81242638               2107.498233               88.81242638               1553916593.639            0                         963                       3.0000000000E+000         1.6000000000E+001         0.0000000000E+000         1.1092645561E+001         1.1231447748E+001         4.4047386085E+002         4.4721086125E+002         9.7497368449E-001         1.2250268388E+000         
2019-03-30                03:30:04.854              87.81255618               2107.501348               88.81255618               1553916604.854            0                         963                       2.0000000000E+000         1.6000000000E+001         0.0000000000E+000         1.6814670219E+002         1.1231447748E+001         4.4047386085E+002         4.4721086125E+002         9.7497368449E-001         1.2250268388E+000         
2019-03-30                03:30:24.967              87.81278897               2107.506935               88.81278897               1553916624.967            0                         963                       1.0000000000E+000         1.6000000000E+001         0.0000000000E+000         1.6814670219E+002         1.1231447748E+001         4.4043068253E+002         4.4721086125E+002         9.7497368449E-001         1.2250268388E+000         
2019-03-30                03:31:14.243              87.81335931               2107.520623               88.81335931               1553916674.244            0                         963                       1.0000000000E+000         1.6000000000E+001         0.0000000000E+000         1.6814670219E+002         1.7025598294E+002         4.4043463050E+002         4.4718387761E+002         9.7497368449E-001         1.2250268388E+000         
2019-03-30                03:32:03.487              87.81392926               2107.534302               88.81392926               1553916723.488            0                         963                       1.0000000000E+000         1.6000000000E+001         0.0000000000E+000         1.6814670219E+002         1.7025598294E+002         4.4037717170E+002         4.4718788611E+002         9.7497368449E-001         1.2250268388E+000         
2019-03-30                03:32:29.782              87.81423359               2107.541606               88.81423359               1553916749.782            0                         963                       2.0000000000E+000         1.6000000000E+001         0.0000000000E+000         1.6781361828E+002         1.7025598294E+002         4.4037717170E+002         4.4712954629E+002         9.7497368449E-001         1.2250268388E+000         
2019-03-30                03:32:49.898              87.81446641               2107.547194               88.81446641               1553916769.898            0                         963                       1.0000000000E+000         1.6000000000E+001         0.0000000000E+000         1.6781361828E+002         1.7025598294E+002         4.4019750963E+002         4.4712954629E+002         9.7497368449E-001         1.2250268388E+000         
2019-03-30                03:33:16.181              87.81477062               2107.554495               88.81477062               1553916796.182            0                         963                       2.0000000000E+000         1.6000000000E+001         0.0000000000E+000         1.1211711759E+001         1.6991872073E+002         4.4019750963E+002         4.4694712943E+002         9.7497368449E-001         1.2250268388E+000         
2019-03-30                03:33:36.296              87.81500344               2107.560082               88.81500344               1553916816.297            0                         963                       1.0000000000E+000         1.6000000000E+001         0.0000000000E+000         1.1211711759E+001         1.6991872073E+002         4.4011540267E+002         4.4694712943E+002         9.7497368449E-001         1.2250268388E+000         
2019-03-30                03:34:24.591              87.81556240               2107.573498               88.81556240               1553916864.591            0                         963                       1.0000000000E+000         1.6000000000E+001         0.0000000000E+000         1.1211711759E+001         1.1352354706E+001         4.4009464164E+002         4.4686376351E+002         9.7497368449E-001         1.2250268388E+000         
2019-03-30                03:35:13.825              87.81613223               2107.587174               88.81613223               1553916913.825            0                         963                       1.0000000000E+000         1.6000000000E+001         0.0000000000E+000         1.1211711759E+001         1.1352354706E+001         4.4010084390E+002         4.4684268414E+002         9.7497368449E-001         1.2250268388E+000         
2019-03-30                03:36:03.072              87.81670223               2107.600854               88.81670223               1553916963.073            0                         963                       1.0000000000E+000         1.6000000000E+001         0.0000000000E+000         1.1211711759E+001         1.1352354706E+001         4.4009383707E+002         4.4684898150E+002         9.7497368449E-001         1.2250268388E+000         
2019-03-30                03:36:51.372              87.81726126               2107.614270               88.81726126               1553917011.373            0                         963                       1.0000000000E+000         1.6000000000E+001         0.0000000000E+000         1.1211711759E+001         1.1352354706E+001         4.4007223705E+002         4.4684186724E+002         9.7497368449E-001         1.2250268388E+000         
2019-03-30                03:37:18.625              87.81757668               2107.621840               88.81757668               1553917038.625            0                         963                       2.0000000000E+000         1.6000000000E+001         0.0000000000E+000         1.6203810151E+002         1.1352354706E+001         4.4007223705E+002         4.4681993602E+002         9.7497368449E-001         1.2250268388E+000         
2019-03-30                03:37:38.744              87.81780955               2107.627429               88.81780955               1553917058.745            0                         963                       1.0000000000E+000         1.6000000000E+001         0.0000000000E+000         1.6203810151E+002         1.1352354706E+001         4.4005369665E+002         4.4681993602E+002         9.7497368449E-001         1.2250268388E+000         
2019-03-30                03:38:28.003              87.81837968               2107.641112               88.81837968               1553917108.004            0                         963                       1.0000000000E+000         1.6000000000E+001         0.0000000000E+000         1.6203810151E+002         1.6407075421E+002         4.4003922945E+002         4.4680111134E+002         9.7497368449E-001         1.2250268388E+000         
2019-03-30                03:39:17.269              87.81894988               2107.654797               88.81894988               1553917157.270            0                         963                       1.0000000000E+000         1.6000000000E+001         0.0000000000E+000         1.6203810151E+002         1.6407075421E+002         4.3998978214E+002         4.4678642231E+002         9.7497368449E-001         1.2250268388E+000         
2019-03-30                03:40:05.538              87.81950854               2107.668205               88.81950854               1553917205.538            0                         963                       1.0000000000E+000         1.6000000000E+001         0.0000000000E+000         1.6203810151E+002         1.6407075421E+002         4.4000771644E+002         4.4673621682E+002         9.7497368449E-001         1.2250268388E+000         
2019-03-30                03:40:54.835              87.82007911               2107.681899               88.82007911               1553917254.835            0                         963                       1.0000000000E+000         1.6000000000E+001         0.0000000000E+000         1.6203810151E+002         1.6407075421E+002         4.4005433985E+002         4.4675442611E+002         9.7497368449E-001         1.2250268388E+000         
2019-03-30                03:41:44.038              87.82064859               2107.695566               88.82064859               1553917304.038            0                         963                       1.0000000000E+000         1.6000000000E+001         0.0000000000E+000         1.6203810151E+002         1.6407075421E+002         4.4009022486E+002         4.4680176440E+002         9.7497368449E-001         1.2250268388E+000         
2019-03-30                03:42:33.259              87.82121828               2107.709239               88.82121828               1553917353.259            0                         963                       1.0000000000E+000         1.6000000000E+001         0.0000000000E+000         1.6203810151E+002         1.6407075421E+002         4.4013844892E+002         4.4683819964E+002         9.7497368449E-001         1.2250268388E+000         
2019-03-30                03:43:22.496              87.82178816               2107.722916               88.82178816               1553917402.497            0                         963                       1.0000000000E+000         1.6000000000E+001         0.0000000000E+000         1.6203810151E+002         1.6407075421E+002         4.4019089630E+002         4.4688716313E+002         9.7497368449E-001         1.2250268388E+000         
2019-03-30                03:44:10.760              87.82234677               2107.736322               88.82234677               1553917450.761            0                         963                       1.0000000000E+000         1.6000000000E+001         0.0000000000E+000         1.6203810151E+002         1.6407075421E+002         4.4031207844E+002         4.4694041470E+002         9.7497368449E-001         1.2250268388E+000         
2019-03-30                03:44:38.640              87.82266944               2107.744067               88.82266944               1553917478.640            0                         963                       2.0000000000E+000         1.6000000000E+001         0.0000000000E+000         1.1360241365E+001         1.6407075421E+002         4.4031207844E+002         4.4706345494E+002         9.7497368449E-001         1.2250268388E+000         
2019-03-30                03:44:59.138              87.82290670               2107.749761               88.82290670               1553917499.139            0                         963                       1.0000000000E+000         1.6000000000E+001         0.0000000000E+000         1.1360241365E+001         1.6407075421E+002         4.4044648646E+002         4.4706345494E+002         9.7497368449E-001         1.2250268388E+000         
2019-03-30                03:45:26.420              87.82322245               2107.757339               88.82322245               1553917526.420            0                         963                       2.0000000000E+000         1.6000000000E+001         0.0000000000E+000         1.1014580893E+001         1.1502747511E+001         4.4044648646E+002         4.4719992386E+002         9.7497368449E-001         1.2250268388E+000         
2019-03-30                03:45:46.523              87.82345513               2107.762923               88.82345513               1553917546.523            0                         963                       1.0000000000E+000         1.6000000000E+001         0.0000000000E+000         1.1014580893E+001         1.1502747511E+001         4.4051870395E+002         4.4719992386E+002         9.7497368449E-001         1.2250268388E+000         
2019-03-30                03:46:13.788              87.82377069               2107.770497               88.82377069               1553917573.788            0                         963                       2.0000000000E+000         1.6000000000E+001         0.0000000000E+000         1.6215655875E+002         1.1152750974E+001         4.4051870395E+002         4.4727324868E+002         9.7497368449E-001         1.2250268388E+000         
2019-03-30                03:46:33.898              87.82400346               2107.776083               88.82400346               1553917593.899            0                         963                       1.0000000000E+000         1.6000000000E+001         0.0000000000E+000         1.6215655875E+002         1.1152750974E+001         4.4053061891E+002         4.4727324868E+002         9.7497368449E-001         1.2250268388E+000         
2019-03-30                03:47:01.158              87.82431897               2107.783655               88.82431897               1553917621.159            0                         963                       2.0000000000E+000         1.6000000000E+001         0.0000000000E+000         1.1369518106E+001         1.6419069741E+002         4.4053061891E+002         4.4728534633E+002         9.7497368449E-001         1.2250268388E+000         
2019-03-30                03:47:21.273              87.82455178               2107.789243               88.82455178               1553917641.274            0                         963                       1.0000000000E+000         1.6000000000E+001         0.0000000000E+000         1.1369518106E+001         1.6419069741E+002         4.4063467641E+002         4.4728534633E+002         9.7497368449E-001         1.2250268388E+000         
2019-03-30                03:48:09.540              87.82511043               2107.802650               88.82511043               1553917689.541            0                         963                       1.0000000000E+000         1.6000000000E+001         0.0000000000E+000         1.1369518106E+001         1.1512140622E+001         4.4076316533E+002         4.4739099935E+002         9.7497368449E-001         1.2250268388E+000         
2019-03-30                03:48:58.775              87.82568027               2107.816326               88.82568027               1553917738.775            0                         963                       1.0000000000E+000         1.6000000000E+001         0.0000000000E+000         1.1369518106E+001         1.1512140622E+001         4.4084075056E+002         4.4752145842E+002         9.7497368449E-001         1.2250268388E+000         
2019-03-30                03:49:48.029              87.82625034               2107.830008               88.82625034               1553917788.029            0                         963                       1.0000000000E+000         1.6000000000E+001         0.0000000000E+000         1.1369518106E+001         1.1512140622E+001         4.4089414261E+002         4.4760023327E+002         9.7497368449E-001         1.2250268388E+000         
2019-03-30                03:50:37.328              87.82682094               2107.843702               88.82682094               1553917837.329            0                         963                       1.0000000000E+000         1.6000000000E+001         0.0000000000E+000         1.1369518106E+001         1.1512140622E+001         4.4092311960E+002         4.4765444400E+002         9.7497368449E-001         1.2250268388E+000         
2019-03-30                03:51:04.598              87.82713656               2107.851277               88.82713656               1553917864.599            0                         963                       2.0000000000E+000         1.6000000000E+001         0.0000000000E+000         1.0709710195E+001         1.1512140622E+001         4.4092311960E+002         4.4768386530E+002         9.7497368449E-001         1.2250268388E+000         
2019-03-30                03:51:24.716              87.82736940               2107.856866               88.82736940               1553917884.716            0                         963                       1.0000000000E+000         1.6000000000E+001         0.0000000000E+000         1.0709710195E+001         1.1512140622E+001         4.4103290592E+002         4.4768386530E+002         9.7497368449E-001         1.2250268388E+000         
2019-03-30                03:52:13.993              87.82793975               2107.870554               88.82793975               1553917933.994            0                         963                       1.0000000000E+000         1.6000000000E+001         0.0000000000E+000         1.0709710195E+001         1.0844055889E+001         4.4110897313E+002         4.4779533498E+002         9.7497368449E-001         1.2250268388E+000         
2019-03-30                03:53:03.270              87.82851008               2107.884242               88.82851008               1553917983.271            0                         963                       1.0000000000E+000         1.6000000000E+001         0.0000000000E+000         1.0709710195E+001         1.0844055889E+001         4.4118422483E+002         4.4787256854E+002         9.7497368449E-001         1.2250268388E+000         
2019-03-30                03:53:52.484              87.82907969               2107.897912               88.82907969               1553918032.485            0                         963                       1.0000000000E+000         1.6000000000E+001         0.0000000000E+000         1.0709710195E+001         1.0844055889E+001         4.4125784294E+002         4.4794897409E+002         9.7497368449E-001         1.2250268388E+000         
2019-03-30                03:54:18.792              87.82938418               2107.905220               88.82938418               1553918058.793            0                         963                       2.0000000000E+000         1.6000000000E+001         0.0000000000E+000         1.0990327106E+001         1.0844055889E+001         4.4125784294E+002         4.4802372100E+002         9.7497368449E-001         1.2250268388E+000         
2019-03-30                03:54:38.904              87.82961696               2107.910807               88.82961696               1553918078.905            0                         963                       1.0000000000E+000         1.6000000000E+001         0.0000000000E+000         1.0990327106E+001         1.0844055889E+001         4.4133153810E+002         4.4802372100E+002         9.7497368449E-001         1.2250268388E+000         
2019-03-30                03:55:06.196              87.82993282               2107.918388               88.82993282               1553918106.196            0                         963                       2.0000000000E+000         1.6000000000E+001         0.0000000000E+000         1.0997429274E+001         1.1128192940E+001         4.4133153810E+002         4.4809854614E+002         9.7497368449E-001         1.2250268388E+000         
2019-03-30                03:55:26.298              87.83016549               2107.923972               88.83016549               1553918126.298            0                         963                       1.0000000000E+000         1.6000000000E+001         0.0000000000E+000         1.0997429274E+001         1.1128192940E+001         4.4132365005E+002         4.4809854614E+002         9.7497368449E-001         1.2250268388E+000         
2019-03-30                03:55:52.186              87.83046512               2107.931163               88.83046512               1553918152.186            0                         963                       2.0000000000E+000         1.6000000000E+001         0.0000000000E+000         4.1909642747E+001         1.1135384200E+001         4.4132365005E+002         4.4809053714E+002         9.7497368449E-001         1.2250268388E+000         
2019-03-30                03:56:12.664              87.83070213               2107.936851               88.83070213               1553918172.664            0                         963                       1.0000000000E+000         1.6000000000E+001         0.0000000000E+000         4.1909642747E+001         1.1135384200E+001         4.4130709581E+002         4.4809053714E+002         9.7497368449E-001         1.2250268388E+000         
2019-03-30                03:57:00.987              87.83126144               2107.950274               88.83126144               1553918220.988            0                         963                       1.0000000000E+000         1.6000000000E+001         0.0000000000E+000         4.1909642747E+001         4.2435369398E+001         4.4134590983E+002         4.4807372908E+002         9.7497368449E-001         1.2250268388E+000         
2019-03-30                03:57:50.234              87.83183142               2107.963954               88.83183142               1553918270.235            0                         963                       1.0000000000E+000         1.6000000000E+001         0.0000000000E+000         4.1909642747E+001         4.2435369398E+001         4.4134568236E+002         4.4811313824E+002         9.7497368449E-001         1.2250268388E+000         
2019-03-30                03:58:39.453              87.83240108               2107.977626               88.83240108               1553918319.453            0                         963                       1.0000000000E+000         1.6000000000E+001         0.0000000000E+000         4.1909642747E+001         4.2435369398E+001         4.4132285164E+002         4.4811290728E+002         9.7497368449E-001         1.2250268388E+000         
2019-03-30                03:59:28.680              87.83297084               2107.991300               88.83297084               1553918368.681            0                         963                       1.0000000000E+000         1.6000000000E+001         0.0000000000E+000         4.1909642747E+001         4.2435369398E+001         4.4133185377E+002         4.4808972649E+002         9.7497368449E-001         1.2250268388E+000         
2019-03-30                04:00:16.946              87.83352947               2108.004707               88.83352947               1553918416.946            0                         963                       1.0000000000E+000         1.6000000000E+001         0.0000000000E+000         4.1909642747E+001         4.2435369398E+001         4.4137837009E+002         4.4809886665E+002         9.7497368449E-001         1.2250268388E+000         
2019-03-30                04:01:06.186              87.83409938               2108.018385               88.83409938               1553918466.186            0                         963                       1.0000000000E+000         1.6000000000E+001         0.0000000000E+000         4.1909642747E+001         4.2435369398E+001         4.4145463960E+002         4.4814609622E+002         9.7497368449E-001         1.2250268388E+000         
2019-03-30                04:01:33.437              87.83441478               2108.025955               88.83441478               1553918493.437            0                         963                       2.0000000000E+000         1.6000000000E+001         0.0000000000E+000         1.6392236721E+002         4.2435369398E+001         4.4145463960E+002         4.4822353518E+002         9.7497368449E-001         1.2250268388E+000         
2019-03-30                04:01:53.542              87.83464749               2108.031540               88.83464749               1553918513.543            0                         963                       1.0000000000E+000         1.6000000000E+001         0.0000000000E+000         1.6392236721E+002         4.2435369398E+001         4.4141839865E+002         4.4822353518E+002         9.7497368449E-001         1.2250268388E+000         
2019-03-30                04:02:21.427              87.83497022               2108.039285               88.83497022               1553918541.427            0                         963                       2.0000000000E+000         1.6000000000E+001         0.0000000000E+000         1.1201741402E+001         1.6597865668E+002         4.4141839865E+002         4.4818673854E+002         9.7497368449E-001         1.2250268388E+000         
2019-03-30                04:02:41.930              87.83520752               2108.044981               88.83520752               1553918561.930            0                         963                       1.0000000000E+000         1.6000000000E+001         0.0000000000E+000         1.1201741402E+001         1.6597865668E+002         4.4143098972E+002         4.4818673854E+002         9.7497368449E-001         1.2250268388E+000         
2019-03-30                04:03:31.191              87.83577769               2108.058664               88.83577769               1553918611.192            0                         963                       1.0000000000E+000         1.6000000000E+001         0.0000000000E+000         1.1201741402E+001         1.1342259279E+001         4.4145284542E+002         4.4819952267E+002         9.7497368449E-001         1.2250268388E+000         
2019-03-30                04:04:20.431              87.83634759               2108.072342               88.83634759               1553918660.432            0                         963                       1.0000000000E+000         1.6000000000E+001         0.0000000000E+000         1.1201741402E+001         1.1342259279E+001         4.4145089807E+002         4.4822171349E+002         9.7497368449E-001         1.2250268388E+000         
2019-03-30                04:05:09.677              87.83691757               2108.086022               88.83691757               1553918709.678            0                         963                       1.0000000000E+000         1.6000000000E+001         0.0000000000E+000         1.1201741402E+001         1.1342259279E+001         4.4146652349E+002         4.4821973627E+002         9.7497368449E-001         1.2250268388E+000         
2019-03-30                04:05:58.033              87.83747725               2108.099454               88.83747725               1553918758.034            0                         963                       1.0000000000E+000         1.6000000000E+001         0.0000000000E+000         1.1201741402E+001         1.1342259279E+001         4.4151804857E+002         4.4823560128E+002         9.7497368449E-001         1.2250268388E+000         
2019-03-30                04:06:46.312              87.83803602               2108.112864               88.83803602               1553918806.312            0                         963                       1.0000000000E+000         1.6000000000E+001         0.0000000000E+000         1.1201741402E+001         1.1342259279E+001         4.4160187628E+002         4.4828791641E+002         9.7497368449E-001         1.2250268388E+000         
