DATE                      TIME                      FRAC_DAYS_SINCE_JAN1      FRAC_HRS_SINCE_JAN1       JULIAN_DAYS               EPOCH_TIME                ALARM_STATUS              INST_STATUS               species                   MPVPosition               solenoid_valves           CH4                       CH4_dry                   CO2                       CO2_dry                   H2O                       h2o_reported              
2019-09-19                15:03:15.398              261.29392822              6271.054277               262.29392822              1568905395.398            0                         963                       1.0000000000E+000         1.1000000000E+001         0.0000000000E+000         4.3824714579E+001         4.5074121138E+001         4.1477856951E+002         4.2919734103E+002         2.1839091494E+000         2.6513932378E+000         
2019-09-19                15:04:05.594              261.29450919              6271.068221               262.29450919              1568905445.594            0                         963                       1.0000000000E+000         1.1000000000E+001         0.0000000000E+000         4.3824714579E+001         4.5074121138E+001         4.1494284985E+002         4.2924254540E+002         2.1839091494E+000         2.6513932378E+000         
2019-09-19                15:04:55.767              261.29508991              6271.082158               262.29508991              1568905495.768            0                         963                       1.0000000000E+000         1.2000000000E+001         0.0000000000E+000         4.3824714579E+001         4.5074121138E+001         4.1491004793E+002         4.2941255445E+002         2.1839091494E+000         2.6513932378E+000         
2019-09-19                15:05:44.882              261.29565837              6271.095801               262.29565837              1568905544.883            0                         963                       1.0000000000E+000         1.2000000000E+001         0.0000000000E+000         4.3824714579E+001         4.5074121138E+001         4.1496030089E+002         4.2937860869E+002         2.1839091494E+000         2.6513932378E+000         
2019-09-19                15:06:32.013              261.29620387              6271.108893               262.29620387              1568905592.014            0                         963                       1.0000000000E+000         1.2000000000E+001         0.0000000000E+000         4.3824714579E+001         4.5074121138E+001         4.1512289548E+002         4.2943061404E+002         2.1839091494E+000         2.6513932378E+000         
2019-09-19                15:07:23.288              261.29679731              6271.123136               262.29679731              1568905643.288            0                         963                       1.0000000000E+000         1.6000000000E+001         0.0000000000E+000         4.3824714579E+001         4.5074121138E+001         4.1530790504E+002         4.2959887856E+002         2.1839091494E+000         2.6513932378E+000         
2019-09-19                15:08:09.523              261.29733245              6271.135979               262.29733245              1568905689.524            0                         963                       1.0000000000E+000         1.3000000000E+001         0.0000000000E+000         4.3824714579E+001         4.5074121138E+001         4.1559153662E+002         4.2979033969E+002         2.1839091494E+000         2.6513932378E+000         
2019-09-19                15:08:58.622              261.29790073              6271.149617               262.29790073              1568905738.623            0                         963                       1.0000000000E+000         1.3000000000E+001         0.0000000000E+000         4.3824714579E+001         4.5074121138E+001         4.1586501358E+002         4.3008386194E+002         2.1839091494E+000         2.6513932378E+000         
2019-09-19                15:09:47.730              261.29846911              6271.163259               262.29846911              1568905787.731            0                         963                       1.0000000000E+000         1.6000000000E+001         0.0000000000E+000         4.3824714579E+001         4.5074121138E+001         4.1609465979E+002         4.3036687547E+002         2.1839091494E+000         2.6513932378E+000         
2019-09-19                15:10:37.914              261.29904994              6271.177199               262.29904994              1568905837.915            0                         963                       1.0000000000E+000         1.4000000000E+001         0.0000000000E+000         4.3824714579E+001         4.5074121138E+001         4.1637488251E+002         4.3060452981E+002         2.1839091494E+000         2.6513932378E+000         
2019-09-19                15:11:26.095              261.29960758              6271.190582               262.29960758              1568905886.095            0                         963                       1.0000000000E+000         1.4000000000E+001         0.0000000000E+000         4.3824714579E+001         4.5074121138E+001         4.1664924479E+002         4.3089452433E+002         2.1839091494E+000         2.6513932378E+000         
2019-09-19                15:12:14.358              261.30016618              6271.203988               262.30016618              1568905934.358            0                         963                       1.0000000000E+000         1.6000000000E+001         0.0000000000E+000         4.3824714579E+001         4.5074121138E+001         4.1681023591E+002         4.3117845405E+002         2.1839091494E+000         2.6513932378E+000         
2019-09-19                15:13:03.466              261.30073456              6271.217629               262.30073456              1568905983.466            0                         963                       1.0000000000E+000         1.5000000000E+001         0.0000000000E+000         4.3824714579E+001         4.5074121138E+001         4.1703200549E+002         4.3134505918E+002         2.1839091494E+000         2.6513932378E+000         
2019-09-19                15:13:52.674              261.30130411              6271.231299               262.30130411              1568906032.675            0                         963                       1.0000000000E+000         1.5000000000E+001         0.0000000000E+000         4.3824714579E+001         4.5074121138E+001         4.1722765209E+002         4.3157456221E+002         2.1839091494E+000         2.6513932378E+000         
2019-09-19                15:14:40.983              261.30186323              6271.244718               262.30186323              1568906080.983            0                         963                       1.0000000000E+000         1.6000000000E+001         0.0000000000E+000         4.3824714579E+001         4.5074121138E+001         4.1728808592E+002         4.3177703132E+002         2.1839091494E+000         2.6513932378E+000         
2019-09-19                15:15:30.055              261.30243120              6271.258349               262.30243120              1568906130.056            0                         963                       1.0000000000E+000         1.6000000000E+001         0.0000000000E+000         4.3824714579E+001         4.5074121138E+001         4.1734202676E+002         4.3183957257E+002         2.1839091494E+000         2.6513932378E+000         
2019-09-19                15:16:19.174              261.30299971              6271.271993               262.30299971              1568906179.175            0                         963                       1.0000000000E+000         1.6000000000E+001         0.0000000000E+000         4.3824714579E+001         4.5074121138E+001         4.1740793597E+002         4.3189539441E+002         2.1839091494E+000         2.6513932378E+000         
2019-09-19                15:17:09.381              261.30358081              6271.285939               262.30358081              1568906229.382            0                         963                       1.0000000000E+000         1.6000000000E+001         0.0000000000E+000         4.3824714579E+001         4.5074121138E+001         4.1751302752E+002         4.3196360198E+002         2.1839091494E+000         2.6513932378E+000         
2019-09-19                15:17:59.595              261.30416198              6271.299888               262.30416198              1568906279.595            0                         963                       1.0000000000E+000         1.6000000000E+001         0.0000000000E+000         4.3824714579E+001         4.5074121138E+001         4.1761486495E+002         4.3207235824E+002         2.1839091494E+000         2.6513932378E+000         
2019-09-19                15:18:48.711              261.30473046              6271.313531               262.30473046              1568906328.712            0                         963                       1.0000000000E+000         1.6000000000E+001         0.0000000000E+000         4.3824714579E+001         4.5074121138E+001         4.1768667624E+002         4.3217774689E+002         2.1839091494E+000         2.6513932378E+000         
2019-09-19                15:19:37.816              261.30529881              6271.327171               262.30529881              1568906377.817            0                         963                       1.0000000000E+000         1.6000000000E+001         0.0000000000E+000         4.3824714579E+001         4.5074121138E+001         4.1775790967E+002         4.3225206236E+002         2.1839091494E+000         2.6513932378E+000         
2019-09-19                15:20:27.993              261.30587955              6271.341109               262.30587955              1568906427.993            0                         963                       1.0000000000E+000         1.6000000000E+001         0.0000000000E+000         4.3824714579E+001         4.5074121138E+001         4.1784251797E+002         4.3232577980E+002         2.1839091494E+000         2.6513932378E+000         
2019-09-19                15:21:18.167              261.30646027              6271.355046               262.30646027              1568906478.167            0                         963                       1.0000000000E+000         1.6000000000E+001         0.0000000000E+000         4.3824714579E+001         4.5074121138E+001         4.1791691898E+002         4.3241333853E+002         2.1839091494E+000         2.6513932378E+000         
2019-09-19                15:22:07.276              261.30702867              6271.368688               262.30702867              1568906527.277            0                         963                       1.0000000000E+000         1.6000000000E+001         0.0000000000E+000         4.3824714579E+001         4.5074121138E+001         4.1797662942E+002         4.3249033401E+002         2.1839091494E+000         2.6513932378E+000         
2019-09-19                15:22:54.385              261.30757391              6271.381774               262.30757391              1568906574.386            0                         963                       1.0000000000E+000         1.6000000000E+001         0.0000000000E+000         4.3824714579E+001         4.5074121138E+001         4.1805064606E+002         4.3255212665E+002         2.1839091494E+000         2.6513932378E+000         
2019-09-19                15:23:44.562              261.30815465              6271.395712               262.30815465              1568906624.562            0                         963                       1.0000000000E+000         1.6000000000E+001         0.0000000000E+000         4.3824714579E+001         4.5074121138E+001         4.1812164588E+002         4.3262872436E+002         2.1839091494E+000         2.6513932378E+000         
2019-09-19                15:24:34.721              261.30873521              6271.409645               262.30873521              1568906674.722            0                         963                       1.0000000000E+000         1.6000000000E+001         0.0000000000E+000         4.3824714579E+001         4.5074121138E+001         4.1819016395E+002         4.3270220007E+002         2.1839091494E+000         2.6513932378E+000         
2019-09-19                15:25:23.818              261.30930345              6271.423283               262.30930345              1568906723.818            0                         963                       1.0000000000E+000         1.0000000000E+000         0.0000000000E+000         4.3824714579E+001         4.5074121138E+001         5.8374092841E+002         4.3277310746E+002         2.1839091494E+000         2.6513932378E+000         
2019-09-19                15:26:12.950              261.30987211              6271.436931               262.30987211              1568906772.950            0                         963                       1.0000000000E+000         1.0000000000E+000         0.0000000000E+000         4.3824714579E+001         4.5074121138E+001         6.4384557362E+002         6.0409688539E+002         2.1839091494E+000         2.6513932378E+000         
2019-09-19                15:27:02.053              261.31044044              6271.450571               262.31044044              1568906822.054            0                         963                       1.0000000000E+000         1.6000000000E+001         0.0000000000E+000         4.3824714579E+001         4.5074121138E+001         4.7887382323E+002         6.6629747336E+002         2.1839091494E+000         2.6513932378E+000         
2019-09-19                15:27:51.171              261.31100894              6271.464214               262.31100894              1568906871.172            0                         963                       1.0000000000E+000         2.0000000000E+000         0.0000000000E+000         4.3824714579E+001         4.5074121138E+001         5.2498370344E+002         4.9557290063E+002         2.1839091494E+000         2.6513932378E+000         
2019-09-19                15:28:40.273              261.31157725              6271.477854               262.31157725              1568906920.274            0                         963                       1.0000000000E+000         2.0000000000E+000         0.0000000000E+000         4.3824714579E+001         4.5074121138E+001         5.6874501069E+002         5.4329070430E+002         2.1839091494E+000         2.6513932378E+000         
2019-09-19                15:29:26.546              261.31211281              6271.490707               262.31211281              1568906966.547            0                         963                       1.0000000000E+000         1.6000000000E+001         0.0000000000E+000         4.3824714579E+001         4.5074121138E+001         4.6770669562E+002         5.8857803662E+002         2.1839091494E+000         2.6513932378E+000         
2019-09-19                15:30:16.769              261.31269410              6271.504658               262.31269410              1568907016.770            0                         963                       1.0000000000E+000         3.0000000000E+000         0.0000000000E+000         4.3824714579E+001         4.5074121138E+001         6.8823299919E+002         4.8401635785E+002         2.1839091494E+000         2.6513932378E+000         
2019-09-19                15:31:06.971              261.31327514              6271.518603               262.31327514              1568907066.972            0                         963                       1.0000000000E+000         3.0000000000E+000         0.0000000000E+000         4.3824714579E+001         4.5074121138E+001         7.5818463334E+002         7.1223275772E+002         2.1839091494E+000         2.6513932378E+000         
2019-09-19                15:31:56.076              261.31384348              6271.532244               262.31384348              1568907116.077            0                         963                       1.0000000000E+000         1.6000000000E+001         0.0000000000E+000         4.3824714579E+001         4.5074121138E+001         5.0194757412E+002         7.8462371450E+002         2.1839091494E+000         2.6513932378E+000         
2019-09-19                15:32:43.217              261.31438909              6271.545338               262.31438909              1568907163.217            0                         963                       1.0000000000E+000         4.0000000000E+000         0.0000000000E+000         4.3824714579E+001         4.5074121138E+001         7.8922712913E+002         5.1945126921E+002         2.1839091494E+000         2.6513932378E+000         
2019-09-19                15:33:32.401              261.31495834              6271.559000               262.31495834              1568907212.401            0                         963                       1.0000000000E+000         4.0000000000E+000         0.0000000000E+000         4.3824714579E+001         4.5074121138E+001         8.5730447249E+002         8.1674871055E+002         2.1839091494E+000         2.6513932378E+000         
2019-09-19                15:34:21.513              261.31552678              6271.572643               262.31552678              1568907261.514            0                         963                       1.0000000000E+000         1.6000000000E+001         0.0000000000E+000         4.3824714579E+001         4.5074121138E+001         5.4603917570E+002         8.8720001709E+002         2.1839091494E+000         2.6513932378E+000         
2019-09-19                15:35:10.625              261.31609520              6271.586285               262.31609520              1568907310.625            0                         963                       1.0000000000E+000         5.0000000000E+000         0.0000000000E+000         4.3824714579E+001         4.5074121138E+001         7.9744003313E+002         5.6508041373E+002         2.1839091494E+000         2.6513932378E+000         
2019-09-19                15:35:59.747              261.31666375              6271.599930               262.31666375              1568907359.748            0                         963                       1.0000000000E+000         5.0000000000E+000         0.0000000000E+000         4.3824714579E+001         4.5074121138E+001         8.2631304703E+002         8.2524801132E+002         2.1839091494E+000         2.6513932378E+000         
2019-09-19                15:36:49.970              261.31724503              6271.613881               262.31724503              1568907409.971            0                         963                       1.0000000000E+000         1.0100558659E+001         0.0000000000E+000         4.3824714579E+001         4.5074121138E+001         5.3808026210E+002         8.5512787227E+002         2.1839091494E+000         2.6513932378E+000         
2019-09-19                15:37:39.150              261.31781424              6271.627542               262.31781424              1568907459.150            0                         963                       1.0000000000E+000         6.0000000000E+000         0.0000000000E+000         4.3824714579E+001         4.5074121138E+001         7.2891569272E+002         5.5684396040E+002         2.1839091494E+000         2.6513932378E+000         
2019-09-19                15:38:26.259              261.31835949              6271.640628               262.31835949              1568907506.260            0                         963                       1.0000000000E+000         6.0000000000E+000         0.0000000000E+000         4.3824714579E+001         4.5074121138E+001         7.5185977289E+002         7.5433412025E+002         2.1839091494E+000         2.6513932378E+000         
2019-09-19                15:39:15.397              261.31892821              6271.654277               262.31892821              1568907555.397            0                         963                       1.0000000000E+000         6.0000000000E+000         0.0000000000E+000         4.3824714579E+001         4.5074121138E+001         5.1965789442E+002         7.7807829629E+002         2.1839091494E+000         2.6513932378E+000         
2019-09-19                15:40:05.667              261.31951003              6271.668241               262.31951003              1568907605.667            0                         963                       1.0000000000E+000         7.0000000000E+000         0.0000000000E+000         4.3824714579E+001         4.5074121138E+001         9.4313366638E+002         5.3777917602E+002         2.1839091494E+000         2.6513932378E+000         
2019-09-19                15:40:53.875              261.32006800              6271.681632               262.32006800              1568907653.875            0                         963                       1.0000000000E+000         7.0000000000E+000         0.0000000000E+000         4.3824714579E+001         4.5074121138E+001         1.0304822800E+003         9.7602220889E+002         2.1839091494E+000         2.6513932378E+000         
2019-09-19                15:40:59.127              261.32012878              6271.683091               262.32012878              1568907659.127            0                         963                       3.0000000000E+000         7.0000000000E+000         0.0000000000E+000         4.3824714579E+001         4.5031884443E+001         1.0304822800E+003         1.0652002422E+003         2.0402055629E+000         2.4866249081E+000         
2019-09-19                15:41:31.214              261.32050017              6271.692004               262.32050017              1568907691.215            0                         963                       1.0000000000E+000         7.0000000000E+000         0.0000000000E+000         4.3824714579E+001         4.5031884443E+001         6.1401323125E+002         1.0652002422E+003         2.0402055629E+000         2.4866249081E+000         
2019-09-19                15:42:20.313              261.32106845              6271.705643               262.32106845              1568907740.314            0                         963                       1.0000000000E+000         8.0000000000E+000         0.0000000000E+000         4.3824714579E+001         4.4989876857E+001         4.8884044325E+002         6.3397908004E+002         2.0402055629E+000         2.4866249081E+000         
2019-09-19                15:43:10.526              261.32164962              6271.719591               262.32164962              1568907790.527            0                         963                       1.0000000000E+000         8.0000000000E+000         0.0000000000E+000         4.3824714579E+001         4.4989876857E+001         5.7047556460E+002         5.0473605246E+002         2.0402055629E+000         2.4866249081E+000         
2019-09-19                15:44:00.769              261.32223113              6271.733547               262.32223113              1568907840.770            0                         963                       1.0000000000E+000         8.0000000000E+000         0.0000000000E+000         4.3824714579E+001         4.4989876857E+001         6.2651055209E+002         5.8902570047E+002         2.0402055629E+000         2.4866249081E+000         
2019-09-19                15:44:49.862              261.32279934              6271.747184               262.32279934              1568907889.863            0                         963                       1.0000000000E+000         9.0000000000E+000         0.0000000000E+000         4.3824714579E+001         4.4989876857E+001         4.7600214656E+002         6.4688277587E+002         2.0402055629E+000         2.4866249081E+000         
2019-09-19                15:45:40.069              261.32338044              6271.761131               262.32338044              1568907940.070            0                         963                       1.0000000000E+000         9.0000000000E+000         0.0000000000E+000         4.3824714579E+001         4.4989876857E+001         4.2016247465E+002         4.9148029328E+002         2.0402055629E+000         2.4866249081E+000         
2019-09-19                15:46:27.316              261.32392728              6271.774255               262.32392728              1568907987.317            0                         963                       1.0000000000E+000         9.0000000000E+000         0.0000000000E+000         4.3824714579E+001         4.4989876857E+001         4.2029826739E+002         4.3382488453E+002         2.0402055629E+000         2.4866249081E+000         
2019-09-19                15:47:17.546              261.32450865              6271.788207               262.32450865              1568908037.547            0                         963                       1.0000000000E+000         1.5698324022E+001         0.0000000000E+000         4.3824714579E+001         4.4989876857E+001         4.2037804846E+002         4.3396509284E+002         2.0402055629E+000         2.4866249081E+000         
2019-09-19                15:48:07.724              261.32508941              6271.802146               262.32508941              1568908087.725            0                         963                       1.0000000000E+000         1.0000000000E+001         0.0000000000E+000         4.3824714579E+001         4.4989876857E+001         4.2047398073E+002         4.3404746815E+002         2.0402055629E+000         2.4866249081E+000         
2019-09-19                15:48:55.831              261.32564619              6271.815509               262.32564619              1568908135.831            0                         963                       1.0000000000E+000         1.0000000000E+001         0.0000000000E+000         4.3824714579E+001         4.4989876857E+001         4.2054220783E+002         4.3414651985E+002         2.0402055629E+000         2.4866249081E+000         
2019-09-19                15:49:46.058              261.32622752              6271.829461               262.32622752              1568908186.058            0                         963                       1.0000000000E+000         1.6000000000E+001         0.0000000000E+000         4.3824714579E+001         4.4989876857E+001         4.2059872140E+002         4.3421696548E+002         2.0402055629E+000         2.4866249081E+000         
2019-09-19                15:50:35.365              261.32679822              6271.843157               262.32679822              1568908235.366            0                         963                       1.0000000000E+000         1.1000000000E+001         0.0000000000E+000         4.3824714579E+001         4.4989876857E+001         4.2070692300E+002         4.3427531670E+002         2.0402055629E+000         2.4866249081E+000         
2019-09-19                15:51:24.513              261.32736705              6271.856809               262.32736705              1568908284.513            0                         963                       1.0000000000E+000         1.1000000000E+001         0.0000000000E+000         4.3824714579E+001         4.4989876857E+001         4.2083843394E+002         4.3438703670E+002         2.0402055629E+000         2.4866249081E+000         
2019-09-19                15:52:13.644              261.32793571              6271.870457               262.32793571              1568908333.645            0                         963                       1.0000000000E+000         1.6000000000E+001         0.0000000000E+000         4.3824714579E+001         4.4989876857E+001         4.2089615146E+002         4.3452282397E+002         2.0402055629E+000         2.4866249081E+000         
2019-09-19                15:53:03.855              261.32851684              6271.884404               262.32851684              1568908383.855            0                         963                       1.0000000000E+000         1.2000000000E+001         0.0000000000E+000         4.3824714579E+001         4.4989876857E+001         4.2095156970E+002         4.3458241828E+002         2.0402055629E+000         2.4866249081E+000         
2019-09-19                15:53:54.063              261.32909796              6271.898351               262.32909796              1568908434.064            0                         963                       1.0000000000E+000         1.2000000000E+001         0.0000000000E+000         4.3824714579E+001         4.4989876857E+001         4.2103359645E+002         4.3463963856E+002         2.0402055629E+000         2.4866249081E+000         
2019-09-19                15:54:42.157              261.32965459              6271.911710               262.32965459              1568908482.157            0                         963                       1.0000000000E+000         1.6000000000E+001         0.0000000000E+000         4.3824714579E+001         4.4989876857E+001         4.2108654089E+002         4.3472433257E+002         2.0402055629E+000         2.4866249081E+000         
2019-09-19                15:55:31.259              261.33022291              6271.925350               262.33022291              1568908531.259            0                         963                       1.0000000000E+000         1.3000000000E+001         0.0000000000E+000         4.3824714579E+001         4.4989876857E+001         4.2115450230E+002         4.3477899860E+002         2.0402055629E+000         2.4866249081E+000         
2019-09-19                15:56:21.470              261.33080406              6271.939297               262.33080406              1568908581.471            0                         963                       1.0000000000E+000         1.3000000000E+001         0.0000000000E+000         4.3824714579E+001         4.4989876857E+001         4.2118015508E+002         4.3484916991E+002         2.0402055629E+000         2.4866249081E+000         
2019-09-19                15:57:12.729              261.33139733              6271.953536               262.33139733              1568908632.729            0                         963                       1.0000000000E+000         1.6000000000E+001         0.0000000000E+000         4.3824714579E+001         4.4989876857E+001         4.2121875419E+002         4.3487565684E+002         2.0402055629E+000         2.4866249081E+000         
2019-09-19                15:58:01.851              261.33196587              6271.967181               262.33196587              1568908681.851            0                         963                       1.0000000000E+000         1.4000000000E+001         0.0000000000E+000         4.3824714579E+001         4.4989876857E+001         4.2133217851E+002         4.3491551108E+002         2.0402055629E+000         2.4866249081E+000         
2019-09-19                15:58:49.940              261.33252247              6271.980539               262.33252247              1568908729.941            0                         963                       1.0000000000E+000         1.4000000000E+001         0.0000000000E+000         4.3824714579E+001         4.4989876857E+001         4.2142606372E+002         4.3503262361E+002         2.0402055629E+000         2.4866249081E+000         
2019-09-19                15:59:40.171              261.33310383              6271.994492               262.33310383              1568908780.171            0                         963                       1.0000000000E+000         1.6000000000E+001         0.0000000000E+000         4.3824714579E+001         4.4989876857E+001         4.2144780107E+002         4.3512956168E+002         2.0402055629E+000         2.4866249081E+000         
2019-09-19                16:00:30.342              261.33368453              6272.008429               262.33368453              1568908830.343            0                         963                       1.0000000000E+000         1.5000000000E+001         0.0000000000E+000         4.3824714579E+001         4.4989876857E+001         4.2147236414E+002         4.3515200587E+002         2.0402055629E+000         2.4866249081E+000         
2019-09-19                16:01:19.480              261.33425324              6272.022078               262.33425324              1568908879.480            0                         963                       1.0000000000E+000         1.5000000000E+001         0.0000000000E+000         4.3824714579E+001         4.4989876857E+001         4.2152479026E+002         4.3517736766E+002         2.0402055629E+000         2.4866249081E+000         
2019-09-19                16:02:06.609              261.33479873              6272.035169               262.33479873              1568908926.610            0                         963                       1.0000000000E+000         1.6000000000E+001         0.0000000000E+000         4.3824714579E+001         4.4989876857E+001         4.2154940830E+002         4.3523149851E+002         2.0402055629E+000         2.4866249081E+000         
2019-09-19                16:02:56.809              261.33537975              6272.049114               262.33537975              1568908976.810            0                         963                       1.0000000000E+000         1.6000000000E+001         0.0000000000E+000         4.3824714579E+001         4.4989876857E+001         4.2157325731E+002         4.3525691705E+002         2.0402055629E+000         2.4866249081E+000         
2019-09-19                16:03:47.010              261.33596078              6272.063059               262.33596078              1568909027.011            0                         963                       1.0000000000E+000         1.6000000000E+001         0.0000000000E+000         4.3824714579E+001         4.4989876857E+001         4.2164367185E+002         4.3528154157E+002         2.0402055629E+000         2.4866249081E+000         
