DATE                      TIME                      FRAC_DAYS_SINCE_JAN1      FRAC_HRS_SINCE_JAN1       JULIAN_DAYS               EPOCH_TIME                ALARM_STATUS              INST_STATUS               species                   MPVPosition               solenoid_valves           CH4                       CH4_dry                   CO2                       CO2_dry                   H2O                       h2o_reported              
2019-04-29                03:22:13.266              117.80709799              2827.370352               118.80709799              1556508133.266            0                         963                       1.0000000000E+000         0.0000000000E+000         0.0000000000E+000         1.9467332475E+001         1.9581746097E+001         4.2430179551E+002         4.2737930083E+002         4.5957188178E-001         5.8661151013E-001         
2019-04-29                03:23:02.500              117.80766782              2827.384028               118.80766782              1556508182.500            0                         963                       1.0000000000E+000         0.0000000000E+000         0.0000000000E+000         1.9467332475E+001         1.9581746097E+001         4.2427268760E+002         4.2734937516E+002         4.5957188178E-001         5.8661151013E-001         
2019-04-29                03:23:50.884              117.80822782              2827.397468               118.80822782              1556508230.884            0                         963                       1.0000000000E+000         0.0000000000E+000         0.0000000000E+000         1.9467332475E+001         1.9581746097E+001         4.2427934481E+002         4.2732005819E+002         4.5957188178E-001         5.8661151013E-001         
2019-04-29                03:24:39.194              117.80878698              2827.410887               118.80878698              1556508279.195            0                         963                       1.0000000000E+000         0.0000000000E+000         0.0000000000E+000         1.9467332475E+001         1.9581746097E+001         4.2426977107E+002         4.2732676321E+002         4.5957188178E-001         5.8661151013E-001         
2019-04-29                03:25:28.430              117.80935684              2827.424564               118.80935684              1556508328.431            0                         963                       1.0000000000E+000         0.0000000000E+000         0.0000000000E+000         1.9467332475E+001         1.9581746097E+001         4.2421862274E+002         4.2731712071E+002         4.5957188178E-001         5.8661151013E-001         
2019-04-29                03:26:17.724              117.80992737              2827.438257               118.80992737              1556508377.725            0                         963                       1.0000000000E+000         0.0000000000E+000         0.0000000000E+000         1.9467332475E+001         1.9581746097E+001         4.2418976639E+002         4.2726560500E+002         4.5957188178E-001         5.8661151013E-001         
2019-04-29                03:27:06.986              117.81049753              2827.451941               118.81049753              1556508426.987            0                         963                       1.0000000000E+000         0.0000000000E+000         0.0000000000E+000         1.9467332475E+001         1.9581746097E+001         4.2416122227E+002         4.2723654139E+002         4.5957188178E-001         5.8661151013E-001         
2019-04-29                03:27:33.676              117.81080644              2827.459354               118.81080644              1556508453.676            0                         963                       2.0000000000E+000         0.0000000000E+000         0.0000000000E+000         1.9456650124E+001         1.9581746097E+001         4.2416122227E+002         4.2720779225E+002         4.5957188178E-001         5.8661151013E-001         
2019-04-29                03:27:54.311              117.81104527              2827.465086               118.81104527              1556508474.311            0                         963                       1.0000000000E+000         0.0000000000E+000         0.0000000000E+000         1.9456650124E+001         1.9581746097E+001         4.2409388720E+002         4.2720779225E+002         4.5957188178E-001         5.8661151013E-001         
2019-04-29                03:28:42.552              117.81160361              2827.478487               118.81160361              1556508522.552            0                         963                       1.0000000000E+000         0.0000000000E+000         0.0000000000E+000         1.9456650124E+001         1.9571000964E+001         4.2407574975E+002         4.2713997353E+002         4.5957188178E-001         5.8661151013E-001         
2019-04-29                03:29:31.753              117.81217307              2827.492154               118.81217307              1556508571.753            0                         963                       1.0000000000E+000         0.0000000000E+000         0.0000000000E+000         1.9456650124E+001         1.9571000964E+001         4.2404985634E+002         4.2712170582E+002         4.5957188178E-001         5.8661151013E-001         
2019-04-29                03:30:22.134              117.81275618              2827.506148               118.81275618              1556508622.134            0                         963                       1.0000000000E+000         0.0000000000E+000         0.0000000000E+000         1.9456650124E+001         1.9571000964E+001         4.2397963582E+002         4.2709562642E+002         4.5957188178E-001         5.8661151013E-001         
2019-04-29                03:31:12.500              117.81333912              2827.520139               118.81333912              1556508672.500            0                         963                       1.0000000000E+000         0.0000000000E+000         0.0000000000E+000         1.9456650124E+001         1.9571000964E+001         4.2393792736E+002         4.2702490155E+002         4.5957188178E-001         5.8661151013E-001         
2019-04-29                03:32:00.757              117.81389766              2827.533544               118.81389766              1556508720.758            0                         963                       1.0000000000E+000         0.0000000000E+000         0.0000000000E+000         1.9456650124E+001         1.9571000964E+001         4.2391284229E+002         4.2698289351E+002         4.5957188178E-001         5.8661151013E-001         
2019-04-29                03:32:49.996              117.81446755              2827.547221               118.81446755              1556508769.996            0                         963                       1.0000000000E+000         0.0000000000E+000         0.0000000000E+000         1.9456650124E+001         1.9571000964E+001         4.2387440218E+002         4.2695762826E+002         4.5957188178E-001         5.8661151013E-001         
2019-04-29                03:33:40.348              117.81505032              2827.561208               118.81505032              1556508820.348            0                         963                       1.0000000000E+000         0.0000000000E+000         0.0000000000E+000         1.9456650124E+001         1.9571000964E+001         4.2386265194E+002         4.2691891205E+002         4.5957188178E-001         5.8661151013E-001         
2019-04-29                03:34:29.608              117.81562047              2827.574891               118.81562047              1556508869.609            0                         963                       1.0000000000E+000         0.0000000000E+000         0.0000000000E+000         1.9456650124E+001         1.9571000964E+001         4.2384082332E+002         4.2690707741E+002         4.5957188178E-001         5.8661151013E-001         
2019-04-29                03:35:18.864              117.81619056              2827.588573               118.81619056              1556508918.864            0                         963                       1.0000000000E+000         0.0000000000E+000         0.0000000000E+000         1.9456650124E+001         1.9571000964E+001         4.2381267401E+002         4.2688509201E+002         4.5957188178E-001         5.8661151013E-001         
2019-04-29                03:36:08.098              117.81676041              2827.602250               118.81676041              1556508968.099            0                         963                       1.0000000000E+000         0.0000000000E+000         0.0000000000E+000         1.9456650124E+001         1.9571000964E+001         4.2378472992E+002         4.2685674052E+002         4.5957188178E-001         5.8661151013E-001         
2019-04-29                03:36:14.154              117.81683049              2827.603932               118.81683049              1556508974.154            0                         963                       3.0000000000E+000         0.0000000000E+000         0.0000000000E+000         1.9456650124E+001         1.9571121613E+001         4.2378472992E+002         4.2683180763E+002         4.6053647114E-001         5.8782499297E-001         
2019-04-29                03:36:22.599              117.81692824              2827.606278               118.81692824              1556508982.600            0                         963                       2.0000000000E+000         0.0000000000E+000         0.0000000000E+000         2.3016605520E+000         1.9571121613E+001         4.2378472992E+002         4.2683180763E+002         4.6053647114E-001         5.8782499297E-001         
2019-04-29                03:36:43.568              117.81717093              2827.612102               118.81717093              1556509003.568            0                         963                       1.0000000000E+000         0.0000000000E+000         0.0000000000E+000         2.3016605520E+000         1.9571121613E+001         4.2375083607E+002         4.2683180763E+002         4.6053647114E-001         5.8782499297E-001         
2019-04-29                03:37:33.964              117.81775422              2827.626101               118.81775422              1556509053.965            0                         963                       1.0000000000E+000         0.0000000000E+000         0.0000000000E+000         2.3016605520E+000         2.3152164423E+000         4.2372537607E+002         4.2680088187E+002         4.6053647114E-001         5.8782499297E-001         
2019-04-29                03:38:23.220              117.81832432              2827.639784               118.81832432              1556509103.221            0                         963                       1.0000000000E+000         0.0000000000E+000         0.0000000000E+000         2.3016605520E+000         2.3152164423E+000         4.2368343394E+002         4.2677523860E+002         4.6053647114E-001         5.8782499297E-001         
2019-04-29                03:39:12.473              117.81889436              2827.653465               118.81889436              1556509152.473            0                         963                       1.0000000000E+000         0.0000000000E+000         0.0000000000E+000         2.3016605520E+000         2.3152164423E+000         4.2366663740E+002         4.2673299459E+002         4.6053647114E-001         5.8782499297E-001         
2019-04-29                03:40:03.664              117.81948685              2827.667684               118.81948685              1556509203.664            0                         963                       1.0000000000E+000         0.0000000000E+000         0.0000000000E+000         2.3016605520E+000         2.3152164423E+000         4.2367453094E+002         4.2671607715E+002         4.6053647114E-001         5.8782499297E-001         
2019-04-29                03:40:54.836              117.82007913              2827.681899               118.82007913              1556509254.837            0                         963                       1.0000000000E+000         0.0000000000E+000         0.0000000000E+000         2.3016605520E+000         2.3152164423E+000         4.2372761711E+002         4.2672402751E+002         4.6053647114E-001         5.8782499297E-001         
2019-04-29                03:41:44.069              117.82064895              2827.695575               118.82064895              1556509304.069            0                         963                       1.0000000000E+000         0.0000000000E+000         0.0000000000E+000         2.3016605520E+000         2.3152164423E+000         4.2378570696E+002         4.2677749577E+002         4.6053647114E-001         5.8782499297E-001         
2019-04-29                03:42:33.296              117.82121872              2827.709249               118.82121872              1556509353.297            0                         963                       1.0000000000E+000         0.0000000000E+000         0.0000000000E+000         2.3016605520E+000         2.3152164423E+000         4.2376932995E+002         4.2683600374E+002         4.6053647114E-001         5.8782499297E-001         
2019-04-29                03:43:22.694              117.82179045              2827.722971               118.82179045              1556509402.695            0                         963                       1.0000000000E+000         0.0000000000E+000         0.0000000000E+000         2.3016605520E+000         2.3152164423E+000         4.2369468455E+002         4.2681950885E+002         4.6053647114E-001         5.8782499297E-001         
2019-04-29                03:44:10.967              117.82234917              2827.736380               118.82234917              1556509450.968            0                         963                       1.0000000000E+000         0.0000000000E+000         0.0000000000E+000         2.3016605520E+000         2.3152164423E+000         4.2364415670E+002         4.2674432618E+002         4.6053647114E-001         5.8782499297E-001         
2019-04-29                03:45:00.221              117.82291924              2827.750062               118.82291924              1556509500.222            0                         963                       1.0000000000E+000         0.0000000000E+000         0.0000000000E+000         2.3016605520E+000         2.3152164423E+000         4.2367459851E+002         4.2669343464E+002         4.6053647114E-001         5.8782499297E-001         
2019-04-29                03:45:49.451              117.82348903              2827.763737               118.82348903              1556509549.452            0                         963                       1.0000000000E+000         0.0000000000E+000         0.0000000000E+000         2.3016605520E+000         2.3152164423E+000         4.2379130061E+002         4.2672409556E+002         4.6053647114E-001         5.8782499297E-001         
2019-04-29                03:46:40.628              117.82408135              2827.777952               118.82408135              1556509600.629            0                         963                       1.0000000000E+000         0.0000000000E+000         0.0000000000E+000         2.3016605520E+000         2.3152164423E+000         4.2390270344E+002         4.2684163766E+002         4.6053647114E-001         5.8782499297E-001         
2019-04-29                03:47:29.865              117.82465122              2827.791629               118.82465122              1556509649.865            0                         963                       1.0000000000E+000         0.0000000000E+000         0.0000000000E+000         2.3016605520E+000         2.3152164423E+000         4.2397385657E+002         4.2695384233E+002         4.6053647114E-001         5.8782499297E-001         
2019-04-29                03:48:19.098              117.82522105              2827.805305               118.82522105              1556509699.099            0                         963                       1.0000000000E+000         0.0000000000E+000         0.0000000000E+000         2.3016605520E+000         2.3152164423E+000         4.2402378674E+002         4.2702550761E+002         4.6053647114E-001         5.8782499297E-001         
2019-04-29                03:49:07.371              117.82577976              2827.818714               118.82577976              1556509747.371            0                         963                       1.0000000000E+000         0.0000000000E+000         0.0000000000E+000         2.3016605520E+000         2.3152164423E+000         4.2403655088E+002         4.2707579716E+002         4.6053647114E-001         5.8782499297E-001         
2019-04-29                03:49:56.608              117.82634964              2827.832391               118.82634964              1556509796.609            0                         963                       1.0000000000E+000         0.0000000000E+000         0.0000000000E+000         2.3016605520E+000         2.3152164423E+000         4.2403372799E+002         4.2708865317E+002         4.6053647114E-001         5.8782499297E-001         
2019-04-29                03:50:45.855              117.82691963              2827.846071               118.82691963              1556509845.856            0                         963                       1.0000000000E+000         0.0000000000E+000         0.0000000000E+000         2.3016605520E+000         2.3152164423E+000         4.2400445454E+002         4.2708580996E+002         4.6053647114E-001         5.8782499297E-001         
2019-04-29                03:51:35.089              117.82748947              2827.859747               118.82748947              1556509895.090            0                         963                       1.0000000000E+000         0.0000000000E+000         0.0000000000E+000         2.3016605520E+000         2.3152164423E+000         4.2395421102E+002         4.2705632581E+002         4.6053647114E-001         5.8782499297E-001         
2019-04-29                03:52:23.358              117.82804813              2827.873155               118.82804813              1556509943.358            0                         963                       1.0000000000E+000         0.0000000000E+000         0.0000000000E+000         2.3016605520E+000         2.3152164423E+000         4.2385321881E+002         4.2700572065E+002         4.6053647114E-001         5.8782499297E-001         
2019-04-29                03:53:13.788              117.82863181              2827.887163               118.82863181              1556509993.788            0                         963                       1.0000000000E+000         0.0000000000E+000         0.0000000000E+000         2.3016605520E+000         2.3152164423E+000         4.2368597991E+002         4.2690400152E+002         4.6053647114E-001         5.8782499297E-001         
2019-04-29                03:54:03.016              117.82920159              2827.900838               118.82920159              1556510043.017            0                         963                       1.0000000000E+000         0.0000000000E+000         0.0000000000E+000         2.3016605520E+000         2.3152164423E+000         4.2352434791E+002         4.2673555889E+002         4.6053647114E-001         5.8782499297E-001         
2019-04-29                03:54:52.259              117.82977153              2827.914517               118.82977153              1556510092.260            0                         963                       1.0000000000E+000         0.0000000000E+000         0.0000000000E+000         2.3016605520E+000         2.3152164423E+000         4.2339593924E+002         4.2657276350E+002         4.6053647114E-001         5.8782499297E-001         
2019-04-29                03:55:41.519              117.83034167              2827.928200               118.83034167              1556510141.520            0                         963                       1.0000000000E+000         0.0000000000E+000         0.0000000000E+000         2.3016605520E+000         2.3152164423E+000         4.2329713938E+002         4.2644343058E+002         4.6053647114E-001         5.8782499297E-001         
2019-04-29                03:56:07.377              117.83064094              2827.935383               118.83064094              1556510167.377            0                         963                       2.0000000000E+000         0.0000000000E+000         0.0000000000E+000         1.9610453624E+001         2.3152164423E+000         4.2329713938E+002         4.2634391958E+002         4.6053647114E-001         5.8782499297E-001         
2019-04-29                03:56:27.821              117.83087756              2827.941061               118.83087756              1556510187.821            0                         963                       1.0000000000E+000         0.0000000000E+000         0.0000000000E+000         1.9610453624E+001         2.3152164423E+000         4.2320852242E+002         4.2634391958E+002         4.6053647114E-001         5.8782499297E-001         
2019-04-29                03:57:19.141              117.83147155              2827.955317               118.83147155              1556510239.142            0                         963                       1.0000000000E+000         0.0000000000E+000         0.0000000000E+000         1.9610453624E+001         1.9725951610E+001         4.2316351971E+002         4.2625466478E+002         4.6053647114E-001         5.8782499297E-001         
2019-04-29                03:58:08.375              117.83204139              2827.968993               118.83204139              1556510288.376            0                         963                       1.0000000000E+000         0.0000000000E+000         0.0000000000E+000         1.9610453624E+001         1.9725951610E+001         4.2309530400E+002         4.2620933815E+002         4.6053647114E-001         5.8782499297E-001         
2019-04-29                03:58:57.602              117.83261115              2827.982667               118.83261115              1556510337.603            0                         963                       1.0000000000E+000         0.0000000000E+000         0.0000000000E+000         1.9610453624E+001         1.9725951610E+001         4.2304620117E+002         4.2614063145E+002         4.6053647114E-001         5.8782499297E-001         
2019-04-29                03:59:47.967              117.83319406              2827.996658               118.83319406              1556510387.967            0                         963                       1.0000000000E+000         0.0000000000E+000         0.0000000000E+000         1.9610453624E+001         1.9725951610E+001         4.2300151789E+002         4.2609117518E+002         4.6053647114E-001         5.8782499297E-001         
2019-04-29                04:00:38.299              117.83377661              2828.010639               118.83377661              1556510438.299            0                         963                       1.0000000000E+000         0.0000000000E+000         0.0000000000E+000         1.9610453624E+001         1.9725951610E+001         4.2295990451E+002         4.2604617029E+002         4.6053647114E-001         5.8782499297E-001         
2019-04-29                04:01:26.542              117.83433499              2828.024040               118.83433499              1556510486.543            0                         963                       1.0000000000E+000         0.0000000000E+000         0.0000000000E+000         1.9610453624E+001         1.9725951610E+001         4.2295264527E+002         4.2600425738E+002         4.6053647114E-001         5.8782499297E-001         
2019-04-29                04:02:15.789              117.83490497              2828.037719               118.83490497              1556510535.789            0                         963                       1.0000000000E+000         0.0000000000E+000         0.0000000000E+000         1.9610453624E+001         1.9725951610E+001         4.2299297452E+002         4.2599694590E+002         4.6053647114E-001         5.8782499297E-001         
2019-04-29                04:03:05.094              117.83547563              2828.051415               118.83547563              1556510585.094            0                         963                       1.0000000000E+000         0.0000000000E+000         0.0000000000E+000         1.9610453624E+001         1.9725951610E+001         4.2298619288E+002         4.2603756542E+002         4.6053647114E-001         5.8782499297E-001         
2019-04-29                04:03:55.401              117.83605788              2828.065389               118.83605788              1556510635.401            0                         963                       1.0000000000E+000         0.0000000000E+000         0.0000000000E+000         1.9610453624E+001         1.9725951610E+001         4.2291892373E+002         4.2603073498E+002         4.6053647114E-001         5.8782499297E-001         
2019-04-29                04:04:44.644              117.83662784              2828.079068               118.83662784              1556510684.645            0                         963                       1.0000000000E+000         0.0000000000E+000         0.0000000000E+000         1.9610453624E+001         1.9725951610E+001         4.2286763325E+002         4.2596298163E+002         4.6053647114E-001         5.8782499297E-001         
2019-04-29                04:05:33.867              117.83719753              2828.092741               118.83719753              1556510733.867            0                         963                       1.0000000000E+000         0.0000000000E+000         0.0000000000E+000         1.9610453624E+001         1.9725951610E+001         4.2282990748E+002         4.2591132199E+002         4.6053647114E-001         5.8782499297E-001         
2019-04-29                04:06:24.082              117.83777874              2828.106690               118.83777874              1556510784.083            0                         963                       1.0000000000E+000         0.0000000000E+000         0.0000000000E+000         1.9610453624E+001         1.9725951610E+001         4.2278629830E+002         4.2587332467E+002         4.6053647114E-001         5.8782499297E-001         
2019-04-29                04:06:28.568              117.83783065              2828.107936               118.83783065              1556510788.568            0                         963                       3.0000000000E+000         0.0000000000E+000         0.0000000000E+000         1.9610453624E+001         1.9727497006E+001         4.2278629830E+002         4.2587012427E+002         4.7279604287E-001         6.0324162090E-001         
2019-04-29                04:06:35.839              117.83791481              2828.109956               118.83791481              1556510795.840            0                         963                       2.0000000000E+000         0.0000000000E+000         0.0000000000E+000         2.2665041958E+000         1.9727497006E+001         4.2278629830E+002         4.2587012427E+002         4.7279604287E-001         6.0324162090E-001         
2019-04-29                04:06:57.826              117.83816929              2828.116063               118.83816929              1556510817.827            0                         963                       1.0000000000E+000         0.0000000000E+000         0.0000000000E+000         2.2665041958E+000         1.9727497006E+001         4.2279539211E+002         4.2587012427E+002         4.7279604287E-001         6.0324162090E-001         
2019-04-29                04:07:47.048              117.83873898              2828.129736               118.83873898              1556510867.048            0                         963                       1.0000000000E+000         0.0000000000E+000         0.0000000000E+000         2.2665041958E+000         2.2802103443E+000         4.2283669014E+002         4.2592002937E+002         4.7279604287E-001         6.0324162090E-001         
2019-04-29                04:08:36.289              117.83930891              2828.143414               118.83930891              1556510916.290            0                         963                       1.0000000000E+000         0.0000000000E+000         0.0000000000E+000         2.2665041958E+000         2.2802103443E+000         4.2290718686E+002         4.2596163261E+002         4.7279604287E-001         6.0324162090E-001         
2019-04-29                04:09:22.667              117.83984568              2828.156296               118.83984568              1556510962.667            0                         963                       1.0000000000E+000         0.0000000000E+000         0.0000000000E+000         2.2665041958E+000         2.2802103443E+000         4.2297514933E+002         4.2603265033E+002         4.7279604287E-001         6.0324162090E-001         
2019-04-29                04:10:13.875              117.84043837              2828.170521               118.84043837              1556511013.875            0                         963                       1.0000000000E+000         0.0000000000E+000         0.0000000000E+000         2.2665041958E+000         2.2802103443E+000         4.2306946288E+002         4.2610111507E+002         4.7279604287E-001         6.0324162090E-001         
2019-04-29                04:11:02.128              117.84099686              2828.183925               118.84099686              1556511062.129            0                         963                       1.0000000000E+000         0.0000000000E+000         0.0000000000E+000         2.2665041958E+000         2.2802103443E+000         4.2319438569E+002         4.2619612563E+002         4.7279604287E-001         6.0324162090E-001         
2019-04-29                04:11:51.355              117.84156661              2828.197599               118.84156661              1556511111.355            0                         963                       1.0000000000E+000         0.0000000000E+000         0.0000000000E+000         2.2665041958E+000         2.2802103443E+000         4.2331166564E+002         4.2632197168E+002         4.7279604287E-001         6.0324162090E-001         
2019-04-29                04:12:41.716              117.84214949              2828.211588               118.84214949              1556511161.716            0                         963                       1.0000000000E+000         0.0000000000E+000         0.0000000000E+000         2.2665041958E+000         2.2802103443E+000         4.2342742203E+002         4.2644011838E+002         4.7279604287E-001         6.0324162090E-001         
2019-04-29                04:13:31.177              117.84272197              2828.225327               118.84272197              1556511211.178            0                         963                       1.0000000000E+000         0.0000000000E+000         0.0000000000E+000         2.2665041958E+000         2.2802103443E+000         4.2352199385E+002         4.2655673026E+002         4.7279604287E-001         6.0324162090E-001         
2019-04-29                04:14:20.390              117.84329155              2828.238997               118.84329155              1556511260.390            0                         963                       1.0000000000E+000         0.0000000000E+000         0.0000000000E+000         2.2665041958E+000         2.2802103443E+000         4.2365220874E+002         4.2665200101E+002         4.7279604287E-001         6.0324162090E-001         
2019-04-29                04:15:09.611              117.84386124              2828.252670               118.84386124              1556511309.611            0                         963                       1.0000000000E+000         0.0000000000E+000         0.0000000000E+000         2.2665041958E+000         2.2802103443E+000         4.2381014338E+002         4.2678317824E+002         4.7279604287E-001         6.0324162090E-001         
2019-04-29                04:15:59.951              117.84444389              2828.266653               118.84444389              1556511359.952            0                         963                       1.0000000000E+000         0.0000000000E+000         0.0000000000E+000         2.2665041958E+000         2.2802103443E+000         4.2401912710E+002         4.2694228008E+002         4.7279604287E-001         6.0324162090E-001         
2019-04-29                04:16:51.188              117.84503691              2828.280886               118.84503691              1556511411.189            0                         963                       1.0000000000E+000         0.0000000000E+000         0.0000000000E+000         2.2665041958E+000         2.2802103443E+000         4.2420348787E+002         4.2715280828E+002         4.7279604287E-001         6.0324162090E-001         
2019-04-29                04:17:40.417              117.84560668              2828.294560               118.84560668              1556511460.417            0                         963                       1.0000000000E+000         0.0000000000E+000         0.0000000000E+000         2.2665041958E+000         2.2802103443E+000         4.2435832466E+002         4.2733853155E+002         4.7279604287E-001         6.0324162090E-001         
2019-04-29                04:18:29.667              117.84617671              2828.308241               118.84617671              1556511509.668            0                         963                       1.0000000000E+000         0.0000000000E+000         0.0000000000E+000         2.2665041958E+000         2.2802103443E+000         4.2454558673E+002         4.2749451265E+002         4.7279604287E-001         6.0324162090E-001         
2019-04-29                04:19:19.921              117.84675834              2828.322200               118.84675834              1556511559.921            0                         963                       1.0000000000E+000         0.0000000000E+000         0.0000000000E+000         2.2665041958E+000         2.2802103443E+000         4.2468262978E+002         4.2768315867E+002         4.7279604287E-001         6.0324162090E-001         
2019-04-29                04:20:09.171              117.84732837              2828.335881               118.84732837              1556511609.171            0                         963                       1.0000000000E+000         0.0000000000E+000         0.0000000000E+000         2.2665041958E+000         2.2802103443E+000         4.2482961380E+002         4.2782121453E+002         4.7279604287E-001         6.0324162090E-001         
2019-04-29                04:20:58.483              117.84789912              2828.349579               118.84789912              1556511658.484            0                         963                       1.0000000000E+000         0.0000000000E+000         0.0000000000E+000         2.2665041958E+000         2.2802103443E+000         4.2497645583E+002         4.2796928482E+002         4.7279604287E-001         6.0324162090E-001         
2019-04-29                04:21:04.558              117.84796942              2828.351266               118.84796942              1556511664.558            0                         963                       3.0000000000E+000         0.0000000000E+000         0.0000000000E+000         2.2665041958E+000         2.2802927920E+000         4.2497645583E+002         4.2813610734E+002         4.7845312797E-001         6.1035157926E-001         
2019-04-29                04:21:36.974              117.84834462              2828.360271               118.84834462              1556511696.975            0                         963                       1.0000000000E+000         0.0000000000E+000         0.0000000000E+000         2.2665041958E+000         2.2802927920E+000         4.2507549042E+002         4.2813610734E+002         4.7845312797E-001         6.1035157926E-001         
2019-04-29                04:22:26.184              117.84891417              2828.373940               118.84891417              1556511746.184            0                         963                       1.0000000000E+000         0.0000000000E+000         0.0000000000E+000         2.2665041958E+000         2.2803752595E+000         4.2515930730E+002         4.2825478250E+002         4.7845312797E-001         6.1035157926E-001         
2019-04-29                04:22:55.611              117.84925476              2828.382114               118.84925476              1556511775.611            0                         963                       2.0000000000E+000         0.0000000000E+000         0.0000000000E+000         3.0660961527E+002         2.2803752595E+000         4.2515930730E+002         4.2833922628E+002         4.7845312797E-001         6.1035157926E-001         
