DATE                      TIME                      FRAC_DAYS_SINCE_JAN1      FRAC_HRS_SINCE_JAN1       JULIAN_DAYS               EPOCH_TIME                ALARM_STATUS              INST_STATUS               species                   MPVPosition               solenoid_valves           CH4                       CH4_dry                   CO2                       CO2_dry                   H2O                       h2o_reported              
2019-10-31                14:56:33.706              303.28927900              7278.942696               304.28927900              1572533793.706            0                         963                       1.0000000000E+000         1.4000000000E+001         0.0000000000E+000         3.8104218159E+001         3.9201803963E+001         6.0925884636E+002         6.0868802895E+002         2.2059667596E+000         2.6765772368E+000         
2019-10-31                14:57:26.884              303.28989449              7278.957468               304.28989449              1572533846.884            0                         963                       1.0000000000E+000         1.4000000000E+001         0.0000000000E+000         3.8104218159E+001         3.9201803963E+001         4.7713969690E+002         6.3072532941E+002         2.2059667596E+000         2.6765772368E+000         
2019-10-31                14:58:19.088              303.29049872              7278.971969               304.29049872              1572533899.089            0                         963                       1.0000000000E+000         1.5000000000E+001         0.0000000000E+000         3.8104218159E+001         3.9201803963E+001         5.2527760446E+002         4.9395112488E+002         2.2059667596E+000         2.6765772368E+000         
2019-10-31                14:58:48.618              303.29084049              7278.980172               304.29084049              1572533928.618            0                         963                       2.0000000000E+000         1.5000000000E+001         0.0000000000E+000         4.4946664204E+001         3.9201803963E+001         5.2527760446E+002         5.4378511215E+002         2.2059667596E+000         2.6765772368E+000         
2019-10-31                14:59:08.361              303.29106899              7278.985656               304.29106899              1572533948.361            0                         963                       1.0000000000E+000         1.5000000000E+001         0.0000000000E+000         4.4946664204E+001         3.9201803963E+001         5.0178611608E+002         5.4378511215E+002         2.2059667596E+000         2.6765772368E+000         
2019-10-31                15:00:00.566              303.29167323              7279.000157               304.29167323              1572534000.567            0                         963                       1.0000000000E+000         1.5162011173E+001         0.0000000000E+000         4.4946664204E+001         4.6241345553E+001         4.7003524856E+002         5.1946593020E+002         2.2059667596E+000         2.6765772368E+000         
2019-10-31                15:00:52.782              303.29227757              7279.014662               304.29227757              1572534052.782            0                         963                       1.0000000000E+000         1.6000000000E+001         0.0000000000E+000         4.4946664204E+001         4.6241345553E+001         4.5644222685E+002         4.8659636007E+002         2.2059667596E+000         2.6765772368E+000         
2019-10-31                15:01:45.002              303.29288197              7279.029167               304.29288197              1572534105.002            0                         963                       1.0000000000E+000         1.6000000000E+001         0.0000000000E+000         4.4946664204E+001         4.6241345553E+001         4.5278449674E+002         4.7252440502E+002         2.2059667596E+000         2.6765772368E+000         
2019-10-31                15:02:37.221              303.29348637              7279.043673               304.29348637              1572534157.222            0                         963                       1.0000000000E+000         1.6000000000E+001         0.0000000000E+000         4.4946664204E+001         4.6241345553E+001         4.5290970840E+002         4.6873779931E+002         2.2059667596E+000         2.6765772368E+000         
2019-10-31                15:03:29.404              303.29409032              7279.058168               304.29409032              1572534209.404            0                         963                       1.0000000000E+000         1.6000000000E+001         0.0000000000E+000         4.4946664204E+001         4.6241345553E+001         4.5299372243E+002         4.6886742265E+002         2.2059667596E+000         2.6765772368E+000         
2019-10-31                15:04:21.592              303.29469435              7279.072664               304.29469435              1572534261.592            0                         963                       1.0000000000E+000         1.6000000000E+001         0.0000000000E+000         4.4946664204E+001         4.6241345553E+001         4.5301667715E+002         4.6895439681E+002         2.2059667596E+000         2.6765772368E+000         
2019-10-31                15:05:13.789              303.29529850              7279.087164               304.29529850              1572534313.790            0                         963                       1.0000000000E+000         1.6000000000E+001         0.0000000000E+000         4.4946664204E+001         4.6241345553E+001         4.5308247151E+002         4.6897816032E+002         2.2059667596E+000         2.6765772368E+000         
2019-10-31                15:06:05.983              303.29590258              7279.101662               304.29590258              1572534365.983            0                         963                       1.0000000000E+000         1.6000000000E+001         0.0000000000E+000         4.4946664204E+001         4.6241345553E+001         4.5312649411E+002         4.6904627286E+002         2.2059667596E+000         2.6765772368E+000         
2019-10-31                15:06:58.174              303.29650666              7279.116160               304.29650666              1572534418.175            0                         963                       1.0000000000E+000         1.6000000000E+001         0.0000000000E+000         4.4946664204E+001         4.6241345553E+001         4.5311448160E+002         4.6909184654E+002         2.2059667596E+000         2.6765772368E+000         
2019-10-31                15:07:50.364              303.29711069              7279.130657               304.29711069              1572534470.364            0                         963                       1.0000000000E+000         1.6000000000E+001         0.0000000000E+000         4.4946664204E+001         4.6241345553E+001         4.5312567583E+002         4.6907941078E+002         2.2059667596E+000         2.6765772368E+000         
2019-10-31                15:08:42.454              303.29771360              7279.145126               304.29771360              1572534522.455            0                         963                       1.0000000000E+000         1.6000000000E+001         0.0000000000E+000         4.4946664204E+001         4.6241345553E+001         4.5319809168E+002         4.6909099942E+002         2.2059667596E+000         2.6765772368E+000         
2019-10-31                15:09:33.571              303.29830522              7279.159325               304.29830522              1572534573.571            0                         963                       1.0000000000E+000         1.6000000000E+001         0.0000000000E+000         4.4946664204E+001         4.6241345553E+001         4.5326977108E+002         4.6916596676E+002         2.2059667596E+000         2.6765772368E+000         
2019-10-31                15:10:25.875              303.29891060              7279.173854               304.29891060              1572534625.876            0                         963                       1.0000000000E+000         1.6000000000E+001         0.0000000000E+000         4.4946664204E+001         4.6241345553E+001         4.5332762319E+002         4.6924017169E+002         2.2059667596E+000         2.6765772368E+000         
2019-10-31                15:11:18.157              303.29951572              7279.188377               304.29951572              1572534678.158            0                         963                       1.0000000000E+000         1.0000000000E+000         0.0000000000E+000         4.4946664204E+001         4.6241345553E+001         4.6873459985E+002         4.6930006215E+002         2.2059667596E+000         2.6765772368E+000         
2019-10-31                15:12:10.263              303.30011878              7279.202851               304.30011878              1572534730.263            0                         963                       1.0000000000E+000         1.0000000000E+000         0.0000000000E+000         4.4946664204E+001         4.6241345553E+001         4.6986566803E+002         4.8524988461E+002         2.2059667596E+000         2.6765772368E+000         
2019-10-31                15:13:01.358              303.30071017              7279.217044               304.30071017              1572534781.359            0                         963                       1.0000000000E+000         2.0000000000E+000         0.0000000000E+000         4.4946664204E+001         4.6241345553E+001         4.5436497280E+002         4.8642080457E+002         2.2059667596E+000         2.6765772368E+000         
2019-10-31                15:13:53.561              303.30131436              7279.231545               304.30131436              1572534833.561            0                         963                       1.0000000000E+000         2.0000000000E+000         0.0000000000E+000         4.4946664204E+001         4.6241345553E+001         4.6066101825E+002         4.7037396150E+002         2.2059667596E+000         2.6765772368E+000         
2019-10-31                15:14:45.759              303.30191852              7279.246044               304.30191852              1572534885.760            0                         963                       1.0000000000E+000         2.0000000000E+000         0.0000000000E+000         4.4946664204E+001         4.6241345553E+001         4.6029293238E+002         4.7689184033E+002         2.2059667596E+000         2.6765772368E+000         
2019-10-31                15:15:37.884              303.30252182              7279.260524               304.30252182              1572534937.885            0                         963                       1.0000000000E+000         3.0000000000E+000         0.0000000000E+000         4.4946664204E+001         4.6241345553E+001         5.2585059695E+002         4.7651078541E+002         2.2059667596E+000         2.6765772368E+000         
2019-10-31                15:16:27.150              303.30309201              7279.274208               304.30309201              1572534987.150            0                         963                       1.0000000000E+000         3.0000000000E+000         0.0000000000E+000         4.4946664204E+001         4.6241345553E+001         5.4368152277E+002         5.4437829333E+002         2.2059667596E+000         2.6765772368E+000         
2019-10-31                15:17:19.239              303.30369490              7279.288678               304.30369490              1572535039.239            0                         963                       1.0000000000E+000         3.0000000000E+000         0.0000000000E+000         4.4946664204E+001         4.6241345553E+001         4.7267462206E+002         5.6283746980E+002         2.2059667596E+000         2.6765772368E+000         
2019-10-31                15:18:10.342              303.30428637              7279.302873               304.30428637              1572535090.342            0                         963                       1.0000000000E+000         4.0000000000E+000         0.0000000000E+000         4.4946664204E+001         4.6241345553E+001         4.7306581499E+002         4.8932872863E+002         2.2059667596E+000         2.6765772368E+000         
2019-10-31                15:19:02.443              303.30488939              7279.317345               304.30488939              1572535142.443            0                         963                       1.0000000000E+000         4.0000000000E+000         0.0000000000E+000         4.4946664204E+001         4.6241345553E+001         4.7337233690E+002         4.8973370476E+002         2.2059667596E+000         2.6765772368E+000         
2019-10-31                15:19:53.523              303.30548059              7279.331534               304.30548059              1572535193.523            0                         963                       1.0000000000E+000         4.0000000000E+000         0.0000000000E+000         4.4946664204E+001         4.6241345553E+001         4.5445102725E+002         4.9005102660E+002         2.2059667596E+000         2.6765772368E+000         
2019-10-31                15:20:45.691              303.30608440              7279.346026               304.30608440              1572535245.692            0                         963                       1.0000000000E+000         5.0000000000E+000         0.0000000000E+000         4.4946664204E+001         4.6241345553E+001         5.2031064385E+002         4.7046304797E+002         2.2059667596E+000         2.6765772368E+000         
2019-10-31                15:21:38.891              303.30670014              7279.360803               304.30670014              1572535298.892            0                         963                       1.0000000000E+000         5.0000000000E+000         0.0000000000E+000         4.4946664204E+001         4.6241345553E+001         5.2931019963E+002         5.3864314683E+002         2.2059667596E+000         2.6765772368E+000         
2019-10-31                15:22:08.161              303.30703890              7279.368934               304.30703890              1572535328.161            0                         963                       2.0000000000E+000         5.0000000000E+000         0.0000000000E+000         3.8261258970E+001         4.6241345553E+001         5.2931019963E+002         5.4795979084E+002         2.2059667596E+000         2.6765772368E+000         
2019-10-31                15:22:28.167              303.30727046              7279.374491               304.30727046              1572535348.168            0                         963                       1.0000000000E+000         8.0386740331E+000         0.0000000000E+000         3.8261258970E+001         4.6241345553E+001         4.5668125447E+002         5.4795979084E+002         2.2059667596E+000         2.6765772368E+000         
2019-10-31                15:23:20.382              303.30787480              7279.388995               304.30787480              1572535400.383            0                         963                       1.0000000000E+000         6.0000000000E+000         0.0000000000E+000         3.8261258970E+001         3.9363368309E+001         4.6777164404E+002         4.7277185449E+002         2.2059667596E+000         2.6765772368E+000         
2019-10-31                15:24:12.559              303.30847869              7279.403489               304.30847869              1572535452.559            0                         963                       1.0000000000E+000         6.0000000000E+000         0.0000000000E+000         3.8261258970E+001         3.9363368309E+001         4.6736473975E+002         4.8425300024E+002         2.2059667596E+000         2.6765772368E+000         
2019-10-31                15:25:04.736              303.30908260              7279.417982               304.30908260              1572535504.737            0                         963                       1.0000000000E+000         1.6000000000E+001         0.0000000000E+000         3.8261258970E+001         3.9363368309E+001         4.5216422719E+002         4.8383175917E+002         2.2059667596E+000         2.6765772368E+000         
2019-10-31                15:25:56.937              303.30968677              7279.432483               304.30968677              1572535556.937            0                         963                       1.0000000000E+000         7.0000000000E+000         0.0000000000E+000         3.8261258970E+001         3.9363368309E+001         4.6124920551E+002         4.6809567534E+002         2.2059667596E+000         2.6765772368E+000         
2019-10-31                15:26:49.052              303.31028997              7279.446959               304.31028997              1572535609.053            0                         963                       1.0000000000E+000         7.0000000000E+000         0.0000000000E+000         3.8261258970E+001         3.9363368309E+001         4.6017122985E+002         4.7750075164E+002         2.2059667596E+000         2.6765772368E+000         
2019-10-31                15:27:41.213              303.31089368              7279.461448               304.31089368              1572535661.214            0                         963                       1.0000000000E+000         1.6000000000E+001         0.0000000000E+000         3.8261258970E+001         3.9363368309E+001         4.5182504532E+002         4.7638479485E+002         2.2059667596E+000         2.6765772368E+000         
2019-10-31                15:28:33.384              303.31149750              7279.475940               304.31149750              1572535713.384            0                         963                       1.0000000000E+000         8.0000000000E+000         0.0000000000E+000         3.8261258970E+001         3.9363368309E+001         4.7308593724E+002         4.6774454280E+002         2.2059667596E+000         2.6765772368E+000         
2019-10-31                15:29:25.500              303.31210071              7279.490417               304.31210071              1572535765.501            0                         963                       1.0000000000E+000         8.0000000000E+000         0.0000000000E+000         3.8261258970E+001         3.9363368309E+001         4.7367695012E+002         4.8975453600E+002         2.2059667596E+000         2.6765772368E+000         
2019-10-31                15:29:55.022              303.31244238              7279.498617               304.31244238              1572535795.022            0                         963                       2.0000000000E+000         1.1348837209E+001         0.0000000000E+000         4.6230456840E+001         3.9363368309E+001         4.7367695012E+002         4.9036637249E+002         2.2059667596E+000         2.6765772368E+000         
2019-10-31                15:30:14.783              303.31267111              7279.504107               304.31267111              1572535814.784            0                         963                       1.0000000000E+000         1.6000000000E+001         0.0000000000E+000         4.6230456840E+001         3.9363368309E+001         4.5261712170E+002         4.9036637249E+002         2.2059667596E+000         2.6765772368E+000         
2019-10-31                15:31:06.990              303.31327535              7279.518608               304.31327535              1572535866.990            0                         963                       1.0000000000E+000         9.0000000000E+000         0.0000000000E+000         4.6230456840E+001         4.7562117627E+001         4.6665445309E+002         4.6856452702E+002         2.2059667596E+000         2.6765772368E+000         
2019-10-31                15:31:59.204              303.31387969              7279.533112               304.31387969              1572535919.205            0                         963                       1.0000000000E+000         9.0000000000E+000         0.0000000000E+000         4.6230456840E+001         4.7562117627E+001         4.6577313243E+002         4.8309644644E+002         2.2059667596E+000         2.6765772368E+000         
2019-10-31                15:32:50.319              303.31447130              7279.547311               304.31447130              1572535970.320            0                         963                       1.0000000000E+000         1.6000000000E+001         0.0000000000E+000         4.6230456840E+001         4.7562117627E+001         4.5313944850E+002         4.8218407354E+002         2.2059667596E+000         2.6765772368E+000         
2019-10-31                15:33:42.440              303.31507455              7279.561789               304.31507455              1572536022.441            0                         963                       1.0000000000E+000         1.0000000000E+001         0.0000000000E+000         4.6230456840E+001         4.7562117627E+001         4.6049045713E+002         4.6910525736E+002         2.2059667596E+000         2.6765772368E+000         
2019-10-31                15:34:34.605              303.31567830              7279.576279               304.31567830              1572536074.605            0                         963                       1.0000000000E+000         1.0000000000E+001         0.0000000000E+000         4.6230456840E+001         4.7562117627E+001         4.5803066733E+002         4.7671526970E+002         2.2059667596E+000         2.6765772368E+000         
2019-10-31                15:35:26.813              303.31628257              7279.590782               304.31628257              1572536126.814            0                         963                       1.0000000000E+000         1.1000000000E+001         0.0000000000E+000         4.6230456840E+001         4.7562117627E+001         4.5148864695E+002         4.7416881225E+002         2.2059667596E+000         2.6765772368E+000         
2019-10-31                15:36:17.913              303.31687399              7279.604976               304.31687399              1572536177.913            0                         963                       1.0000000000E+000         1.1000000000E+001         0.0000000000E+000         4.6230456840E+001         4.7562117627E+001         4.8593532658E+002         4.6739629186E+002         2.2059667596E+000         2.6765772368E+000         
2019-10-31                15:37:10.033              303.31747725              7279.619454               304.31747725              1572536230.034            0                         963                       1.0000000000E+000         1.1000000000E+001         0.0000000000E+000         4.6230456840E+001         4.7562117627E+001         4.9685158675E+002         5.0305665771E+002         2.2059667596E+000         2.6765772368E+000         
2019-10-31                15:38:02.223              303.31808128              7279.633951               304.31808128              1572536282.223            0                         963                       1.0000000000E+000         1.2000000000E+001         0.0000000000E+000         4.6230456840E+001         4.7562117627E+001         5.1828329169E+002         5.1435753882E+002         2.2059667596E+000         2.6765772368E+000         
2019-10-31                15:38:54.433              303.31868557              7279.648454               304.31868557              1572536334.433            0                         963                       1.0000000000E+000         1.2000000000E+001         0.0000000000E+000         4.6230456840E+001         4.7562117627E+001         5.3054005875E+002         5.3654436341E+002         2.2059667596E+000         2.6765772368E+000         
2019-10-31                15:39:45.562              303.31927735              7279.662656               304.31927735              1572536385.563            0                         963                       1.0000000000E+000         1.2000000000E+001         0.0000000000E+000         4.6230456840E+001         4.7562117627E+001         4.8670799831E+002         5.4923298253E+002         2.2059667596E+000         2.6765772368E+000         
2019-10-31                15:40:37.753              303.31988140              7279.677154               304.31988140              1572536437.753            0                         963                       1.0000000000E+000         1.3000000000E+001         0.0000000000E+000         4.6230456840E+001         4.7562117627E+001         5.4801706697E+002         5.0385655357E+002         2.2059667596E+000         2.6765772368E+000         
2019-10-31                15:41:29.926              303.32048525              7279.691646               304.32048525              1572536489.926            0                         963                       1.0000000000E+000         1.3000000000E+001         0.0000000000E+000         4.6230456840E+001         4.7562117627E+001         5.4988882249E+002         5.6732577154E+002         2.2059667596E+000         2.6765772368E+000         
2019-10-31                15:42:22.111              303.32108925              7279.706142               304.32108925              1572536542.111            0                         963                       1.0000000000E+000         1.3000000000E+001         0.0000000000E+000         4.6230456840E+001         4.7562117627E+001         4.6543455656E+002         5.6926347606E+002         2.2059667596E+000         2.6765772368E+000         
2019-10-31                15:43:14.313              303.32169345              7279.720643               304.32169345              1572536594.314            0                         963                       1.0000000000E+000         1.4000000000E+001         0.0000000000E+000         4.6230456840E+001         4.7562117627E+001         5.4851088313E+002         4.8183356837E+002         2.2059667596E+000         2.6765772368E+000         
2019-10-31                15:44:06.440              303.32229677              7279.735122               304.32229677              1572536646.441            0                         963                       1.0000000000E+000         1.4000000000E+001         0.0000000000E+000         4.6230456840E+001         4.7562117627E+001         5.6378362268E+002         5.6783698671E+002         2.2059667596E+000         2.6765772368E+000         
2019-10-31                15:44:57.516              303.32288792              7279.749310               304.32288792              1572536697.516            0                         963                       1.0000000000E+000         1.6000000000E+001         0.0000000000E+000         4.6230456840E+001         4.7562117627E+001         4.7258456051E+002         5.8364784238E+002         2.2059667596E+000         2.6765772368E+000         
2019-10-31                15:45:47.740              303.32346922              7279.763261               304.32346922              1572536747.741            0                         963                       1.0000000000E+000         1.5000000000E+001         0.0000000000E+000         4.6230456840E+001         4.7562117627E+001         5.1196097014E+002         4.8923549388E+002         2.2059667596E+000         2.6765772368E+000         
2019-10-31                15:46:39.875              303.32407263              7279.777743               304.32407263              1572536799.875            0                         963                       1.0000000000E+000         1.5000000000E+001         0.0000000000E+000         4.6230456840E+001         4.7562117627E+001         5.1929212878E+002         5.2999928267E+002         2.2059667596E+000         2.6765772368E+000         
2019-10-31                15:47:08.257              303.32440113              7279.785627               304.32440113              1572536828.258            0                         963                       2.0000000000E+000         1.5111111111E+001         0.0000000000E+000         3.4159464431E+001         4.7562117627E+001         5.1929212878E+002         5.3758874563E+002         2.2059667596E+000         2.6765772368E+000         
2019-10-31                15:47:28.160              303.32463148              7279.791156               304.32463148              1572536848.160            0                         963                       1.0000000000E+000         1.6000000000E+001         0.0000000000E+000         3.4159464431E+001         4.7562117627E+001         4.6036687105E+002         5.3758874563E+002         2.2059667596E+000         2.6765772368E+000         
2019-10-31                15:48:20.364              303.32523569              7279.805657               304.32523569              1572536900.364            0                         963                       1.0000000000E+000         1.6000000000E+001         0.0000000000E+000         3.4159464431E+001         3.5143422245E+001         4.5374751576E+002         4.7658732922E+002         2.2059667596E+000         2.6765772368E+000         
2019-10-31                15:49:12.561              303.32583983              7279.820156               304.32583983              1572536952.561            0                         963                       1.0000000000E+000         1.6000000000E+001         0.0000000000E+000         3.4159464431E+001         3.5143422245E+001         4.5463400895E+002         4.6973474912E+002         2.2059667596E+000         2.6765772368E+000         
2019-10-31                15:50:04.757              303.32644396              7279.834655               304.32644396              1572537004.758            0                         963                       1.0000000000E+000         1.6000000000E+001         0.0000000000E+000         3.4159464431E+001         3.5143422245E+001         4.5487119222E+002         4.7065247680E+002         2.2059667596E+000         2.6765772368E+000         
2019-10-31                15:50:56.963              303.32704819              7279.849157               304.32704819              1572537056.964            0                         963                       1.0000000000E+000         1.6000000000E+001         0.0000000000E+000         3.4159464431E+001         3.5143422245E+001         4.5506280480E+002         4.7089801693E+002         2.2059667596E+000         2.6765772368E+000         
2019-10-31                15:51:49.171              303.32765245              7279.863659               304.32765245              1572537109.172            0                         963                       1.0000000000E+000         1.6000000000E+001         0.0000000000E+000         3.4159464431E+001         3.5143422245E+001         4.5522845476E+002         4.7109638075E+002         2.2059667596E+000         2.6765772368E+000         
2019-10-31                15:52:41.365              303.32825655              7279.878157               304.32825655              1572537161.366            0                         963                       1.0000000000E+000         1.6000000000E+001         0.0000000000E+000         3.4159464431E+001         3.5143422245E+001         4.5544024912E+002         4.7126786718E+002         2.2059667596E+000         2.6765772368E+000         
2019-10-31                15:53:33.549              303.32886052              7279.892653               304.32886052              1572537213.549            0                         963                       1.0000000000E+000         1.6000000000E+001         0.0000000000E+000         3.4159464431E+001         3.5143422245E+001         4.5565438067E+002         4.7148712385E+002         2.2059667596E+000         2.6765772368E+000         
2019-10-31                15:54:25.749              303.32946469              7279.907153               304.32946469              1572537265.749            0                         963                       1.0000000000E+000         1.6000000000E+001         0.0000000000E+000         3.4159464431E+001         3.5143422245E+001         4.5578523558E+002         4.7170880006E+002         2.2059667596E+000         2.6765772368E+000         
2019-10-31                15:55:17.971              303.33006912              7279.921659               304.33006912              1572537317.972            0                         963                       1.0000000000E+000         1.6000000000E+001         0.0000000000E+000         3.4159464431E+001         3.5143422245E+001         4.5587095164E+002         4.7184426548E+002         2.2059667596E+000         2.6765772368E+000         
2019-10-31                15:56:10.158              303.33067314              7279.936155               304.33067314              1572537370.159            0                         963                       1.0000000000E+000         1.6000000000E+001         0.0000000000E+000         3.4159464431E+001         3.5143422245E+001         4.5597568959E+002         4.7193300164E+002         2.2059667596E+000         2.6765772368E+000         
2019-10-31                15:57:02.392              303.33127770              7279.950665               304.33127770              1572537422.393            0                         963                       1.0000000000E+000         1.6000000000E+001         0.0000000000E+000         3.4159464431E+001         3.5143422245E+001         4.5611161089E+002         4.7204142990E+002         2.2059667596E+000         2.6765772368E+000         
