DATE                      TIME                      FRAC_DAYS_SINCE_JAN1      FRAC_HRS_SINCE_JAN1       JULIAN_DAYS               EPOCH_TIME                ALARM_STATUS              INST_STATUS               species                   MPVPosition               solenoid_valves           CH4                       CH4_dry                   CO2                       CO2_dry                   H2O                       h2o_reported              
2019-08-20                06:22:18.579              230.93215949              5542.371828               231.93215949              1566282138.580            0                         963                       1.0000000000E+000         1.6000000000E+001         0.0000000000E+000         4.1443988149E+001         4.2275510947E+001         4.3069848396E+002         4.4111690367E+002         1.5487824710E+000         1.9137211157E+000         
2019-08-20                06:23:07.678              230.93272777              5542.385466               231.93272777              1566282187.679            0                         963                       1.0000000000E+000         1.3000000000E+001         0.0000000000E+000         4.1443988149E+001         4.2275510947E+001         4.3082829210E+002         4.4126409379E+002         1.5487824710E+000         1.9137211157E+000         
2019-08-20                06:23:56.961              230.93329817              5542.399156               231.93329817              1566282236.962            0                         963                       1.0000000000E+000         1.3000000000E+001         0.0000000000E+000         4.1443988149E+001         4.2275510947E+001         4.3096083977E+002         4.4139708630E+002         1.5487824710E+000         1.9137211157E+000         
2019-08-20                06:24:47.209              230.93387973              5542.413114               231.93387973              1566282287.209            0                         963                       1.0000000000E+000         1.6000000000E+001         0.0000000000E+000         4.1443988149E+001         4.2275510947E+001         4.3109206290E+002         4.4153288554E+002         1.5487824710E+000         1.9137211157E+000         
2019-08-20                06:25:36.336              230.93444834              5542.426760               231.93444834              1566282336.337            0                         963                       1.0000000000E+000         1.4000000000E+001         0.0000000000E+000         4.1443988149E+001         4.2275510947E+001         4.3123768479E+002         4.4166732774E+002         1.5487824710E+000         1.9137211157E+000         
2019-08-20                06:26:25.598              230.93501851              5542.440444               231.93501851              1566282385.599            0                         963                       1.0000000000E+000         1.4000000000E+001         0.0000000000E+000         4.1443988149E+001         4.2275510947E+001         4.3141606065E+002         4.4181652193E+002         1.5487824710E+000         1.9137211157E+000         
2019-08-20                06:27:15.796              230.93559949              5542.454388               231.93559949              1566282435.796            0                         963                       1.0000000000E+000         1.6000000000E+001         0.0000000000E+000         4.1443988149E+001         4.2275510947E+001         4.3153901508E+002         4.4199927359E+002         1.5487824710E+000         1.9137211157E+000         
2019-08-20                06:28:06.003              230.93618060              5542.468334               231.93618060              1566282486.004            0                         963                       1.0000000000E+000         1.5000000000E+001         0.0000000000E+000         4.1443988149E+001         4.2275510947E+001         4.3164923668E+002         4.4212524426E+002         1.5487824710E+000         1.9137211157E+000         
2019-08-20                06:28:55.118              230.93674905              5542.481977               231.93674905              1566282535.118            0                         963                       1.0000000000E+000         1.5000000000E+001         0.0000000000E+000         4.1443988149E+001         4.2275510947E+001         4.3176509522E+002         4.4223816974E+002         1.5487824710E+000         1.9137211157E+000         
2019-08-20                06:29:44.348              230.93731885              5542.495652               231.93731885              1566282584.349            0                         963                       1.0000000000E+000         1.6000000000E+001         0.0000000000E+000         4.1443988149E+001         4.2275510947E+001         4.3187154771E+002         4.4235687044E+002         1.5487824710E+000         1.9137211157E+000         
2019-08-20                06:30:35.539              230.93791133              5542.509872               231.93791133              1566282635.539            0                         963                       1.0000000000E+000         1.6000000000E+001         0.0000000000E+000         4.1443988149E+001         4.2275510947E+001         4.3197344682E+002         4.4246593435E+002         1.5487824710E+000         1.9137211157E+000         
2019-08-20                06:31:26.726              230.93850377              5542.524091               231.93850377              1566282686.726            0                         963                       1.0000000000E+000         1.6000000000E+001         0.0000000000E+000         4.1443988149E+001         4.2275510947E+001         4.3208237403E+002         4.4257033319E+002         1.5487824710E+000         1.9137211157E+000         
2019-08-20                06:32:15.964              230.93907367              5542.537768               231.93907367              1566282735.965            0                         963                       1.0000000000E+000         1.6000000000E+001         0.0000000000E+000         4.1443988149E+001         4.2275510947E+001         4.3216590612E+002         4.4268193253E+002         1.5487824710E+000         1.9137211157E+000         
2019-08-20                06:33:06.068              230.93965356              5542.551686               231.93965356              1566282786.068            0                         963                       1.0000000000E+000         1.6000000000E+001         0.0000000000E+000         4.1443988149E+001         4.2275510947E+001         4.3222088548E+002         4.4276751377E+002         1.5487824710E+000         1.9137211157E+000         
2019-08-20                06:33:09.601              230.93969447              5542.552667               231.93969447              1566282789.602            0                         963                       3.0000000000E+000         1.6000000000E+001         0.0000000000E+000         4.1443988149E+001         4.2219428033E+001         4.3222088548E+002         4.4210815123E+002         1.3439945141E+000         1.6704664664E+000         
2019-08-20                06:33:43.538              230.94008725              5542.562094               231.94008725              1566282823.538            0                         963                       1.0000000000E+000         1.6000000000E+001         0.0000000000E+000         4.1443988149E+001         4.2219428033E+001         4.3227607085E+002         4.4210815123E+002         1.3439945141E+000         1.6704664664E+000         
2019-08-20                06:34:34.719              230.94067962              5542.576311               231.94067962              1566282874.719            0                         963                       1.0000000000E+000         1.6000000000E+001         0.0000000000E+000         4.1443988149E+001         4.2163797424E+001         4.3234163299E+002         4.4145469360E+002         1.3439945141E+000         1.6704664664E+000         
2019-08-20                06:35:23.970              230.94124965              5542.589992               231.94124965              1566282923.970            0                         963                       1.0000000000E+000         1.6000000000E+001         0.0000000000E+000         4.1443988149E+001         4.2163797424E+001         4.3246393761E+002         4.4152164783E+002         1.3439945141E+000         1.6704664664E+000         
2019-08-20                06:36:14.042              230.94182920              5542.603901               231.94182920              1566282974.043            0                         963                       1.0000000000E+000         1.6000000000E+001         0.0000000000E+000         4.1443988149E+001         4.2163797424E+001         4.3254742107E+002         4.4164654938E+002         1.3439945141E+000         1.6704664664E+000         
2019-08-20                06:37:04.237              230.94241016              5542.617844               231.94241016              1566283024.238            0                         963                       1.0000000000E+000         1.6000000000E+001         0.0000000000E+000         4.1443988149E+001         4.2163797424E+001         4.3262152242E+002         4.4173180546E+002         1.3439945141E+000         1.6704664664E+000         
2019-08-20                06:37:54.464              230.94299149              5542.631796               231.94299149              1566283074.465            0                         963                       1.0000000000E+000         1.6000000000E+001         0.0000000000E+000         4.1443988149E+001         4.2163797424E+001         4.3276049632E+002         4.4180748022E+002         1.3439945141E+000         1.6704664664E+000         
2019-08-20                06:38:44.661              230.94357247              5542.645739               231.94357247              1566283124.661            0                         963                       1.0000000000E+000         1.6000000000E+001         0.0000000000E+000         4.1443988149E+001         4.2163797424E+001         4.3286046708E+002         4.4194940498E+002         1.3439945141E+000         1.6704664664E+000         
2019-08-20                06:39:33.767              230.94414083              5542.659380               231.94414083              1566283173.768            0                         963                       1.0000000000E+000         1.6000000000E+001         0.0000000000E+000         4.1443988149E+001         4.2163797424E+001         4.3293999774E+002         4.4205149845E+002         1.3439945141E+000         1.6704664664E+000         
2019-08-20                06:40:24.974              230.94473351              5542.673604               231.94473351              1566283224.975            0                         963                       1.0000000000E+000         1.0000000000E+000         0.0000000000E+000         4.1443988149E+001         4.2163797424E+001         7.4386976054E+002         4.4213271780E+002         1.3439945141E+000         1.6704664664E+000         
2019-08-20                06:41:16.180              230.94532616              5542.687828               231.94532616              1566283276.180            0                         963                       1.0000000000E+000         1.0000000000E+000         0.0000000000E+000         4.1443988149E+001         4.2163797424E+001         8.5526100386E+002         7.5966452774E+002         1.3439945141E+000         1.6704664664E+000         
2019-08-20                06:42:05.289              230.94589455              5542.701469               231.94589455              1566283325.289            0                         963                       1.0000000000E+000         1.6000000000E+001         0.0000000000E+000         4.1443988149E+001         4.2163797424E+001         5.7185990346E+002         8.7342096836E+002         1.3439945141E+000         1.6704664664E+000         
2019-08-20                06:42:54.565              230.94646488              5542.715157               231.94646488              1566283374.566            0                         963                       1.0000000000E+000         2.0000000000E+000         0.0000000000E+000         4.1443988149E+001         4.2163797424E+001         1.0648432635E+003         5.8400234361E+002         1.3439945141E+000         1.6704664664E+000         
2019-08-20                06:43:44.839              230.94704676              5542.729122               231.94704676              1566283424.840            0                         963                       1.0000000000E+000         2.0000000000E+000         0.0000000000E+000         4.1443988149E+001         4.2163797424E+001         1.1840014067E+003         1.0874533390E+003         1.3439945141E+000         1.6704664664E+000         
2019-08-20                06:44:35.086              230.94762832              5542.743080               231.94762832              1566283475.087            0                         963                       1.0000000000E+000         1.6000000000E+001         0.0000000000E+000         4.1443988149E+001         4.2163797424E+001         6.1391285878E+002         1.2091415960E+003         1.3439945141E+000         1.6704664664E+000         
2019-08-20                06:45:23.451              230.94818810              5542.756514               231.94818810              1566283523.452            0                         963                       1.0000000000E+000         3.0000000000E+000         0.0000000000E+000         4.1443988149E+001         4.2163797424E+001         9.7259668248E+002         6.2694821953E+002         1.3439945141E+000         1.6704664664E+000         
2019-08-20                06:46:10.749              230.94873552              5542.769653               231.94873552              1566283570.749            0                         963                       1.0000000000E+000         3.0000000000E+000         0.0000000000E+000         4.1443988149E+001         4.2163797424E+001         1.0688798034E+003         9.9324806393E+002         1.3439945141E+000         1.6704664664E+000         
2019-08-20                06:47:01.928              230.94932788              5542.783869               231.94932788              1566283621.929            0                         963                       1.0000000000E+000         1.6000000000E+001         0.0000000000E+000         4.1443988149E+001         4.2163797424E+001         6.1628670331E+002         1.0915755877E+003         1.3439945141E+000         1.6704664664E+000         
2019-08-20                06:47:53.115              230.94992031              5542.798088               231.94992031              1566283673.115            0                         963                       1.0000000000E+000         4.0000000000E+000         0.0000000000E+000         4.1443988149E+001         4.2163797424E+001         8.7657616831E+002         6.2937246848E+002         1.3439945141E+000         1.6704664664E+000         
2019-08-20                06:48:43.221              230.95050025              5542.812006               231.95050025              1566283723.222            0                         963                       1.0000000000E+000         4.0000000000E+000         0.0000000000E+000         4.1443988149E+001         4.2163797424E+001         9.0024539833E+002         8.9518872288E+002         1.3439945141E+000         1.6704664664E+000         
2019-08-20                06:49:32.311              230.95106841              5542.825642               231.95106841              1566283772.311            0                         963                       1.0000000000E+000         1.6000000000E+001         0.0000000000E+000         4.1443988149E+001         4.2163797424E+001         5.5318846351E+002         9.1936052740E+002         1.3439945141E+000         1.6704664664E+000         
2019-08-20                06:50:23.505              230.95166094              5542.839863               231.95166094              1566283823.505            0                         963                       1.0000000000E+000         5.0000000000E+000         0.0000000000E+000         4.1443988149E+001         4.2163797424E+001         9.5937070473E+002         5.6493444844E+002         1.3439945141E+000         1.6704664664E+000         
2019-08-20                06:51:12.736              230.95223074              5542.853538               231.95223074              1566283872.736            0                         963                       1.0000000000E+000         5.0000000000E+000         0.0000000000E+000         4.1443988149E+001         4.2163797424E+001         1.0473381283E+003         9.7974125578E+002         1.3439945141E+000         1.6704664664E+000         
2019-08-20                06:52:01.983              230.95280073              5542.867218               231.95280073              1566283921.983            0                         963                       1.0000000000E+000         1.6000000000E+001         0.0000000000E+000         4.1443988149E+001         4.2163797424E+001         6.5089610775E+002         1.0695765130E+003         1.3439945141E+000         1.6704664664E+000         
2019-08-20                06:52:52.186              230.95338178              5542.881163               231.95338178              1566283972.186            0                         963                       1.0000000000E+000         6.0000000000E+000         0.0000000000E+000         4.1443988149E+001         4.2163797424E+001         9.4555862652E+002         6.6471674280E+002         1.3439945141E+000         1.6704664664E+000         
2019-08-20                06:53:42.476              230.95396384              5542.895132               231.95396384              1566284022.476            0                         963                       1.0000000000E+000         6.0000000000E+000         0.0000000000E+000         4.1443988149E+001         4.2163797424E+001         9.6246435686E+002         9.6563590236E+002         1.3439945141E+000         1.6704664664E+000         
2019-08-20                06:54:31.703              230.95453360              5542.908806               231.95453360              1566284071.703            0                         963                       1.0000000000E+000         1.6000000000E+001         0.0000000000E+000         4.1443988149E+001         4.2163797424E+001         5.9403281082E+002         9.8290059618E+002         1.3439945141E+000         1.6704664664E+000         
2019-08-20                06:55:01.250              230.95487558              5542.917014               231.95487558              1566284101.250            0                         963                       2.0000000000E+000         1.1395348837E+001         0.0000000000E+000         4.9953432932E+001         4.2163797424E+001         5.9403281082E+002         6.0664605368E+002         1.3439945141E+000         1.6704664664E+000         
2019-08-20                06:55:21.028              230.95510449              5542.922508               231.95510449              1566284121.028            0                         963                       1.0000000000E+000         7.0000000000E+000         0.0000000000E+000         4.9953432932E+001         4.2163797424E+001         7.7087593997E+002         6.0664605368E+002         1.3439945141E+000         1.6704664664E+000         
2019-08-20                06:56:10.193              230.95567353              5542.936165               231.95567353              1566284170.193            0                         963                       1.0000000000E+000         7.0000000000E+000         0.0000000000E+000         4.9953432932E+001         5.0821036316E+001         8.3720083168E+002         7.8724413593E+002         1.3439945141E+000         1.6704664664E+000         
2019-08-20                06:57:00.388              230.95625450              5542.950108               231.95625450              1566284220.389            0                         963                       1.0000000000E+000         1.6000000000E+001         0.0000000000E+000         4.9953432932E+001         5.0821036316E+001         5.3887439290E+002         8.5497732016E+002         1.3439945141E+000         1.6704664664E+000         
2019-08-20                06:57:50.664              230.95683640              5542.964074               231.95683640              1566284270.665            0                         963                       1.0000000000E+000         8.0000000000E+000         0.0000000000E+000         4.9953432932E+001         5.0821036316E+001         8.8285948647E+002         5.5031644369E+002         1.3439945141E+000         1.6704664664E+000         
2019-08-20                06:58:38.832              230.95739389              5542.977453               231.95739389              1566284318.832            0                         963                       1.0000000000E+000         8.0000000000E+000         0.0000000000E+000         4.9953432932E+001         5.0821036316E+001         1.0150238276E+003         9.0160545625E+002         1.3439945141E+000         1.6704664664E+000         
2019-08-20                06:59:27.957              230.95796248              5542.991099               231.95796248              1566284367.958            0                         963                       1.0000000000E+000         1.1580110497E+001         0.0000000000E+000         4.9953432932E+001         5.0821036316E+001         6.9056440881E+002         1.0365760749E+003         1.3439945141E+000         1.6704664664E+000         
2019-08-20                07:00:19.125              230.95855470              5543.005313               231.95855470              1566284419.126            0                         963                       1.0000000000E+000         9.0000000000E+000         0.0000000000E+000         4.9953432932E+001         5.0821036316E+001         5.2117434850E+002         7.0522733053E+002         1.3439945141E+000         1.6704664664E+000         
2019-08-20                07:01:10.303              230.95914704              5543.019529               231.95914704              1566284470.304            0                         963                       1.0000000000E+000         9.0000000000E+000         0.0000000000E+000         4.9953432932E+001         5.0821036316E+001         4.3570980500E+002         5.3224056996E+002         1.3439945141E+000         1.6704664664E+000         
2019-08-20                07:01:59.529              230.95971678              5543.033203               231.95971678              1566284519.530            0                         963                       1.0000000000E+000         1.6000000000E+001         0.0000000000E+000         4.9953432932E+001         5.0821036316E+001         4.3587067068E+002         4.4496133705E+002         1.3439945141E+000         1.6704664664E+000         
2019-08-20                07:02:48.759              230.96028657              5543.046878               231.96028657              1566284568.760            0                         963                       1.0000000000E+000         1.0000000000E+001         0.0000000000E+000         4.9953432932E+001         5.0821036316E+001         4.3606618509E+002         4.4512561844E+002         1.3439945141E+000         1.6704664664E+000         
2019-08-20                07:03:39.956              230.96087912              5543.061099               231.96087912              1566284619.956            0                         963                       1.0000000000E+000         1.0000000000E+001         0.0000000000E+000         4.9953432932E+001         5.0821036316E+001         4.3624734820E+002         4.4532528425E+002         1.3439945141E+000         1.6704664664E+000         
2019-08-20                07:04:31.135              230.96147148              5543.075316               231.96147148              1566284671.136            0                         963                       1.0000000000E+000         1.6000000000E+001         0.0000000000E+000         4.9953432932E+001         5.0821036316E+001         4.3475018463E+002         4.4551029404E+002         1.3439945141E+000         1.6704664664E+000         
2019-08-20                07:05:21.252              230.96205153              5543.089237               231.96205153              1566284721.252            0                         963                       1.0000000000E+000         1.1000000000E+001         0.0000000000E+000         4.9953432932E+001         5.0821036316E+001         4.3487634577E+002         4.4398134084E+002         1.3439945141E+000         1.6704664664E+000         
2019-08-20                07:06:11.463              230.96263269              5543.103184               231.96263269              1566284771.464            0                         963                       1.0000000000E+000         1.1000000000E+001         0.0000000000E+000         4.9953432932E+001         5.0821036316E+001         4.3667161552E+002         4.4411018079E+002         1.3439945141E+000         1.6704664664E+000         
2019-08-20                07:07:01.697              230.96321409              5543.117138               231.96321409              1566284821.697            0                         963                       1.0000000000E+000         1.6000000000E+001         0.0000000000E+000         4.9953432932E+001         5.0821036316E+001         4.3615796636E+002         4.4594356993E+002         1.3439945141E+000         1.6704664664E+000         
2019-08-20                07:07:52.878              230.96380646              5543.131355               231.96380646              1566284872.878            0                         963                       1.0000000000E+000         1.2000000000E+001         0.0000000000E+000         4.9953432932E+001         5.0821036316E+001         4.3629929651E+002         4.4541901433E+002         1.3439945141E+000         1.6704664664E+000         
2019-08-20                07:08:42.134              230.96437655              5543.145037               231.96437655              1566284922.134            0                         963                       1.0000000000E+000         1.2000000000E+001         0.0000000000E+000         4.9953432932E+001         5.0821036316E+001         4.3706569851E+002         4.4556334538E+002         1.3439945141E+000         1.6704664664E+000         
2019-08-20                07:09:31.368              230.96494640              5543.158714               231.96494640              1566284971.369            0                         963                       1.0000000000E+000         1.6000000000E+001         0.0000000000E+000         4.9953432932E+001         5.0821036316E+001         4.3676504466E+002         4.4634602058E+002         1.3439945141E+000         1.6704664664E+000         
2019-08-20                07:10:21.573              230.96552748              5543.172659               231.96552748              1566285021.574            0                         963                       1.0000000000E+000         1.3000000000E+001         0.0000000000E+000         4.9953432932E+001         5.0821036316E+001         4.3687943450E+002         4.4603898288E+002         1.3439945141E+000         1.6704664664E+000         
2019-08-20                07:11:12.819              230.96612059              5543.186894               231.96612059              1566285072.819            0                         963                       1.0000000000E+000         1.3000000000E+001         0.0000000000E+000         4.9953432932E+001         5.0821036316E+001         4.3736706726E+002         4.4615580158E+002         1.3439945141E+000         1.6704664664E+000         
2019-08-20                07:12:01.964              230.96668941              5543.200546               231.96668941              1566285121.965            0                         963                       1.0000000000E+000         1.6000000000E+001         0.0000000000E+000         4.9953432932E+001         5.0821036316E+001         4.3739684560E+002         4.4665378837E+002         1.3439945141E+000         1.6704664664E+000         
2019-08-20                07:12:52.036              230.96726894              5543.214454               231.96726894              1566285172.036            0                         963                       1.0000000000E+000         1.4000000000E+001         0.0000000000E+000         4.9953432932E+001         5.0821036316E+001         4.3748519633E+002         4.4668419900E+002         1.3439945141E+000         1.6704664664E+000         
2019-08-20                07:13:42.249              230.96785010              5543.228403               231.96785010              1566285222.249            0                         963                       1.0000000000E+000         1.4000000000E+001         0.0000000000E+000         4.9953432932E+001         5.0821036316E+001         4.3765928915E+002         4.4677442570E+002         1.3439945141E+000         1.6704664664E+000         
2019-08-20                07:14:32.437              230.96843100              5543.242344               231.96843100              1566285272.438            0                         963                       1.0000000000E+000         1.6000000000E+001         0.0000000000E+000         4.9953432932E+001         5.0821036316E+001         4.3779704504E+002         4.4695221508E+002         1.3439945141E+000         1.6704664664E+000         
2019-08-20                07:15:21.555              230.96899948              5543.255988               231.96899948              1566285321.555            0                         963                       1.0000000000E+000         1.5000000000E+001         0.0000000000E+000         4.9953432932E+001         5.0821036316E+001         4.3792851860E+002         4.4709289597E+002         1.3439945141E+000         1.6704664664E+000         
2019-08-20                07:16:11.644              230.96957922              5543.269901               231.96957922              1566285371.645            0                         963                       1.0000000000E+000         1.5000000000E+001         0.0000000000E+000         4.9953432932E+001         5.0821036316E+001         4.3811217385E+002         4.4722716114E+002         1.3439945141E+000         1.6704664664E+000         
2019-08-20                07:17:01.842              230.97016021              5543.283845               231.97016021              1566285421.842            0                         963                       1.0000000000E+000         1.6000000000E+001         0.0000000000E+000         4.9953432932E+001         5.0821036316E+001         4.3829534400E+002         4.4741471599E+002         1.3439945141E+000         1.6704664664E+000         
2019-08-20                07:17:52.016              230.97074094              5543.297782               231.97074094              1566285472.017            0                         963                       1.0000000000E+000         1.6000000000E+001         0.0000000000E+000         4.9953432932E+001         5.0821036316E+001         4.3845400675E+002         4.4760177543E+002         1.3439945141E+000         1.6704664664E+000         
2019-08-20                07:18:41.131              230.97130939              5543.311425               231.97130939              1566285521.131            0                         963                       1.0000000000E+000         1.6000000000E+001         0.0000000000E+000         4.9953432932E+001         5.0821036316E+001         4.3860232854E+002         4.4776380711E+002         1.3439945141E+000         1.6704664664E+000         
2019-08-20                07:19:30.390              230.97187951              5543.325108               231.97187951              1566285570.390            0                         963                       1.0000000000E+000         1.6000000000E+001         0.0000000000E+000         4.9953432932E+001         5.0821036316E+001         4.3876783571E+002         4.4791527825E+002         1.3439945141E+000         1.6704664664E+000         
2019-08-20                07:20:21.578              230.97247197              5543.339327               231.97247197              1566285621.578            0                         963                       1.0000000000E+000         1.6000000000E+001         0.0000000000E+000         4.9953432932E+001         5.0821036316E+001         4.3893267280E+002         4.4808429968E+002         1.3439945141E+000         1.6704664664E+000         
2019-08-20                07:21:12.753              230.97306428              5543.353543               231.97306428              1566285672.754            0                         963                       1.0000000000E+000         1.6000000000E+001         0.0000000000E+000         4.9953432932E+001         5.0821036316E+001         4.3904615749E+002         4.4825263678E+002         1.3439945141E+000         1.6704664664E+000         
2019-08-20                07:22:02.841              230.97364399              5543.367456               231.97364399              1566285722.841            0                         963                       1.0000000000E+000         1.6000000000E+001         0.0000000000E+000         4.9953432932E+001         5.0821036316E+001         4.3914410556E+002         4.4836853112E+002         1.3439945141E+000         1.6704664664E+000         
2019-08-20                07:22:51.933              230.97421219              5543.381093               231.97421219              1566285771.933            0                         963                       1.0000000000E+000         1.6000000000E+001         0.0000000000E+000         4.9953432932E+001         5.0821036316E+001         4.3928285893E+002         4.4846855895E+002         1.3439945141E+000         1.6704664664E+000         
