DATE                      TIME                      FRAC_DAYS_SINCE_JAN1      FRAC_HRS_SINCE_JAN1       JULIAN_DAYS               EPOCH_TIME                ALARM_STATUS              INST_STATUS               species                   MPVPosition               solenoid_valves           CH4                       CH4_dry                   CO2                       CO2_dry                   H2O                       h2o_reported              
2019-05-13                17:21:43.816              132.39009047              3177.362171               133.39009047              1557768103.817            0                         963                       1.0000000000E+000         0.0000000000E+000         0.0000000000E+000         4.5593835299E+001         4.6120650566E+001         4.2857304292E+002         4.3467301232E+002         8.9885614038E-001         1.1319673366E+000         
2019-05-13                17:22:34.025              132.39067159              3177.376118               133.39067159              1557768154.025            0                         963                       1.0000000000E+000         0.0000000000E+000         0.0000000000E+000         4.5593835299E+001         4.6120650566E+001         4.2850011774E+002         4.3462574582E+002         8.9885614038E-001         1.1319673366E+000         
2019-05-13                17:23:23.260              132.39124145              3177.389795               133.39124145              1557768203.261            0                         963                       1.0000000000E+000         0.0000000000E+000         0.0000000000E+000         4.5593835299E+001         4.6120650566E+001         4.2841057462E+002         4.3455179073E+002         8.9885614038E-001         1.1319673366E+000         
2019-05-13                17:24:14.457              132.39183399              3177.404016               133.39183399              1557768254.457            0                         963                       1.0000000000E+000         0.0000000000E+000         0.0000000000E+000         4.5593835299E+001         4.6120650566E+001         4.2832550789E+002         4.3446098299E+002         8.9885614038E-001         1.1319673366E+000         
2019-05-13                17:25:05.658              132.39242661              3177.418239               133.39242661              1557768305.659            0                         963                       1.0000000000E+000         0.0000000000E+000         0.0000000000E+000         4.5593835299E+001         4.6120650566E+001         4.2824268205E+002         4.3437471487E+002         8.9885614038E-001         1.1319673366E+000         
2019-05-13                17:25:54.944              132.39299705              3177.431929               133.39299705              1557768354.945            0                         963                       1.0000000000E+000         0.0000000000E+000         0.0000000000E+000         4.5593835299E+001         4.6120650566E+001         4.2816157054E+002         4.3429071929E+002         8.9885614038E-001         1.1319673366E+000         
2019-05-13                17:26:24.509              132.39333924              3177.440142               133.39333924              1557768384.510            0                         963                       2.0000000000E+000         0.0000000000E+000         0.0000000000E+000         5.0395383398E+002         4.6120650566E+001         4.2816157054E+002         4.3420846225E+002         8.9885614038E-001         1.1319673366E+000         
2019-05-13                17:26:44.247              132.39356769              3177.445624               133.39356769              1557768404.248            0                         963                       1.0000000000E+000         0.0000000000E+000         0.0000000000E+000         5.0395383398E+002         4.6120650566E+001         4.2812907882E+002         4.3420846225E+002         8.9885614038E-001         1.1319673366E+000         
2019-05-13                17:27:34.480              132.39414907              3177.459578               133.39414907              1557768454.480            0                         963                       1.0000000000E+000         0.0000000000E+000         0.0000000000E+000         5.0395383398E+002         5.0977678289E+002         4.2813163608E+002         4.3417551165E+002         8.9885614038E-001         1.1319673366E+000         
2019-05-13                17:28:24.697              132.39473030              3177.473527               133.39473030              1557768504.698            0                         963                       1.0000000000E+000         0.0000000000E+000         0.0000000000E+000         5.0395383398E+002         5.0977678289E+002         4.2818350414E+002         4.3417810503E+002         8.9885614038E-001         1.1319673366E+000         
2019-05-13                17:28:50.930              132.39503391              3177.480814               133.39503391              1557768530.930            0                         963                       2.0000000000E+000         0.0000000000E+000         0.0000000000E+000         4.4672028577E+001         5.0977678289E+002         4.2818350414E+002         4.3423070561E+002         8.9885614038E-001         1.1319673366E+000         
2019-05-13                17:29:11.052              132.39526681              3177.486403               133.39526681              1557768551.052            0                         963                       1.0000000000E+000         0.0000000000E+000         0.0000000000E+000         4.4672028577E+001         5.0977678289E+002         4.2822614285E+002         4.3423070561E+002         8.9885614038E-001         1.1319673366E+000         
2019-05-13                17:30:02.256              132.39585944              3177.500627               133.39585944              1557768602.256            0                         963                       1.0000000000E+000         0.0000000000E+000         0.0000000000E+000         4.4672028577E+001         4.5188192803E+001         4.2824586610E+002         4.3427394651E+002         8.9885614038E-001         1.1319673366E+000         
2019-05-13                17:30:52.479              132.39644073              3177.514578               133.39644073              1557768652.479            0                         963                       1.0000000000E+000         0.0000000000E+000         0.0000000000E+000         4.4672028577E+001         4.5188192803E+001         4.2828209447E+002         4.3429394831E+002         8.9885614038E-001         1.1319673366E+000         
2019-05-13                17:31:42.776              132.39702287              3177.528549               133.39702287              1557768702.776            0                         963                       1.0000000000E+000         0.0000000000E+000         0.0000000000E+000         4.4672028577E+001         4.5188192803E+001         4.2832880141E+002         4.3433068832E+002         8.9885614038E-001         1.1319673366E+000         
2019-05-13                17:32:33.994              132.39761568              3177.542776               133.39761568              1557768753.995            0                         963                       1.0000000000E+000         0.0000000000E+000         0.0000000000E+000         4.4672028577E+001         4.5188192803E+001         4.2849162005E+002         4.3437805490E+002         8.9885614038E-001         1.1319673366E+000         
2019-05-13                17:33:24.226              132.39819707              3177.556730               133.39819707              1557768804.227            0                         963                       1.0000000000E+000         0.0000000000E+000         0.0000000000E+000         4.4672028577E+001         4.5188192803E+001         4.2890504402E+002         4.3454317302E+002         8.9885614038E-001         1.1319673366E+000         
2019-05-13                17:34:14.563              132.39877968              3177.570712               133.39877968              1557768854.564            0                         963                       1.0000000000E+000         0.0000000000E+000         0.0000000000E+000         4.4672028577E+001         4.5188192803E+001         4.2955734280E+002         4.3496243575E+002         8.9885614038E-001         1.1319673366E+000         
2019-05-13                17:35:04.796              132.39936108              3177.584666               133.39936108              1557768904.797            0                         963                       1.0000000000E+000         0.0000000000E+000         0.0000000000E+000         4.4672028577E+001         4.5188192803E+001         4.3017764804E+002         4.3562394689E+002         8.9885614038E-001         1.1319673366E+000         
2019-05-13                17:35:53.992              132.39993046              3177.598331               133.39993046              1557768953.992            0                         963                       1.0000000000E+000         0.0000000000E+000         0.0000000000E+000         4.4672028577E+001         4.5188192803E+001         4.3055041888E+002         4.3625301265E+002         8.9885614038E-001         1.1319673366E+000         
2019-05-13                17:36:45.223              132.40052341              3177.612562               133.40052341              1557769005.223            0                         963                       1.0000000000E+000         0.0000000000E+000         0.0000000000E+000         4.4672028577E+001         4.5188192803E+001         4.3083199304E+002         4.3663104811E+002         8.9885614038E-001         1.1319673366E+000         
2019-05-13                17:37:35.496              132.40110528              3177.626527               133.40110528              1557769055.496            0                         963                       1.0000000000E+000         0.0000000000E+000         0.0000000000E+000         4.4672028577E+001         4.5188192803E+001         4.3105696487E+002         4.3691659891E+002         8.9885614038E-001         1.1319673366E+000         
2019-05-13                17:38:24.743              132.40167527              3177.640206               133.40167527              1557769104.743            0                         963                       1.0000000000E+000         0.0000000000E+000         0.0000000000E+000         4.4672028577E+001         4.5188192803E+001         4.3121195549E+002         4.3714474800E+002         8.9885614038E-001         1.1319673366E+000         
2019-05-13                17:39:13.990              132.40224525              3177.653886               133.40224525              1557769153.990            0                         963                       1.0000000000E+000         0.0000000000E+000         0.0000000000E+000         4.4672028577E+001         4.5188192803E+001         4.3136989132E+002         4.3730192754E+002         8.9885614038E-001         1.1319673366E+000         
2019-05-13                17:39:43.522              132.40258706              3177.662089               133.40258706              1557769183.522            0                         963                       2.0000000000E+000         0.0000000000E+000         0.0000000000E+000         5.0760919220E+002         4.5188192803E+001         4.3136989132E+002         4.3746209388E+002         8.9885614038E-001         1.1319673366E+000         
2019-05-13                17:40:03.263              132.40281556              3177.667573               133.40281556              1557769203.264            0                         963                       1.0000000000E+000         0.0000000000E+000         0.0000000000E+000         5.0760919220E+002         4.5188192803E+001         4.3162527225E+002         4.3746209388E+002         8.9885614038E-001         1.1319673366E+000         
2019-05-13                17:40:53.487              132.40339685              3177.681524               133.40339685              1557769253.488            0                         963                       1.0000000000E+000         0.0000000000E+000         0.0000000000E+000         5.0760919220E+002         5.1347437706E+002         4.3199008083E+002         4.3772108154E+002         8.9885614038E-001         1.1319673366E+000         
2019-05-13                17:41:43.700              132.40397801              3177.695472               133.40397801              1557769303.700            0                         963                       1.0000000000E+000         0.0000000000E+000         0.0000000000E+000         5.0760919220E+002         5.1347437706E+002         4.3240328229E+002         4.3809104228E+002         8.9885614038E-001         1.1319673366E+000         
2019-05-13                17:42:32.023              132.40453730              3177.708895               133.40453730              1557769352.023            0                         963                       1.0000000000E+000         0.0000000000E+000         0.0000000000E+000         5.0760919220E+002         5.1347437706E+002         4.3268281241E+002         4.3851007935E+002         8.9885614038E-001         1.1319673366E+000         
2019-05-13                17:43:21.203              132.40510653              3177.722557               133.40510653              1557769401.204            0                         963                       1.0000000000E+000         0.0000000000E+000         0.0000000000E+000         5.0760919220E+002         5.1347437706E+002         4.3287671999E+002         4.3879355726E+002         8.9885614038E-001         1.1319673366E+000         
2019-05-13                17:44:11.443              132.40568800              3177.736512               133.40568800              1557769451.443            0                         963                       1.0000000000E+000         0.0000000000E+000         0.0000000000E+000         5.0760919220E+002         5.1347437706E+002         4.3307982745E+002         4.3899020338E+002         8.9885614038E-001         1.1319673366E+000         
2019-05-13                17:45:01.653              132.40626913              3177.750459               133.40626913              1557769501.653            0                         963                       1.0000000000E+000         0.0000000000E+000         0.0000000000E+000         5.0760919220E+002         5.1347437706E+002         4.3329937053E+002         4.3919617931E+002         8.9885614038E-001         1.1319673366E+000         
2019-05-13                17:45:50.875              132.40683883              3177.764132               133.40683883              1557769550.875            0                         963                       1.0000000000E+000         0.0000000000E+000         0.0000000000E+000         5.0760919220E+002         5.1347437706E+002         4.3356297260E+002         4.3941882297E+002         8.9885614038E-001         1.1319673366E+000         
2019-05-13                17:46:40.108              132.40740866              3177.777808               133.40740866              1557769600.108            0                         963                       1.0000000000E+000         0.0000000000E+000         0.0000000000E+000         5.0760919220E+002         5.1347437706E+002         4.3399775121E+002         4.3968614788E+002         8.9885614038E-001         1.1319673366E+000         
2019-05-13                17:47:30.336              132.40799001              3177.791760               133.40799001              1557769650.337            0                         963                       1.0000000000E+000         0.0000000000E+000         0.0000000000E+000         5.0760919220E+002         5.1347437706E+002         4.3466936665E+002         4.4012706683E+002         8.9885614038E-001         1.1319673366E+000         
2019-05-13                17:48:20.569              132.40857141              3177.805714               133.40857141              1557769700.570            0                         963                       1.0000000000E+000         0.0000000000E+000         0.0000000000E+000         5.0760919220E+002         5.1347437706E+002         4.3529752365E+002         4.4080816745E+002         8.9885614038E-001         1.1319673366E+000         
2019-05-13                17:49:09.730              132.40914041              3177.819370               133.40914041              1557769749.731            0                         963                       1.0000000000E+000         0.0000000000E+000         0.0000000000E+000         5.0760919220E+002         5.1347437706E+002         4.3566993205E+002         4.4144519585E+002         8.9885614038E-001         1.1319673366E+000         
2019-05-13                17:50:00.150              132.40972396              3177.833375               133.40972396              1557769800.150            0                         963                       1.0000000000E+000         0.0000000000E+000         0.0000000000E+000         5.0760919220E+002         5.1347437706E+002         4.3590586899E+002         4.4182286375E+002         8.9885614038E-001         1.1319673366E+000         
2019-05-13                17:50:50.426              132.41030586              3177.847341               133.41030586              1557769850.426            0                         963                       1.0000000000E+000         0.0000000000E+000         0.0000000000E+000         5.0760919220E+002         5.1347437706E+002         4.3609939546E+002         4.4206213281E+002         8.9885614038E-001         1.1319673366E+000         
2019-05-13                17:51:41.657              132.41089881              3177.861571               133.41089881              1557769901.657            0                         963                       1.0000000000E+000         0.0000000000E+000         0.0000000000E+000         5.0760919220E+002         5.1347437706E+002         4.3625460833E+002         4.4225839244E+002         8.9885614038E-001         1.1319673366E+000         
2019-05-13                17:52:30.888              132.41146862              3177.875247               133.41146862              1557769950.889            0                         963                       1.0000000000E+000         0.0000000000E+000         0.0000000000E+000         5.0760919220E+002         5.1347437706E+002         4.3635885728E+002         4.4241579737E+002         8.9885614038E-001         1.1319673366E+000         
2019-05-13                17:52:58.361              132.41178660              3177.882878               133.41178660              1557769978.362            0                         963                       2.0000000000E+000         0.0000000000E+000         0.0000000000E+000         5.0227214223E+002         5.1347437706E+002         4.3635885728E+002         4.4252151861E+002         8.9885614038E-001         1.1319673366E+000         
2019-05-13                17:53:18.262              132.41201692              3177.888406               133.41201692              1557769998.262            0                         963                       1.0000000000E+000         0.0000000000E+000         0.0000000000E+000         5.0227214223E+002         5.1347437706E+002         4.3650849501E+002         4.4252151861E+002         8.9885614038E-001         1.1319673366E+000         
2019-05-13                17:54:08.523              132.41259866              3177.902368               133.41259866              1557770048.524            0                         963                       1.0000000000E+000         0.0000000000E+000         0.0000000000E+000         5.0227214223E+002         5.0807565999E+002         4.3668020263E+002         4.4267326967E+002         8.9885614038E-001         1.1319673366E+000         
2019-05-13                17:54:58.740              132.41317987              3177.916317               133.41317987              1557770098.741            0                         963                       1.0000000000E+000         0.0000000000E+000         0.0000000000E+000         5.0227214223E+002         5.0807565999E+002         4.3680019447E+002         4.4284740230E+002         8.9885614038E-001         1.1319673366E+000         
2019-05-13                17:55:25.917              132.41349441              3177.923866               133.41349441              1557770125.917            0                         963                       2.0000000000E+000         0.0000000000E+000         0.0000000000E+000         4.4177077461E+001         5.0807565999E+002         4.3680019447E+002         4.4296908878E+002         8.9885614038E-001         1.1319673366E+000         
2019-05-13                17:55:46.049              132.41372742              3177.929458               133.41372742              1557770146.049            0                         963                       1.0000000000E+000         0.0000000000E+000         0.0000000000E+000         4.4177077461E+001         5.0807565999E+002         4.3694270271E+002         4.4296908878E+002         8.9885614038E-001         1.1319673366E+000         
2019-05-13                17:56:36.332              132.41430941              3177.943426               133.41430941              1557770196.333            0                         963                       1.0000000000E+000         0.0000000000E+000         0.0000000000E+000         4.4177077461E+001         4.4687522759E+001         4.3694020913E+002         4.4311360964E+002         8.9885614038E-001         1.1319673366E+000         
2019-05-13                17:57:26.559              132.41489074              3177.957378               133.41489074              1557770246.560            0                         963                       1.0000000000E+000         0.0000000000E+000         0.0000000000E+000         4.4177077461E+001         4.4687522759E+001         4.3690420075E+002         4.4311108085E+002         8.9885614038E-001         1.1319673366E+000         
2019-05-13                17:58:15.819              132.41546088              3177.971061               133.41546088              1557770295.820            0                         963                       1.0000000000E+000         0.0000000000E+000         0.0000000000E+000         4.4177077461E+001         4.4687522759E+001         4.3692680101E+002         4.4307456393E+002         8.9885614038E-001         1.1319673366E+000         
2019-05-13                17:59:07.030              132.41605360              3177.985286               133.41605360              1557770347.031            0                         963                       1.0000000000E+000         0.0000000000E+000         0.0000000000E+000         4.4177077461E+001         4.4687522759E+001         4.3707810881E+002         4.4309748336E+002         8.9885614038E-001         1.1319673366E+000         
2019-05-13                17:59:57.322              132.41663568              3177.999256               133.41663568              1557770397.323            0                         963                       1.0000000000E+000         0.0000000000E+000         0.0000000000E+000         4.4177077461E+001         4.4687522759E+001         4.3718588258E+002         4.4325092808E+002         8.9885614038E-001         1.1319673366E+000         
2019-05-13                18:00:47.549              132.41721701              3178.013208               133.41721701              1557770447.550            0                         963                       1.0000000000E+000         0.0000000000E+000         0.0000000000E+000         4.4177077461E+001         4.4687522759E+001         4.3721201558E+002         4.4336022392E+002         8.9885614038E-001         1.1319673366E+000         
2019-05-13                18:01:37.786              132.41779845              3178.027163               133.41779845              1557770497.786            0                         963                       1.0000000000E+000         0.0000000000E+000         0.0000000000E+000         4.4177077461E+001         4.4687522759E+001         4.3721646374E+002         4.4338672600E+002         8.9885614038E-001         1.1319673366E+000         
2019-05-13                18:02:28.051              132.41838022              3178.041125               133.41838022              1557770548.051            0                         963                       1.0000000000E+000         0.0000000000E+000         0.0000000000E+000         4.4177077461E+001         4.4687522759E+001         4.3713295123E+002         4.4339123698E+002         8.9885614038E-001         1.1319673366E+000         
2019-05-13                18:03:17.273              132.41894992              3178.054798               133.41894992              1557770597.273            0                         963                       1.0000000000E+000         0.0000000000E+000         0.0000000000E+000         4.4177077461E+001         4.4687522759E+001         4.3706959462E+002         4.4330654503E+002         8.9885614038E-001         1.1319673366E+000         
2019-05-13                18:04:07.569              132.41953206              3178.068769               133.41953206              1557770647.570            0                         963                       1.0000000000E+000         0.0000000000E+000         0.0000000000E+000         4.4177077461E+001         4.4687522759E+001         4.3703059241E+002         4.4324229364E+002         8.9885614038E-001         1.1319673366E+000         
2019-05-13                18:04:57.829              132.42011377              3178.082731               133.42011377              1557770697.830            0                         963                       1.0000000000E+000         0.0000000000E+000         0.0000000000E+000         4.4177077461E+001         4.4687522759E+001         4.3693695321E+002         4.4320274061E+002         8.9885614038E-001         1.1319673366E+000         
2019-05-13                18:05:46.979              132.42068263              3178.096383               133.42068263              1557770746.979            0                         963                       1.0000000000E+000         0.0000000000E+000         0.0000000000E+000         4.4177077461E+001         4.4687522759E+001         4.3677753727E+002         4.4310777895E+002         8.9885614038E-001         1.1319673366E+000         
2019-05-13                18:06:36.158              132.42125184              3178.110044               133.42125184              1557770796.159            0                         963                       1.0000000000E+000         0.0000000000E+000         0.0000000000E+000         4.4177077461E+001         4.4687522759E+001         4.3685332129E+002         4.4294611159E+002         8.9885614038E-001         1.1319673366E+000         
2019-05-13                18:07:26.403              132.42183337              3178.124001               133.42183337              1557770846.403            0                         963                       1.0000000000E+000         0.0000000000E+000         0.0000000000E+000         4.4177077461E+001         4.4687522759E+001         4.3711460203E+002         4.4302296590E+002         8.9885614038E-001         1.1319673366E+000         
2019-05-13                18:08:16.632              132.42241473              3178.137954               133.42241473              1557770896.633            0                         963                       1.0000000000E+000         0.0000000000E+000         0.0000000000E+000         4.4177077461E+001         4.4687522759E+001         4.3723021059E+002         4.4328793668E+002         8.9885614038E-001         1.1319673366E+000         
2019-05-13                18:08:46.160              132.42275648              3178.146156               133.42275648              1557770926.160            0                         963                       2.0000000000E+000         0.0000000000E+000         0.0000000000E+000         5.0395940869E+002         4.4687522759E+001         4.3723021059E+002         4.4340517798E+002         8.9885614038E-001         1.1319673366E+000         
2019-05-13                18:09:05.920              132.42298519              3178.151644               133.42298519              1557770945.920            0                         963                       1.0000000000E+000         0.0000000000E+000         0.0000000000E+000         5.0395940869E+002         4.4687522759E+001         4.3726351714E+002         4.4340517798E+002         8.9885614038E-001         1.1319673366E+000         
2019-05-13                18:09:55.181              132.42355535              3178.165328               133.42355535              1557770995.182            0                         963                       1.0000000000E+000         0.0000000000E+000         0.0000000000E+000         5.0395940869E+002         5.0978242202E+002         4.3730621193E+002         4.4343895492E+002         8.9885614038E-001         1.1319673366E+000         
2019-05-13                18:10:45.460              132.42413727              3178.179294               133.42413727              1557771045.460            0                         963                       1.0000000000E+000         0.0000000000E+000         0.0000000000E+000         5.0395940869E+002         5.0978242202E+002         4.3728625645E+002         4.4348225268E+002         8.9885614038E-001         1.1319673366E+000         
2019-05-13                18:11:35.676              132.42471847              3178.193243               133.42471847              1557771095.676            0                         963                       1.0000000000E+000         0.0000000000E+000         0.0000000000E+000         5.0395940869E+002         5.0978242202E+002         4.3724630091E+002         4.4346201537E+002         8.9885614038E-001         1.1319673366E+000         
2019-05-13                18:12:24.887              132.42528804              3178.206913               133.42528804              1557771144.887            0                         963                       1.0000000000E+000         0.0000000000E+000         0.0000000000E+000         5.0395940869E+002         5.0978242202E+002         4.3727568591E+002         4.4342149554E+002         8.9885614038E-001         1.1319673366E+000         
2019-05-13                18:12:31.720              132.42536714              3178.208811               133.42536714              1557771151.721            0                         963                       3.0000000000E+000         0.0000000000E+000         0.0000000000E+000         5.0395940869E+002         5.0968908807E+002         4.3727568591E+002         4.4335227595E+002         8.7035160972E-001         1.0970117310E+000         
2019-05-13                18:13:05.342              132.42575627              3178.218151               133.42575627              1557771185.342            0                         963                       1.0000000000E+000         0.0000000000E+000         0.0000000000E+000         5.0395940869E+002         5.0968908807E+002         4.3733324895E+002         4.4335227595E+002         8.7035160972E-001         1.0970117310E+000         
2019-05-13                18:13:55.573              132.42633766              3178.232104               133.42633766              1557771235.574            0                         963                       1.0000000000E+000         0.0000000000E+000         0.0000000000E+000         5.0395940869E+002         5.0959586362E+002         4.3729788846E+002         4.4331172391E+002         8.7035160972E-001         1.0970117310E+000         
2019-05-13                18:14:45.822              132.42691925              3178.246062               133.42691925              1557771285.823            0                         963                       1.0000000000E+000         0.0000000000E+000         0.0000000000E+000         5.0395940869E+002         5.0959586362E+002         4.3717964624E+002         4.4327588004E+002         8.7035160972E-001         1.0970117310E+000         
2019-05-13                18:15:15.348              132.42726098              3178.254264               133.42726098              1557771315.349            0                         963                       2.0000000000E+000         0.0000000000E+000         0.0000000000E+000         4.9620675671E+002         5.0959586362E+002         4.3717964624E+002         4.4315602141E+002         8.7035160972E-001         1.0970117310E+000         
2019-05-13                18:15:35.085              132.42748941              3178.259746               133.42748941              1557771335.085            0                         963                       1.0000000000E+000         0.0000000000E+000         0.0000000000E+000         4.9620675671E+002         5.0959586362E+002         4.3706453651E+002         4.4315602141E+002         8.7035160972E-001         1.0970117310E+000         
2019-05-13                18:15:41.976              132.42756918              3178.261660               133.42756918              1557771341.977            0                         963                       3.0000000000E+000         0.0000000000E+000         0.0000000000E+000         4.9620675671E+002         5.0175196734E+002         4.3706453651E+002         4.4303445307E+002         8.6894337427E-001         1.0952832715E+000         
2019-05-13                18:16:15.575              132.42795804              3178.270993               133.42795804              1557771375.575            0                         963                       1.0000000000E+000         0.0000000000E+000         0.0000000000E+000         4.9620675671E+002         5.0175196734E+002         4.3700812799E+002         4.4303445307E+002         8.6894337427E-001         1.0952832715E+000         
2019-05-13                18:17:05.822              132.42853961              3178.284951               133.42853961              1557771425.822            0                         963                       1.0000000000E+000         0.0000000000E+000         0.0000000000E+000         4.9620675671E+002         5.0174743161E+002         4.3707213296E+002         4.4297238996E+002         8.6894337427E-001         1.0952832715E+000         
2019-05-13                18:17:56.036              132.42912080              3178.298899               133.42912080              1557771476.037            0                         963                       1.0000000000E+000         0.0000000000E+000         0.0000000000E+000         4.9620675671E+002         5.0174743161E+002         4.3720863986E+002         4.4303726846E+002         8.6894337427E-001         1.0952832715E+000         
2019-05-13                18:18:45.262              132.42969053              3178.312573               133.42969053              1557771525.262            0                         963                       1.0000000000E+000         0.0000000000E+000         0.0000000000E+000         4.9620675671E+002         5.0174743161E+002         4.3724121411E+002         4.4317563840E+002         8.6894337427E-001         1.0952832715E+000         
2019-05-13                18:19:34.500              132.43026043              3178.326250               133.43026043              1557771574.501            0                         963                       1.0000000000E+000         0.0000000000E+000         0.0000000000E+000         4.9620675671E+002         5.0174743161E+002         4.3723363690E+002         4.4320865722E+002         8.6894337427E-001         1.0952832715E+000         
2019-05-13                18:20:24.773              132.43084229              3178.340215               133.43084229              1557771624.774            0                         963                       1.0000000000E+000         0.0000000000E+000         0.0000000000E+000         4.9620675671E+002         5.0174743161E+002         4.3739078896E+002         4.4320097660E+002         8.6894337427E-001         1.0952832715E+000         
2019-05-13                18:21:15.023              132.43142388              3178.354173               133.43142388              1557771675.023            0                         963                       1.0000000000E+000         0.0000000000E+000         0.0000000000E+000         4.9620675671E+002         5.0174743161E+002         4.3765694726E+002         4.4336027346E+002         8.6894337427E-001         1.0952832715E+000         
2019-05-13                18:22:04.275              132.43199392              3178.367854               133.43199392              1557771724.275            0                         963                       1.0000000000E+000         0.0000000000E+000         0.0000000000E+000         4.9620675671E+002         5.0174743161E+002         4.3784690264E+002         4.4363006427E+002         8.6894337427E-001         1.0952832715E+000         
2019-05-13                18:22:07.894              132.43203581              3178.368859               133.43203581              1557771727.894            0                         963                       3.0000000000E+000         0.0000000000E+000         0.0000000000E+000         4.9620675671E+002         5.0174171020E+002         4.3784690264E+002         4.4381643947E+002         8.6716705944E-001         1.0931028297E+000         
