DATE                      TIME                      FRAC_DAYS_SINCE_JAN1      FRAC_HRS_SINCE_JAN1       JULIAN_DAYS               EPOCH_TIME                ALARM_STATUS              INST_STATUS               species                   MPVPosition               solenoid_valves           CH4                       CH4_dry                   CO2                       CO2_dry                   H2O                       h2o_reported              
2019-03-31                15:48:41.029              89.32547487               2143.811397               90.32547487               1554047321.029            0                         963                       1.0000000000E+000         1.6000000000E+001         0.0000000000E+000         1.2684357291E+001         1.2802288994E+001         4.7334218543E+002         4.7872098799E+002         7.2475655033E-001         9.1754607880E-001         
2019-03-31                15:49:06.894              89.32577425               2143.818582               90.32577425               1554047346.895            0                         963                       2.0000000000E+000         1.6000000000E+001         0.0000000000E+000         1.2539677138E+001         1.2802288994E+001         4.7334218543E+002         4.7872093809E+002         7.2475655033E-001         9.1754607880E-001         
2019-03-31                15:49:27.329              89.32601076               2143.824258               90.32601076               1554047367.330            0                         963                       1.0000000000E+000         1.6000000000E+001         0.0000000000E+000         1.2539677138E+001         1.2802288994E+001         4.7328630603E+002         4.7872093809E+002         7.2475655033E-001         9.1754607880E-001         
2019-03-31                15:50:16.612              89.32658117               2143.837948               90.32658117               1554047416.613            0                         963                       1.0000000000E+000         1.6000000000E+001         0.0000000000E+000         1.2539677138E+001         1.2656263690E+001         4.7331994117E+002         4.7866442371E+002         7.2475655033E-001         9.1754607880E-001         
2019-03-31                15:51:05.904              89.32715167               2143.851640               90.32715167               1554047465.904            0                         963                       1.0000000000E+000         1.6000000000E+001         0.0000000000E+000         1.2539677138E+001         1.2656263690E+001         4.7331234273E+002         4.7869844106E+002         7.2475655033E-001         9.1754607880E-001         
2019-03-31                15:51:54.196              89.32771060               2143.865054               90.32771060               1554047514.196            0                         963                       1.0000000000E+000         1.6000000000E+001         0.0000000000E+000         1.2539677138E+001         1.2656263690E+001         4.7330497627E+002         4.7869075627E+002         7.2475655033E-001         9.1754607880E-001         
2019-03-31                15:52:43.421              89.32828035               2143.878728               90.32828035               1554047563.422            0                         963                       1.0000000000E+000         1.6000000000E+001         0.0000000000E+000         1.2539677138E+001         1.2656263690E+001         4.7337782373E+002         4.7868330611E+002         7.2475655033E-001         9.1754607880E-001         
2019-03-31                15:53:32.664              89.32885028               2143.892407               90.32885028               1554047612.664            0                         963                       1.0000000000E+000         1.6000000000E+001         0.0000000000E+000         1.2539677138E+001         1.2656263690E+001         4.7347015464E+002         4.7875698136E+002         7.2475655033E-001         9.1754607880E-001         
2019-03-31                15:53:37.102              89.32890166               2143.893640               90.32890166               1554047617.103            0                         963                       3.0000000000E+000         1.6000000000E+001         0.0000000000E+000         1.2539677138E+001         1.2656448127E+001         4.7347015464E+002         4.7885887493E+002         7.2703028540E-001         9.2036071237E-001         
2019-03-31                15:54:09.186              89.32927299               2143.902552               90.32927299               1554047649.186            0                         963                       1.0000000000E+000         1.6000000000E+001         0.0000000000E+000         1.2539677138E+001         1.2656448127E+001         4.7349362311E+002         4.7885887493E+002         7.2703028540E-001         9.2036071237E-001         
2019-03-31                15:54:36.437              89.32958840               2143.910122               90.32958840               1554047676.438            0                         963                       2.0000000000E+000         1.6000000000E+001         0.0000000000E+000         1.2996170405E+001         1.2656632582E+001         4.7349362311E+002         4.7889112520E+002         7.2703028540E-001         9.2036071237E-001         
2019-03-31                15:54:56.562              89.32982132               2143.915712               90.32982132               1554047696.562            0                         963                       1.0000000000E+000         1.6000000000E+001         0.0000000000E+000         1.2996170405E+001         1.2656632582E+001         4.7359331716E+002         4.7889112520E+002         7.2703028540E-001         9.2036071237E-001         
2019-03-31                15:55:24.444              89.33014404               2143.923457               90.33014404               1554047724.445            0                         963                       2.0000000000E+000         1.6000000000E+001         0.0000000000E+000         1.9447171567E+002         1.3117383484E+001         4.7359331716E+002         4.7899195570E+002         7.2703028540E-001         9.2036071237E-001         
2019-03-31                15:55:44.944              89.33038130               2143.929151               90.33038130               1554047744.944            0                         963                       1.0000000000E+000         1.6000000000E+001         0.0000000000E+000         1.9447171567E+002         1.3117383484E+001         4.7361767835E+002         4.7899195570E+002         7.2703028540E-001         9.2036071237E-001         
2019-03-31                15:56:12.223              89.33069703               2143.936729               90.33069703               1554047772.223            0                         963                       2.0000000000E+000         1.6000000000E+001         0.0000000000E+000         1.2392492813E+001         1.9628552039E+002         4.7361767835E+002         4.7901659460E+002         7.2703028540E-001         9.2036071237E-001         
2019-03-31                15:56:32.336              89.33092983               2143.942316               90.33092983               1554047792.337            0                         963                       1.0000000000E+000         1.6000000000E+001         0.0000000000E+000         1.2392492813E+001         1.9628552039E+002         4.7369102789E+002         4.7901659460E+002         7.2703028540E-001         9.2036071237E-001         
2019-03-31                15:57:21.592              89.33149992               2143.955998               90.33149992               1554047841.593            0                         963                       1.0000000000E+000         1.6000000000E+001         0.0000000000E+000         1.2392492813E+001         1.2508075493E+001         4.7375305962E+002         4.7909078027E+002         7.2703028540E-001         9.2036071237E-001         
2019-03-31                15:58:10.822              89.33206971               2143.969673               90.33206971               1554047890.823            0                         963                       1.0000000000E+000         1.6000000000E+001         0.0000000000E+000         1.2392492813E+001         1.2508075493E+001         4.7382617693E+002         4.7915351911E+002         7.2703028540E-001         9.2036071237E-001         
2019-03-31                15:59:00.058              89.33263956               2143.983349               90.33263956               1554047940.058            0                         963                       1.0000000000E+000         1.6000000000E+001         0.0000000000E+000         1.2392492813E+001         1.2508075493E+001         4.7390561834E+002         4.7922746992E+002         7.2703028540E-001         9.2036071237E-001         
2019-03-31                15:59:49.384              89.33321047               2143.997051               90.33321047               1554047989.385            0                         963                       1.0000000000E+000         1.6000000000E+001         0.0000000000E+000         1.2392492813E+001         1.2508075493E+001         4.7395105800E+002         4.7930781690E+002         7.2703028540E-001         9.2036071237E-001         
2019-03-31                16:00:38.628              89.33378043               2144.010730               90.33378043               1554048038.629            0                         963                       1.0000000000E+000         1.6000000000E+001         0.0000000000E+000         1.2392492813E+001         1.2508075493E+001         4.7395072966E+002         4.7935377454E+002         7.2703028540E-001         9.2036071237E-001         
2019-03-31                16:01:27.851              89.33435013               2144.024403               90.33435013               1554048087.851            0                         963                       1.0000000000E+000         1.6000000000E+001         0.0000000000E+000         1.2392492813E+001         1.2508075493E+001         4.7394974926E+002         4.7935344246E+002         7.2703028540E-001         9.2036071237E-001         
2019-03-31                16:01:54.242              89.33465558               2144.031734               90.33465558               1554048114.242            0                         963                       2.0000000000E+000         1.6000000000E+001         0.0000000000E+000         1.2815264011E+001         1.2508075493E+001         4.7394974926E+002         4.7935245088E+002         7.2703028540E-001         9.2036071237E-001         
2019-03-31                16:02:15.160              89.33489769               2144.037544               90.33489769               1554048135.160            0                         963                       1.0000000000E+000         1.6000000000E+001         0.0000000000E+000         1.2815264011E+001         1.2508075493E+001         4.7393467525E+002         4.7935245088E+002         7.2703028540E-001         9.2036071237E-001         
2019-03-31                16:03:04.414              89.33546775               2144.051226               90.33546775               1554048184.414            0                         963                       1.0000000000E+000         1.6000000000E+001         0.0000000000E+000         1.2815264011E+001         1.2934789807E+001         4.7390600964E+002         4.7933720504E+002         7.2703028540E-001         9.2036071237E-001         
2019-03-31                16:03:53.716              89.33603838               2144.064921               90.33603838               1554048233.716            0                         963                       1.0000000000E+000         1.6000000000E+001         0.0000000000E+000         1.2815264011E+001         1.2934789807E+001         4.7385835184E+002         4.7930821266E+002         7.2703028540E-001         9.2036071237E-001         
2019-03-31                16:04:20.996              89.33635413               2144.072499               90.33635413               1554048260.997            0                         963                       2.0000000000E+000         1.6000000000E+001         0.0000000000E+000         1.2520397327E+001         1.2934789807E+001         4.7385835184E+002         4.7926001160E+002         7.2703028540E-001         9.2036071237E-001         
2019-03-31                16:04:41.114              89.33658697               2144.078087               90.33658697               1554048281.114            0                         963                       1.0000000000E+000         1.6000000000E+001         0.0000000000E+000         1.2520397327E+001         1.2934789807E+001         4.7377091082E+002         4.7926001160E+002         7.2703028540E-001         9.2036071237E-001         
2019-03-31                16:05:08.385              89.33690262               2144.085663               90.33690262               1554048308.386            0                         963                       2.0000000000E+000         1.6000000000E+001         0.0000000000E+000         1.2996432065E+001         1.2637172951E+001         4.7377091082E+002         4.7917157381E+002         7.2703028540E-001         9.2036071237E-001         
2019-03-31                16:05:28.500              89.33713543               2144.091250               90.33713543               1554048328.501            0                         963                       1.0000000000E+000         1.6000000000E+001         0.0000000000E+000         1.2996432065E+001         1.2637172951E+001         4.7362403081E+002         4.7917157381E+002         7.2703028540E-001         9.2036071237E-001         
2019-03-31                16:05:55.601              89.33744910               2144.098778               90.33744910               1554048355.602            0                         963                       2.0000000000E+000         1.6000000000E+001         0.0000000000E+000         8.8797125755E+001         1.3117647584E+001         4.7362403081E+002         4.7902301947E+002         7.2703028540E-001         9.2036071237E-001         
2019-03-31                16:06:15.917              89.33768424               2144.104422               90.33768424               1554048375.918            0                         963                       1.0000000000E+000         1.6000000000E+001         0.0000000000E+000         8.8797125755E+001         1.3117647584E+001         4.7353903582E+002         4.7902301947E+002         7.2703028540E-001         9.2036071237E-001         
2019-03-31                16:07:05.200              89.33825464               2144.118111               90.33825464               1554048425.201            0                         963                       1.0000000000E+000         1.6000000000E+001         0.0000000000E+000         8.8797125755E+001         8.9625321496E+001         4.7350981281E+002         4.7893705559E+002         7.2703028540E-001         9.2036071237E-001         
2019-03-31                16:07:54.454              89.33882471               2144.131793               90.33882471               1554048474.455            0                         963                       1.0000000000E+000         1.6000000000E+001         0.0000000000E+000         8.8797125755E+001         8.9625321496E+001         4.7342108327E+002         4.7890749946E+002         7.2703028540E-001         9.2036071237E-001         
2019-03-31                16:08:43.720              89.33939492               2144.145478               90.33939492               1554048523.721            0                         963                       1.0000000000E+000         1.6000000000E+001         0.0000000000E+000         8.8797125755E+001         8.9625321496E+001         4.7332251641E+002         4.7881775846E+002         7.2703028540E-001         9.2036071237E-001         
2019-03-31                16:09:11.010              89.33971078               2144.153059               90.33971078               1554048551.011            0                         963                       2.0000000000E+000         1.6000000000E+001         0.0000000000E+000         1.2648799721E+001         8.9625321496E+001         4.7332251641E+002         4.7871806801E+002         7.2703028540E-001         9.2036071237E-001         
2019-03-31                16:09:31.118              89.33994350               2144.158644               90.33994350               1554048571.118            0                         963                       1.0000000000E+000         1.6000000000E+001         0.0000000000E+000         1.2648799721E+001         8.9625321496E+001         4.7320525345E+002         4.7871806801E+002         7.2703028540E-001         9.2036071237E-001         
2019-03-31                16:09:58.397              89.34025922               2144.166221               90.34025922               1554048598.397            0                         963                       2.0000000000E+000         1.6000000000E+001         0.0000000000E+000         8.6707377448E+001         1.2766772932E+001         4.7320525345E+002         4.7859946833E+002         7.2703028540E-001         9.2036071237E-001         
2019-03-31                16:10:18.507              89.34049199               2144.171808               90.34049199               1554048618.508            0                         963                       1.0000000000E+000         1.6000000000E+001         0.0000000000E+000         8.6707377448E+001         1.2766772932E+001         4.7313804451E+002         4.7859946833E+002         7.2703028540E-001         9.2036071237E-001         
2019-03-31                16:10:45.785              89.34080770               2144.179385               90.34080770               1554048645.785            0                         963                       2.0000000000E+000         1.6000000000E+001         0.0000000000E+000         1.2719338279E+001         8.7516082460E+001         4.7313804451E+002         4.7853149326E+002         7.2703028540E-001         9.2036071237E-001         
2019-03-31                16:11:05.900              89.34104051               2144.184972               90.34104051               1554048665.900            0                         963                       1.0000000000E+000         1.6000000000E+001         0.0000000000E+000         1.2719338279E+001         8.7516082460E+001         4.7309856389E+002         4.7853149326E+002         7.2703028540E-001         9.2036071237E-001         
2019-03-31                16:11:54.211              89.34159968               2144.198392               90.34159968               1554048714.212            0                         963                       1.0000000000E+000         1.6000000000E+001         0.0000000000E+000         1.2719338279E+001         1.2837969392E+001         4.7308098460E+002         4.7849156258E+002         7.2703028540E-001         9.2036071237E-001         
2019-03-31                16:12:43.453              89.34216961               2144.212071               90.34216961               1554048763.454            0                         963                       1.0000000000E+000         1.6000000000E+001         0.0000000000E+000         1.2719338279E+001         1.2837969392E+001         4.7298499159E+002         4.7847378290E+002         7.2703028540E-001         9.2036071237E-001         
2019-03-31                16:13:32.710              89.34273971               2144.225753               90.34273971               1554048812.711            0                         963                       1.0000000000E+000         1.6000000000E+001         0.0000000000E+000         1.2719338279E+001         1.2837969392E+001         4.7291460632E+002         4.7837669564E+002         7.2703028540E-001         9.2036071237E-001         
2019-03-31                16:13:57.187              89.34302301               2144.232552               90.34302301               1554048837.188            0                         963                       2.0000000000E+000         1.6000000000E+001         0.0000000000E+000         2.2667127332E+000         1.2837969392E+001         4.7291460632E+002         4.7830550802E+002         7.2703028540E-001         9.2036071237E-001         
2019-03-31                16:14:19.052              89.34327608               2144.238626               90.34327608               1554048859.053            0                         963                       1.0000000000E+000         1.6000000000E+001         0.0000000000E+000         2.2667127332E+000         1.2837969392E+001         4.7280734828E+002         4.7830550802E+002         7.2703028540E-001         9.2036071237E-001         
2019-03-31                16:15:10.357              89.34386987               2144.252877               90.34386987               1554048910.357            0                         963                       1.0000000000E+000         1.6000000000E+001         0.0000000000E+000         2.2667127332E+000         2.2878539786E+000         4.7273661787E+002         4.7819702732E+002         7.2703028540E-001         9.2036071237E-001         
2019-03-31                16:15:59.602              89.34443985               2144.266556               90.34443985               1554048959.603            0                         963                       1.0000000000E+000         1.6000000000E+001         0.0000000000E+000         2.2667127332E+000         2.2878539786E+000         4.7268112502E+002         4.7812549063E+002         7.2703028540E-001         9.2036071237E-001         
2019-03-31                16:16:48.825              89.34500955               2144.280229               90.34500955               1554049008.825            0                         963                       1.0000000000E+000         1.6000000000E+001         0.0000000000E+000         2.2667127332E+000         2.2878539786E+000         4.7261622338E+002         4.7806936520E+002         7.2703028540E-001         9.2036071237E-001         
2019-03-31                16:17:38.078              89.34557961               2144.293911               90.34557961               1554049058.078            0                         963                       1.0000000000E+000         1.6000000000E+001         0.0000000000E+000         2.2667127332E+000         2.2878539786E+000         4.7257614582E+002         4.7800372372E+002         7.2703028540E-001         9.2036071237E-001         
2019-03-31                16:17:41.634              89.34562076               2144.294898               90.34562076               1554049061.634            0                         963                       3.0000000000E+000         1.6000000000E+001         0.0000000000E+000         2.2667127332E+000         2.2879207030E+000         4.7257614582E+002         4.7798019573E+002         7.3158070603E-001         9.2599248405E-001         
2019-03-31                16:18:13.657              89.34599140               2144.303794               90.34599140               1554049093.657            0                         963                       1.0000000000E+000         1.6000000000E+001         0.0000000000E+000         2.2667127332E+000         2.2879207030E+000         4.7258651366E+002         4.7798019573E+002         7.3158070603E-001         9.2599248405E-001         
2019-03-31                16:19:02.903              89.34656138               2144.317473               90.34656138               1554049142.903            0                         963                       1.0000000000E+000         1.6000000000E+001         0.0000000000E+000         2.2667127332E+000         2.2879874399E+000         4.7254556929E+002         4.7800769219E+002         7.3158070603E-001         9.2599248405E-001         
2019-03-31                16:19:30.427              89.34687994               2144.325119               90.34687994               1554049170.427            0                         963                       2.0000000000E+000         1.6000000000E+001         0.0000000000E+000         1.2597229480E+001         2.2879874399E+000         4.7254556929E+002         4.7796627814E+002         7.3158070603E-001         9.2599248405E-001         
2019-03-31                16:19:50.348              89.34711051               2144.330652               90.34711051               1554049190.348            0                         963                       1.0000000000E+000         1.6000000000E+001         0.0000000000E+000         1.2597229480E+001         2.2879874399E+000         4.7244072574E+002         4.7796627814E+002         7.3158070603E-001         9.2599248405E-001         
2019-03-31                16:20:17.619              89.34742616               2144.338228               90.34742616               1554049217.620            0                         963                       2.0000000000E+000         1.6000000000E+001         0.0000000000E+000         1.2853522426E+001         1.2715463414E+001         4.7244072574E+002         4.7786023190E+002         7.3158070603E-001         9.2599248405E-001         
2019-03-31                16:20:37.743              89.34765906               2144.343818               90.34765906               1554049237.743            0                         963                       1.0000000000E+000         1.6000000000E+001         0.0000000000E+000         1.2853522426E+001         1.2715463414E+001         4.7240300834E+002         4.7786023190E+002         7.3158070603E-001         9.2599248405E-001         
2019-03-31                16:21:05.631              89.34798184               2144.351564               90.34798184               1554049265.631            0                         963                       2.0000000000E+000         1.6000000000E+001         0.0000000000E+000         1.2754099928E+001         1.2974161851E+001         4.7240300834E+002         4.7782208183E+002         7.3158070603E-001         9.2599248405E-001         
2019-03-31                16:21:26.147              89.34821929               2144.357263               90.34821929               1554049286.147            0                         963                       1.0000000000E+000         1.6000000000E+001         0.0000000000E+000         1.2754099928E+001         1.2974161851E+001         4.7231811990E+002         4.7782208183E+002         7.3158070603E-001         9.2599248405E-001         
2019-03-31                16:22:15.443              89.34878985               2144.370956               90.34878985               1554049335.443            0                         963                       1.0000000000E+000         1.6000000000E+001         0.0000000000E+000         1.2754099928E+001         1.2873806202E+001         4.7225186127E+002         4.7773621961E+002         7.3158070603E-001         9.2599248405E-001         
2019-03-31                16:23:04.713              89.34936012               2144.384643               90.34936012               1554049384.714            0                         963                       1.0000000000E+000         1.6000000000E+001         0.0000000000E+000         1.2754099928E+001         1.2873806202E+001         4.7221285064E+002         4.7766920090E+002         7.3158070603E-001         9.2599248405E-001         
2019-03-31                16:23:31.982              89.34967572               2144.392217               90.34967572               1554049411.982            0                         963                       2.0000000000E+000         1.6000000000E+001         0.0000000000E+000         1.8981793512E+002         1.2873806202E+001         4.7221285064E+002         4.7762974277E+002         7.3158070603E-001         9.2599248405E-001         
2019-03-31                16:23:52.107              89.34990865               2144.397808               90.34990865               1554049432.107            0                         963                       1.0000000000E+000         1.6000000000E+001         0.0000000000E+000         1.8981793512E+002         1.2873806202E+001         4.7215304083E+002         4.7762974277E+002         7.3158070603E-001         9.2599248405E-001         
2019-03-31                16:24:40.421              89.35046785               2144.411228               90.35046785               1554049480.422            0                         963                       1.0000000000E+000         1.6000000000E+001         0.0000000000E+000         1.8981793512E+002         1.9159951108E+002         4.7209484695E+002         4.7756924687E+002         7.3158070603E-001         9.2599248405E-001         
2019-03-31                16:25:29.661              89.35103774               2144.424906               90.35103774               1554049529.661            0                         963                       1.0000000000E+000         1.6000000000E+001         0.0000000000E+000         1.8981793512E+002         1.9159951108E+002         4.7199967519E+002         4.7751038542E+002         7.3158070603E-001         9.2599248405E-001         
2019-03-31                16:26:18.911              89.35160777               2144.438586               90.35160777               1554049578.911            0                         963                       1.0000000000E+000         1.6000000000E+001         0.0000000000E+000         1.8981793512E+002         1.9159951108E+002         4.7189900626E+002         4.7741412193E+002         7.3158070603E-001         9.2599248405E-001         
2019-03-31                16:27:07.223              89.35216694               2144.452007               90.35216694               1554049627.224            0                         963                       1.0000000000E+000         1.6000000000E+001         0.0000000000E+000         1.8981793512E+002         1.9159951108E+002         4.7181765192E+002         4.7731229819E+002         7.3158070603E-001         9.2599248405E-001         
2019-03-31                16:27:33.780              89.35247432               2144.459384               90.35247432               1554049653.781            0                         963                       2.0000000000E+000         1.6000000000E+001         0.0000000000E+000         1.2876028791E+001         1.9159951108E+002         4.7181765192E+002         4.7723001061E+002         7.3158070603E-001         9.2599248405E-001         
2019-03-31                16:27:54.579              89.35271505               2144.465161               90.35271505               1554049674.580            0                         963                       1.0000000000E+000         1.6000000000E+001         0.0000000000E+000         1.2876028791E+001         1.9159951108E+002         4.7175836925E+002         4.7723001061E+002         7.3158070603E-001         9.2599248405E-001         
2019-03-31                16:28:43.844              89.35328523               2144.478846               90.35328523               1554049723.844            0                         963                       1.0000000000E+000         1.6000000000E+001         0.0000000000E+000         1.2876028791E+001         1.2996879454E+001         4.7166186074E+002         4.7717004789E+002         7.3158070603E-001         9.2599248405E-001         
2019-03-31                16:29:33.125              89.35385562               2144.492535               90.35385562               1554049773.126            0                         963                       1.0000000000E+000         1.6000000000E+001         0.0000000000E+000         1.2876028791E+001         1.2996879454E+001         4.7151064320E+002         4.7707243231E+002         7.3158070603E-001         9.2599248405E-001         
2019-03-31                16:30:21.430              89.35441471               2144.505953               90.35441471               1554049821.431            0                         963                       1.0000000000E+000         1.6000000000E+001         0.0000000000E+000         1.2876028791E+001         1.2996879454E+001         4.7143656284E+002         4.7691948011E+002         7.3158070603E-001         9.2599248405E-001         
2019-03-31                16:30:47.290              89.35471402               2144.513136               90.35471402               1554049847.291            0                         963                       2.0000000000E+000         1.6000000000E+001         0.0000000000E+000         1.2473715581E+001         1.2996879454E+001         4.7143656284E+002         4.7684454995E+002         7.3158070603E-001         9.2599248405E-001         
2019-03-31                16:31:07.739              89.35495068               2144.518816               90.35495068               1554049867.739            0                         963                       1.0000000000E+000         1.6000000000E+001         0.0000000000E+000         1.2473715581E+001         1.2996879454E+001         4.7133202286E+002         4.7684454995E+002         7.3158070603E-001         9.2599248405E-001         
2019-03-31                16:31:56.983              89.35552064               2144.532495               90.35552064               1554049916.983            0                         963                       1.0000000000E+000         1.6000000000E+001         0.0000000000E+000         1.2473715581E+001         1.2590790249E+001         4.7129551037E+002         4.7673881076E+002         7.3158070603E-001         9.2599248405E-001         
2019-03-31                16:32:46.226              89.35609059               2144.546174               90.35609059               1554049966.227            0                         963                       1.0000000000E+000         1.6000000000E+001         0.0000000000E+000         1.2473715581E+001         1.2590790249E+001         4.7123462511E+002         4.7670187942E+002         7.3158070603E-001         9.2599248405E-001         
2019-03-31                16:33:35.555              89.35666152               2144.559876               90.35666152               1554050015.555            0                         963                       1.0000000000E+000         1.6000000000E+001         0.0000000000E+000         1.2473715581E+001         1.2590790249E+001         4.7112375310E+002         4.7664029573E+002         7.3158070603E-001         9.2599248405E-001         
2019-03-31                16:34:24.875              89.35723235               2144.573576               90.35723235               1554050064.875            0                         963                       1.0000000000E+000         1.6000000000E+001         0.0000000000E+000         1.2473715581E+001         1.2590790249E+001         4.7102749546E+002         4.7652815187E+002         7.3158070603E-001         9.2599248405E-001         
2019-03-31                16:34:30.210              89.35729411               2144.575059               90.35729411               1554050070.211            0                         963                       3.0000000000E+000         1.6000000000E+001         0.0000000000E+000         1.2473715581E+001         1.2591549887E+001         4.7102749546E+002         4.7646585817E+002         7.4099411117E-001         9.3763801416E-001         
2019-03-31                16:35:02.510              89.35766795               2144.584031               90.35766795               1554050102.511            0                         963                       1.0000000000E+000         1.6000000000E+001         0.0000000000E+000         1.2473715581E+001         1.2591549887E+001         4.7086260931E+002         4.7646585817E+002         7.4099411117E-001         9.3763801416E-001         
2019-03-31                16:35:50.894              89.35822794               2144.597471               90.35822794               1554050150.894            0                         963                       1.0000000000E+000         1.6000000000E+001         0.0000000000E+000         1.2473715581E+001         1.2592309822E+001         4.7065444208E+002         4.7633413804E+002         7.4099411117E-001         9.3763801416E-001         
2019-03-31                16:36:17.180              89.35853218               2144.604772               90.35853218               1554050177.180            0                         963                       2.0000000000E+000         1.6000000000E+001         0.0000000000E+000         1.9296487694E+002         1.2592309822E+001         4.7065444208E+002         4.7612355186E+002         7.4099411117E-001         9.3763801416E-001         
2019-03-31                16:36:37.296              89.35876500               2144.610360               90.35876500               1554050197.296            0                         963                       1.0000000000E+000         1.6000000000E+001         0.0000000000E+000         1.9296487694E+002         1.2592309822E+001         4.7045966508E+002         4.7612355186E+002         7.4099411117E-001         9.3763801416E-001         
2019-03-31                16:37:03.562              89.35906902               2144.617656               90.35906902               1554050223.563            0                         963                       2.0000000000E+000         1.6000000000E+001         0.0000000000E+000         1.2590318357E+001         1.9479949655E+002         4.7045966508E+002         4.7592651151E+002         7.4099411117E-001         9.3763801416E-001         
2019-03-31                16:37:23.690              89.35930198               2144.623247               90.35930198               1554050243.691            0                         963                       1.0000000000E+000         1.6000000000E+001         0.0000000000E+000         1.2590318357E+001         1.9479949655E+002         4.7032052128E+002         4.7592651151E+002         7.4099411117E-001         9.3763801416E-001         
2019-03-31                16:38:11.976              89.35986084               2144.636660               90.35986084               1554050291.977            0                         963                       1.0000000000E+000         1.6000000000E+001         0.0000000000E+000         1.2590318357E+001         1.2710021203E+001         4.7017016904E+002         4.7578575082E+002         7.4099411117E-001         9.3763801416E-001         
2019-03-31                16:39:01.223              89.36043082               2144.650340               90.36043082               1554050341.223            0                         963                       1.0000000000E+000         1.6000000000E+001         0.0000000000E+000         1.2590318357E+001         1.2710021203E+001         4.6999381277E+002         4.7563365146E+002         7.4099411117E-001         9.3763801416E-001         
2019-03-31                16:39:50.522              89.36100141               2144.664034               90.36100141               1554050390.522            0                         963                       1.0000000000E+000         1.6000000000E+001         0.0000000000E+000         1.2590318357E+001         1.2710021203E+001         4.6977151160E+002         4.7545524590E+002         7.4099411117E-001         9.3763801416E-001         
2019-03-31                16:40:18.059              89.36132014               2144.671683               90.36132014               1554050418.060            0                         963                       2.0000000000E+000         1.6000000000E+001         0.0000000000E+000         1.8148723184E+002         1.2710021203E+001         4.6977151160E+002         4.7523036153E+002         7.4099411117E-001         9.3763801416E-001         
2019-03-31                16:40:37.947              89.36155031               2144.677208               90.36155031               1554050437.947            0                         963                       1.0000000000E+000         1.6000000000E+001         0.0000000000E+000         1.8148723184E+002         1.2710021203E+001         4.6949674794E+002         4.7523036153E+002         7.4099411117E-001         9.3763801416E-001         
2019-03-31                16:41:27.233              89.36212075               2144.690898               90.36212075               1554050487.233            0                         963                       1.0000000000E+000         1.6000000000E+001         0.0000000000E+000         1.8148723184E+002         1.8321272738E+002         4.6928913512E+002         4.7495240505E+002         7.4099411117E-001         9.3763801416E-001         
2019-03-31                16:42:16.490              89.36269087               2144.704581               90.36269087               1554050536.491            0                         963                       1.0000000000E+000         1.6000000000E+001         0.0000000000E+000         1.8148723184E+002         1.8321272738E+002         4.6902009809E+002         4.7474237973E+002         7.4099411117E-001         9.3763801416E-001         
2019-03-31                16:42:24.002              89.36277780               2144.706667               90.36277780               1554050544.002            0                         963                       3.0000000000E+000         1.6000000000E+001         0.0000000000E+000         1.8148723184E+002         1.8321409852E+002         4.6902009809E+002         4.7447454838E+002         7.4216156662E-001         9.3908184318E-001         
2019-03-31                16:42:56.936              89.36315898               2144.715816               90.36315898               1554050576.936            0                         963                       1.0000000000E+000         1.6000000000E+001         0.0000000000E+000         1.8148723184E+002         1.8321409852E+002         4.6884061518E+002         4.7447454838E+002         7.4216156662E-001         9.3908184318E-001         
2019-03-31                16:43:22.309              89.36345266               2144.722864               90.36345266               1554050602.310            0                         963                       2.0000000000E+000         1.6000000000E+001         0.0000000000E+000         2.3548917717E+000         1.8321546972E+002         4.6884061518E+002         4.7429730868E+002         7.4216156662E-001         9.3908184318E-001         
2019-03-31                16:43:43.275              89.36369531               2144.728688               90.36369531               1554050623.275            0                         963                       1.0000000000E+000         1.6000000000E+001         0.0000000000E+000         2.3548917717E+000         1.8321546972E+002         4.6858940818E+002         4.7429730868E+002         7.4216156662E-001         9.3908184318E-001         
2019-03-31                16:44:29.677              89.36423238               2144.741577               90.36423238               1554050669.678            0                         963                       1.0000000000E+000         1.6000000000E+001         0.0000000000E+000         2.3548917717E+000         2.3773165621E+000         4.6841524071E+002         4.7404317796E+002         7.4216156662E-001         9.3908184318E-001         
2019-03-31                16:44:55.989              89.36453691               2144.748886               90.36453691               1554050695.989            0                         963                       2.0000000000E+000         1.6000000000E+001         0.0000000000E+000         1.2684824218E+001         2.3773165621E+000         4.6841524071E+002         4.7386698341E+002         7.4216156662E-001         9.3908184318E-001         
2019-03-31                16:45:16.102              89.36476971               2144.754473               90.36476971               1554050716.103            0                         963                       1.0000000000E+000         1.6000000000E+001         0.0000000000E+000         1.2684824218E+001         2.3773165621E+000         4.6821448333E+002         4.7386698341E+002         7.4216156662E-001         9.3908184318E-001         
2019-03-31                16:46:04.391              89.36532861               2144.767887               90.36532861               1554050764.392            0                         963                       1.0000000000E+000         1.6000000000E+001         0.0000000000E+000         1.2684824218E+001         1.2805617253E+001         4.6809322805E+002         4.7366388948E+002         7.4216156662E-001         9.3908184318E-001         
2019-03-31                16:46:53.693              89.36589922               2144.781581               90.36589922               1554050813.693            0                         963                       1.0000000000E+000         1.6000000000E+001         0.0000000000E+000         1.2684824218E+001         1.2805617253E+001         4.6793125882E+002         4.7354122294E+002         7.4216156662E-001         9.3908184318E-001         
2019-03-31                16:47:41.976              89.36645806               2144.794993               90.36645806               1554050861.976            0                         963                       1.0000000000E+000         1.6000000000E+001         0.0000000000E+000         1.2684824218E+001         1.2805617253E+001         4.6776994245E+002         4.7337736860E+002         7.4216156662E-001         9.3908184318E-001         
2019-03-31                16:48:31.233              89.36702817               2144.808676               90.36702817               1554050911.234            0                         963                       1.0000000000E+000         1.6000000000E+001         0.0000000000E+000         1.2684824218E+001         1.2805617253E+001         4.6761761595E+002         4.7321417472E+002         7.4216156662E-001         9.3908184318E-001         
2019-03-31                16:49:20.470              89.36759804               2144.822353               90.36759804               1554050960.471            0                         963                       1.0000000000E+000         1.6000000000E+001         0.0000000000E+000         1.2684824218E+001         1.2805617253E+001         4.6743158241E+002         4.7306007534E+002         7.4216156662E-001         9.3908184318E-001         
