DATE                      TIME                      FRAC_DAYS_SINCE_JAN1      FRAC_HRS_SINCE_JAN1       JULIAN_DAYS               EPOCH_TIME                ALARM_STATUS              INST_STATUS               species                   MPVPosition               solenoid_valves           CH4                       CH4_dry                   CO2                       CO2_dry                   H2O                       h2o_reported              
2019-06-30                21:17:53.306              180.55408920              4333.298141               181.55408920              1561929473.307            0                         963                       1.0000000000E+000         3.0000000000E+000         0.0000000000E+000         4.6115449641E+001         4.6774242590E+001         4.3735943243E+002         4.4493713759E+002         1.1085655178E+000         1.3873649627E+000         
2019-06-30                21:18:42.558              180.55465924              4333.311822               181.55465924              1561929522.558            0                         963                       1.0000000000E+000         3.0000000000E+000         0.0000000000E+000         4.6115449641E+001         4.6774242590E+001         4.3736162874E+002         4.4499694441E+002         1.1085655178E+000         1.3873649627E+000         
2019-06-30                21:19:31.802              180.55522920              4333.325501               181.55522920              1561929571.803            0                         963                       1.0000000000E+000         3.0000000000E+000         0.0000000000E+000         4.6115449641E+001         4.6774242590E+001         4.3729973447E+002         4.4499917908E+002         1.1085655178E+000         1.3873649627E+000         
2019-06-30                21:20:21.924              180.55580932              4333.339424               181.55580932              1561929621.925            0                         963                       1.0000000000E+000         3.0000000000E+000         0.0000000000E+000         4.6115449641E+001         4.6774242590E+001         4.3728369095E+002         4.4493620397E+002         1.1085655178E+000         1.3873649627E+000         
2019-06-30                21:21:11.178              180.55637939              4333.353105               181.55637939              1561929671.179            0                         963                       1.0000000000E+000         3.0000000000E+000         0.0000000000E+000         4.6115449641E+001         4.6774242590E+001         4.3724553515E+002         4.4491988028E+002         1.1085655178E+000         1.3873649627E+000         
2019-06-30                21:22:01.299              180.55695948              4333.367028               181.55695948              1561929721.299            0                         963                       1.0000000000E+000         3.0000000000E+000         0.0000000000E+000         4.6115449641E+001         4.6774242590E+001         4.3719165885E+002         4.4488105818E+002         1.1085655178E+000         1.3873649627E+000         
2019-06-30                21:22:50.585              180.55752993              4333.380718               181.55752993              1561929770.586            0                         963                       1.0000000000E+000         3.0000000000E+000         0.0000000000E+000         4.6115449641E+001         4.6774242590E+001         4.3713504837E+002         4.4482624105E+002         1.1085655178E+000         1.3873649627E+000         
2019-06-30                21:23:39.805              180.55809959              4333.394390               181.55809959              1561929819.805            0                         963                       1.0000000000E+000         3.0000000000E+000         0.0000000000E+000         4.6115449641E+001         4.6774242590E+001         4.3701699659E+002         4.4476864199E+002         1.1085655178E+000         1.3873649627E+000         
2019-06-30                21:24:31.017              180.55869234              4333.408616               181.55869234              1561929871.018            0                         963                       1.0000000000E+000         3.0000000000E+000         0.0000000000E+000         4.6115449641E+001         4.6774242590E+001         4.3684133324E+002         4.4464852870E+002         1.1085655178E+000         1.3873649627E+000         
2019-06-30                21:25:21.122              180.55927226              4333.422534               181.55927226              1561929921.123            0                         963                       1.0000000000E+000         3.0000000000E+000         0.0000000000E+000         4.6115449641E+001         4.6774242590E+001         4.3673086580E+002         4.4446979777E+002         1.1085655178E+000         1.3873649627E+000         
2019-06-30                21:26:10.362              180.55984216              4333.436212               181.55984216              1561929970.363            0                         963                       1.0000000000E+000         3.0000000000E+000         0.0000000000E+000         4.6115449641E+001         4.6774242590E+001         4.3666859903E+002         4.4435740126E+002         1.1085655178E+000         1.3873649627E+000         
2019-06-30                21:26:59.596              180.56041200              4333.449888               181.56041200              1561930019.597            0                         963                       1.0000000000E+000         3.0000000000E+000         0.0000000000E+000         4.6115449641E+001         4.6774242590E+001         4.3660391749E+002         4.4429404715E+002         1.1085655178E+000         1.3873649627E+000         
2019-06-30                21:27:50.756              180.56100413              4333.464099               181.56100413              1561930070.757            0                         963                       1.0000000000E+000         3.0000000000E+000         0.0000000000E+000         4.6115449641E+001         4.6774242590E+001         4.3652444182E+002         4.4422823609E+002         1.1085655178E+000         1.3873649627E+000         
2019-06-30                21:28:40.006              180.56157416              4333.477780               181.56157416              1561930120.007            0                         963                       1.0000000000E+000         3.0000000000E+000         0.0000000000E+000         4.6115449641E+001         4.6774242590E+001         4.3640698836E+002         4.4414737255E+002         1.1085655178E+000         1.3873649627E+000         
2019-06-30                21:29:29.230              180.56214387              4333.491453               181.56214387              1561930169.230            0                         963                       1.0000000000E+000         3.0000000000E+000         0.0000000000E+000         4.6115449641E+001         4.6774242590E+001         4.3631622292E+002         4.4402786802E+002         1.1085655178E+000         1.3873649627E+000         
2019-06-30                21:30:19.404              180.56272459              4333.505390               181.56272459              1561930219.405            0                         963                       1.0000000000E+000         3.0000000000E+000         0.0000000000E+000         4.6115449641E+001         4.6774242590E+001         4.3623602275E+002         4.4393551757E+002         1.1085655178E+000         1.3873649627E+000         
2019-06-30                21:31:09.516              180.56330458              4333.519310               181.56330458              1561930269.516            0                         963                       1.0000000000E+000         3.0000000000E+000         0.0000000000E+000         4.6115449641E+001         4.6774242590E+001         4.3610887782E+002         4.4385391688E+002         1.1085655178E+000         1.3873649627E+000         
2019-06-30                21:31:58.799              180.56387500              4333.533000               181.56387500              1561930318.800            0                         963                       1.0000000000E+000         3.0000000000E+000         0.0000000000E+000         4.6115449641E+001         4.6774242590E+001         4.3597582930E+002         4.4372455164E+002         1.1085655178E+000         1.3873649627E+000         
2019-06-30                21:32:48.888              180.56445472              4333.546913               181.56445472              1561930368.888            0                         963                       1.0000000000E+000         3.0000000000E+000         0.0000000000E+000         4.6115449641E+001         4.6774242590E+001         4.3584597157E+002         4.4358917973E+002         1.1085655178E+000         1.3873649627E+000         
2019-06-30                21:33:38.193              180.56502538              4333.560609               181.56502538              1561930418.193            0                         963                       1.0000000000E+000         3.0000000000E+000         0.0000000000E+000         4.6115449641E+001         4.6774242590E+001         4.3569959862E+002         4.4345705432E+002         1.1085655178E+000         1.3873649627E+000         
2019-06-30                21:34:29.404              180.56561810              4333.574834               181.56561810              1561930469.404            0                         963                       1.0000000000E+000         3.0000000000E+000         0.0000000000E+000         4.6115449641E+001         4.6774242590E+001         4.3559694037E+002         4.4330812529E+002         1.1085655178E+000         1.3873649627E+000         
2019-06-30                21:35:18.634              180.56618789              4333.588509               181.56618789              1561930518.634            0                         963                       1.0000000000E+000         3.0000000000E+000         0.0000000000E+000         4.6115449641E+001         4.6774242590E+001         4.3552799752E+002         4.4320367435E+002         1.1085655178E+000         1.3873649627E+000         
2019-06-30                21:36:07.851              180.56675753              4333.602181               181.56675753              1561930567.851            0                         963                       1.0000000000E+000         3.0000000000E+000         0.0000000000E+000         4.6115449641E+001         4.6774242590E+001         4.3543669077E+002         4.4313352756E+002         1.1085655178E+000         1.3873649627E+000         
2019-06-30                21:36:57.940              180.56733727              4333.616094               181.56733727              1561930617.940            0                         963                       1.0000000000E+000         3.0000000000E+000         0.0000000000E+000         4.6115449641E+001         4.6774242590E+001         4.3541874486E+002         4.4304062634E+002         1.1085655178E+000         1.3873649627E+000         
2019-06-30                21:37:27.438              180.56767869              4333.624289               181.56767869              1561930647.439            0                         963                       2.0000000000E+000         3.0000000000E+000         0.0000000000E+000         4.3720310619E+001         4.6774242590E+001         4.3541874486E+002         4.4302236704E+002         1.1085655178E+000         1.3873649627E+000         
2019-06-30                21:37:47.174              180.56790712              4333.629771               181.56790712              1561930667.175            0                         963                       1.0000000000E+000         3.0000000000E+000         0.0000000000E+000         4.3720310619E+001         4.6774242590E+001         4.3548221868E+002         4.4302236704E+002         1.1085655178E+000         1.3873649627E+000         
2019-06-30                21:38:37.319              180.56848749              4333.643700               181.56848749              1561930717.319            0                         963                       1.0000000000E+000         3.0000000000E+000         0.0000000000E+000         4.3720310619E+001         4.4344887255E+001         4.3545135265E+002         4.4308694930E+002         1.1085655178E+000         1.3873649627E+000         
2019-06-30                21:39:26.569              180.56905751              4333.657380               181.56905751              1561930766.569            0                         963                       1.0000000000E+000         3.0000000000E+000         0.0000000000E+000         4.3720310619E+001         4.4344887255E+001         4.3541069299E+002         4.4305554426E+002         1.1085655178E+000         1.3873649627E+000         
2019-06-30                21:40:17.726              180.56964962              4333.671591               181.56964962              1561930817.727            0                         963                       1.0000000000E+000         3.0000000000E+000         0.0000000000E+000         4.3720310619E+001         4.4344887255E+001         4.3538692380E+002         4.4301417456E+002         1.1085655178E+000         1.3873649627E+000         
2019-06-30                21:41:07.854              180.57022979              4333.685515               181.57022979              1561930867.854            0                         963                       1.0000000000E+000         3.0000000000E+000         0.0000000000E+000         4.3720310619E+001         4.4344887255E+001         4.3532510639E+002         4.4298999031E+002         1.1085655178E+000         1.3873649627E+000         
2019-06-30                21:41:57.085              180.57079961              4333.699191               181.57079961              1561930917.086            0                         963                       1.0000000000E+000         3.0000000000E+000         0.0000000000E+000         4.3720310619E+001         4.4344887255E+001         4.3522907503E+002         4.4292709339E+002         1.1085655178E+000         1.3873649627E+000         
2019-06-30                21:42:47.174              180.57137933              4333.713104               181.57137933              1561930967.174            0                         963                       1.0000000000E+000         3.0000000000E+000         0.0000000000E+000         4.3720310619E+001         4.4344887255E+001         4.3517724512E+002         4.4282938505E+002         1.1085655178E+000         1.3873649627E+000         
2019-06-30                21:43:16.453              180.57171821              4333.721237               181.57171821              1561930996.453            0                         963                       2.0000000000E+000         3.0000000000E+000         0.0000000000E+000         3.8358276747E+001         4.4344887255E+001         4.3517724512E+002         4.4277665004E+002         1.1085655178E+000         1.3873649627E+000         
2019-06-30                21:43:36.446              180.57194961              4333.726791               181.57194961              1561931016.446            0                         963                       1.0000000000E+000         3.0000000000E+000         0.0000000000E+000         3.8358276747E+001         4.4344887255E+001         4.3506469980E+002         4.4277665004E+002         1.1085655178E+000         1.3873649627E+000         
2019-06-30                21:44:27.655              180.57254231              4333.741016               181.57254231              1561931067.656            0                         963                       1.0000000000E+000         3.0000000000E+000         0.0000000000E+000         3.8358276747E+001         3.8906252804E+001         4.3501595229E+002         4.4266213938E+002         1.1085655178E+000         1.3873649627E+000         
2019-06-30                21:45:17.753              180.57312214              4333.754931               181.57312214              1561931117.753            0                         963                       1.0000000000E+000         3.0000000000E+000         0.0000000000E+000         3.8358276747E+001         3.8906252804E+001         4.3493013498E+002         4.4261254060E+002         1.1085655178E+000         1.3873649627E+000         
2019-06-30                21:46:06.961              180.57369169              4333.768601               181.57369169              1561931166.962            0                         963                       1.0000000000E+000         3.0000000000E+000         0.0000000000E+000         3.8358276747E+001         3.8906252804E+001         4.3480857259E+002         4.4252522467E+002         1.1085655178E+000         1.3873649627E+000         
2019-06-30                21:46:57.094              180.57427192              4333.782526               181.57427192              1561931217.094            0                         963                       1.0000000000E+000         3.0000000000E+000         0.0000000000E+000         3.8358276747E+001         3.8906252804E+001         4.3467922055E+002         4.4240153948E+002         1.1085655178E+000         1.3873649627E+000         
2019-06-30                21:47:46.398              180.57484258              4333.796222               181.57484258              1561931266.399            0                         963                       1.0000000000E+000         3.0000000000E+000         0.0000000000E+000         3.8358276747E+001         3.8906252804E+001         4.3455251744E+002         4.4226992859E+002         1.1085655178E+000         1.3873649627E+000         
2019-06-30                21:48:35.627              180.57541235              4333.809896               181.57541235              1561931315.627            0                         963                       1.0000000000E+000         3.0000000000E+000         0.0000000000E+000         3.8358276747E+001         3.8906252804E+001         4.3443277559E+002         4.4214101289E+002         1.1085655178E+000         1.3873649627E+000         
2019-06-30                21:49:25.723              180.57599216              4333.823812               181.57599216              1561931365.723            0                         963                       1.0000000000E+000         3.0000000000E+000         0.0000000000E+000         3.8358276747E+001         3.8906252804E+001         4.3431167849E+002         4.4201918001E+002         1.1085655178E+000         1.3873649627E+000         
2019-06-30                21:50:15.904              180.57657297              4333.837751               181.57657297              1561931415.905            0                         963                       1.0000000000E+000         3.0000000000E+000         0.0000000000E+000         3.8358276747E+001         3.8906252804E+001         4.3415615016E+002         4.4189596822E+002         1.1085655178E+000         1.3873649627E+000         
2019-06-30                21:51:04.188              180.57713182              4333.851164               181.57713182              1561931464.189            0                         963                       1.0000000000E+000         3.0000000000E+000         0.0000000000E+000         3.8358276747E+001         3.8906252804E+001         4.3401737311E+002         4.4173772393E+002         1.1085655178E+000         1.3873649627E+000         
2019-06-30                21:51:53.423              180.57770166              4333.864840               181.57770166              1561931513.423            0                         963                       1.0000000000E+000         3.0000000000E+000         0.0000000000E+000         3.8358276747E+001         3.8906252804E+001         4.3387895162E+002         4.4159652345E+002         1.1085655178E+000         1.3873649627E+000         
2019-06-30                21:52:42.664              180.57827157              4333.878518               181.57827157              1561931562.664            0                         963                       1.0000000000E+000         3.0000000000E+000         0.0000000000E+000         3.8358276747E+001         3.8906252804E+001         4.3372844351E+002         4.4145568473E+002         1.1085655178E+000         1.3873649627E+000         
2019-06-30                21:53:32.825              180.57885215              4333.892452               181.57885215              1561931612.826            0                         963                       1.0000000000E+000         3.0000000000E+000         0.0000000000E+000         3.8358276747E+001         3.8906252804E+001         4.3361960529E+002         4.4130254833E+002         1.1085655178E+000         1.3873649627E+000         
2019-06-30                21:54:22.950              180.57943229              4333.906375               181.57943229              1561931662.950            0                         963                       1.0000000000E+000         3.0000000000E+000         0.0000000000E+000         3.8358276747E+001         3.8906252804E+001         4.3352488592E+002         4.4119180950E+002         1.1085655178E+000         1.3873649627E+000         
2019-06-30                21:55:12.232              180.58000269              4333.920064               181.58000269              1561931712.232            0                         963                       1.0000000000E+000         3.0000000000E+000         0.0000000000E+000         3.8358276747E+001         3.8906252804E+001         4.3340502004E+002         4.4109543606E+002         1.1085655178E+000         1.3873649627E+000         
2019-06-30                21:56:01.467              180.58057255              4333.933741               181.58057255              1561931761.468            0                         963                       1.0000000000E+000         3.0000000000E+000         0.0000000000E+000         3.8358276747E+001         3.8906252804E+001         4.3326647287E+002         4.4097347699E+002         1.1085655178E+000         1.3873649627E+000         
2019-06-30                21:56:51.558              180.58115229              4333.947655               181.58115229              1561931811.558            0                         963                       1.0000000000E+000         3.0000000000E+000         0.0000000000E+000         3.8358276747E+001         3.8906252804E+001         4.3309365890E+002         4.4083251041E+002         1.1085655178E+000         1.3873649627E+000         
2019-06-30                21:57:41.720              180.58173287              4333.961589               181.58173287              1561931861.720            0                         963                       1.0000000000E+000         3.0000000000E+000         0.0000000000E+000         3.8358276747E+001         3.8906252804E+001         4.3294615486E+002         4.4065667862E+002         1.1085655178E+000         1.3873649627E+000         
2019-06-30                21:58:30.927              180.58230241              4333.975258               181.58230241              1561931910.928            0                         963                       1.0000000000E+000         3.0000000000E+000         0.0000000000E+000         3.8358276747E+001         3.8906252804E+001         4.3283103385E+002         4.4050659875E+002         1.1085655178E+000         1.3873649627E+000         
2019-06-30                21:59:20.141              180.58287201              4333.988928               181.58287201              1561931960.142            0                         963                       1.0000000000E+000         3.0000000000E+000         0.0000000000E+000         3.8358276747E+001         3.8906252804E+001         4.3273622284E+002         4.4038946741E+002         1.1085655178E+000         1.3873649627E+000         
2019-06-30                22:00:09.391              180.58344203              4334.002609               181.58344203              1561932009.391            0                         963                       1.0000000000E+000         3.0000000000E+000         0.0000000000E+000         3.8358276747E+001         3.8906252804E+001         4.3268164106E+002         4.4029300073E+002         1.1085655178E+000         1.3873649627E+000         
2019-06-30                22:00:58.641              180.58401205              4334.016289               181.58401205              1561932058.641            0                         963                       1.0000000000E+000         3.0000000000E+000         0.0000000000E+000         3.8358276747E+001         3.8906252804E+001         4.3262601555E+002         4.4023746580E+002         1.1085655178E+000         1.3873649627E+000         
2019-06-30                22:01:48.838              180.58459303              4334.030233               181.58459303              1561932108.838            0                         963                       1.0000000000E+000         3.0000000000E+000         0.0000000000E+000         3.8358276747E+001         3.8906252804E+001         4.3256638220E+002         4.4018086891E+002         1.1085655178E+000         1.3873649627E+000         
2019-06-30                22:02:40.020              180.58518543              4334.044450               181.58518543              1561932160.021            0                         963                       1.0000000000E+000         3.0000000000E+000         0.0000000000E+000         3.8358276747E+001         3.8906252804E+001         4.3252026080E+002         4.4012019420E+002         1.1085655178E+000         1.3873649627E+000         
2019-06-30                22:03:30.170              180.58576586              4334.058381               181.58576586              1561932210.170            0                         963                       1.0000000000E+000         3.0000000000E+000         0.0000000000E+000         3.8358276747E+001         3.8906252804E+001         4.3244226371E+002         4.4007326739E+002         1.1085655178E+000         1.3873649627E+000         
2019-06-30                22:04:19.426              180.58633595              4334.072063               181.58633595              1561932259.426            0                         963                       1.0000000000E+000         3.0000000000E+000         0.0000000000E+000         3.8358276747E+001         3.8906252804E+001         4.3233851104E+002         4.3999390825E+002         1.1085655178E+000         1.3873649627E+000         
2019-06-30                22:05:09.710              180.58691794              4334.086031               181.58691794              1561932309.710            0                         963                       1.0000000000E+000         3.0000000000E+000         0.0000000000E+000         3.8358276747E+001         3.8906252804E+001         4.3226402913E+002         4.3988834378E+002         1.1085655178E+000         1.3873649627E+000         
2019-06-30                22:05:58.927              180.58748758              4334.099702               181.58748758              1561932358.927            0                         963                       1.0000000000E+000         3.0000000000E+000         0.0000000000E+000         3.8358276747E+001         3.8906252804E+001         4.3218323188E+002         4.3981256121E+002         1.1085655178E+000         1.3873649627E+000         
2019-06-30                22:06:49.128              180.58806861              4334.113647               181.58806861              1561932409.128            0                         963                       1.0000000000E+000         3.0000000000E+000         0.0000000000E+000         3.8358276747E+001         3.8906252804E+001         4.3211723612E+002         4.3973035301E+002         1.1085655178E+000         1.3873649627E+000         
2019-06-30                22:07:38.394              180.58863883              4334.127332               181.58863883              1561932458.395            0                         963                       1.0000000000E+000         3.0000000000E+000         0.0000000000E+000         3.8358276747E+001         3.8906252804E+001         4.3202869440E+002         4.3966320478E+002         1.1085655178E+000         1.3873649627E+000         
2019-06-30                22:08:27.625              180.58920862              4334.141007               181.58920862              1561932507.625            0                         963                       1.0000000000E+000         3.0000000000E+000         0.0000000000E+000         3.8358276747E+001         3.8906252804E+001         4.3190797991E+002         4.3957311688E+002         1.1085655178E+000         1.3873649627E+000         
2019-06-30                22:09:16.855              180.58977843              4334.154682               181.58977843              1561932556.856            0                         963                       1.0000000000E+000         3.0000000000E+000         0.0000000000E+000         3.8358276747E+001         3.8906252804E+001         4.3183934052E+002         4.3945029437E+002         1.1085655178E+000         1.3873649627E+000         
2019-06-30                22:10:07.046              180.59035934              4334.168624               181.59035934              1561932607.047            0                         963                       1.0000000000E+000         3.0000000000E+000         0.0000000000E+000         3.8358276747E+001         3.8906252804E+001         4.3181664013E+002         4.3938045636E+002         1.1085655178E+000         1.3873649627E+000         
2019-06-30                22:10:57.183              180.59093962              4334.182551               181.59093962              1561932657.183            0                         963                       1.0000000000E+000         3.0000000000E+000         0.0000000000E+000         3.8358276747E+001         3.8906252804E+001         4.3174216233E+002         4.3935735955E+002         1.1085655178E+000         1.3873649627E+000         
2019-06-30                22:11:46.390              180.59150914              4334.196219               181.59150914              1561932706.390            0                         963                       1.0000000000E+000         3.0000000000E+000         0.0000000000E+000         3.8358276747E+001         3.8906252804E+001         4.3159691093E+002         4.3928158116E+002         1.1085655178E+000         1.3873649627E+000         
2019-06-30                22:12:36.493              180.59208904              4334.210137               181.59208904              1561932756.493            0                         963                       1.0000000000E+000         3.0000000000E+000         0.0000000000E+000         3.8358276747E+001         3.8906252804E+001         4.3150032854E+002         4.3913379327E+002         1.1085655178E+000         1.3873649627E+000         
2019-06-30                22:12:42.598              180.59215971              4334.211833               181.59215971              1561932762.599            0                         963                       3.0000000000E+000         3.0000000000E+000         0.0000000000E+000         3.8358276747E+001         3.8895385757E+001         4.3150032854E+002         4.3888601984E+002         1.0651840578E+000         1.3347853822E+000         
2019-06-30                22:13:15.898              180.59254513              4334.221083               181.59254513              1561932795.899            0                         963                       1.0000000000E+000         3.0000000000E+000         0.0000000000E+000         3.8358276747E+001         3.8895385757E+001         4.3144603290E+002         4.3888601984E+002         1.0651840578E+000         1.3347853822E+000         
2019-06-30                22:14:05.059              180.59311412              4334.234739               181.59311412              1561932845.060            0                         963                       1.0000000000E+000         3.0000000000E+000         0.0000000000E+000         3.8358276747E+001         3.8884537818E+001         4.3136365150E+002         4.3868157590E+002         1.0651840578E+000         1.3347853822E+000         
2019-06-30                22:14:55.144              180.59369380              4334.248651               181.59369380              1561932895.144            0                         963                       1.0000000000E+000         3.0000000000E+000         0.0000000000E+000         3.8358276747E+001         3.8884537818E+001         4.3125090032E+002         4.3859781292E+002         1.0651840578E+000         1.3347853822E+000         
2019-06-30                22:15:45.444              180.59427597              4334.262623               181.59427597              1561932945.444            0                         963                       1.0000000000E+000         3.0000000000E+000         0.0000000000E+000         3.8358276747E+001         3.8884537818E+001         4.3113747712E+002         4.3848317085E+002         1.0651840578E+000         1.3347853822E+000         
2019-06-30                22:16:35.536              180.59485575              4334.276538               181.59485575              1561932995.537            0                         963                       1.0000000000E+000         3.0000000000E+000         0.0000000000E+000         3.8358276747E+001         3.8884537818E+001         4.3099021592E+002         4.3836784550E+002         1.0651840578E+000         1.3347853822E+000         
2019-06-30                22:17:04.831              180.59519480              4334.284675               181.59519480              1561933024.831            0                         963                       2.0000000000E+000         3.0000000000E+000         0.0000000000E+000         3.7726790641E+001         3.8884537818E+001         4.3099021592E+002         4.3821811466E+002         1.0651840578E+000         1.3347853822E+000         
2019-06-30                22:17:24.822              180.59542618              4334.290228               181.59542618              1561933044.822            0                         963                       1.0000000000E+000         3.0000000000E+000         0.0000000000E+000         3.7726790641E+001         3.8884537818E+001         4.3087516112E+002         4.3821811466E+002         1.0651840578E+000         1.3347853822E+000         
2019-06-30                22:18:15.964              180.59601811              4334.304435               181.59601811              1561933095.965            0                         963                       1.0000000000E+000         3.0000000000E+000         0.0000000000E+000         3.7726790641E+001         3.8244387961E+001         4.3079702773E+002         4.3810113034E+002         1.0651840578E+000         1.3347853822E+000         
