DATE                      TIME                      FRAC_DAYS_SINCE_JAN1      FRAC_HRS_SINCE_JAN1       JULIAN_DAYS               EPOCH_TIME                ALARM_STATUS              INST_STATUS               species                   MPVPosition               solenoid_valves           CH4                       CH4_dry                   CO2                       CO2_dry                   H2O                       h2o_reported              
2019-04-04                12:36:24.451              93.19194968               2236.606792               94.19194968               1554381384.452            0                         963                       1.0000000000E+000         5.0000000000E+000         0.0000000000E+000         2.2578283431E+002         2.2795722697E+002         4.2776834294E+002         4.3267013462E+002         7.5049094013E-001         9.4938012718E-001         
2019-04-04                12:37:13.780              93.19252061               2236.620495               94.19252061               1554381433.781            0                         963                       1.0000000000E+000         1.6000000000E+001         2.0000000000E+000         2.2578283431E+002         2.2795722697E+002         4.2770754152E+002         4.3280339376E+002         7.5049094013E-001         9.4938012718E-001         
2019-04-04                12:38:03.012              93.19309042               2236.634170               94.19309042               1554381483.012            0                         963                       1.0000000000E+000         6.0000000000E+000         0.0000000000E+000         2.2578283431E+002         2.2795722697E+002         4.2785664637E+002         4.3274187668E+002         7.5049094013E-001         9.4938012718E-001         
2019-04-04                12:38:52.259              93.19366042               2236.647850               94.19366042               1554381532.260            0                         963                       1.0000000000E+000         6.0000000000E+000         0.0000000000E+000         2.2578283431E+002         2.2795722697E+002         4.2822214287E+002         4.3289273657E+002         7.5049094013E-001         9.4938012718E-001         
2019-04-04                12:39:41.473              93.19423001               2236.661520               94.19423001               1554381581.473            0                         963                       1.0000000000E+000         1.6000000000E+001         0.0000000000E+000         2.2578283431E+002         2.2795722697E+002         4.2834325571E+002         4.3326253515E+002         7.5049094013E-001         9.4938012718E-001         
2019-04-04                12:40:30.709              93.19479987               2236.675197               94.19479987               1554381630.709            0                         963                       1.0000000000E+000         7.0000000000E+000         0.0000000000E+000         2.2578283431E+002         2.2795722697E+002         4.2847925721E+002         4.3338507355E+002         7.5049094013E-001         9.4938012718E-001         
2019-04-04                12:40:57.989              93.19511561               2236.682775               94.19511561               1554381657.989            0                         963                       2.0000000000E+000         7.0000000000E+000         0.0000000000E+000         2.2072671121E+002         2.2795722697E+002         4.2847925721E+002         4.3352267585E+002         7.5049094013E-001         9.4938012718E-001         
2019-04-04                12:41:18.105              93.19534845               2236.688363               94.19534845               1554381678.106            0                         963                       1.0000000000E+000         7.0000000000E+000         0.0000000000E+000         2.2072671121E+002         2.2795722697E+002         4.2868827770E+002         4.3352267585E+002         7.5049094013E-001         9.4938012718E-001         
2019-04-04                12:41:44.384              93.19565259               2236.695662               94.19565259               1554381704.384            0                         963                       2.0000000000E+000         7.0000000000E+000         0.0000000000E+000         1.3991378385E+001         2.2285241107E+002         4.2868827770E+002         4.3373415662E+002         7.5049094013E-001         9.4938012718E-001         
2019-04-04                12:42:04.503              93.19588546               2236.701251               94.19588546               1554381724.504            0                         963                       1.0000000000E+000         7.0000000000E+000         0.0000000000E+000         1.3991378385E+001         2.2285241107E+002         4.2885404172E+002         4.3373415662E+002         7.5049094013E-001         9.4938012718E-001         
2019-04-04                12:42:52.789              93.19644432               2236.714664               94.19644432               1554381772.789            0                         963                       1.0000000000E+000         8.0000000000E+000         0.0000000000E+000         1.3991378385E+001         1.4126121802E+001         4.2898053069E+002         4.3390187177E+002         7.5049094013E-001         9.4938012718E-001         
2019-04-04                12:43:42.062              93.19701461               2236.728351               94.19701461               1554381822.062            0                         963                       1.0000000000E+000         8.0000000000E+000         0.0000000000E+000         1.3991378385E+001         1.4126121802E+001         4.2915707621E+002         4.3402984958E+002         7.5049094013E-001         9.4938012718E-001         
2019-04-04                12:44:31.301              93.19758450               2236.742028               94.19758450               1554381871.301            0                         963                       1.0000000000E+000         8.0000000000E+000         0.0000000000E+000         1.3991378385E+001         1.4126121802E+001         4.2933462919E+002         4.3420847313E+002         7.5049094013E-001         9.4938012718E-001         
2019-04-04                12:44:57.581              93.19788867               2236.749328               94.19788867               1554381897.581            0                         963                       2.0000000000E+000         1.4395833333E+001         0.0000000000E+000         1.3914464260E+001         1.4126121802E+001         4.2933462919E+002         4.3438811601E+002         7.5049094013E-001         9.4938012718E-001         
2019-04-04                12:45:17.694              93.19812146               2236.754915               94.19812146               1554381917.694            0                         963                       1.0000000000E+000         9.0000000000E+000         0.0000000000E+000         1.3914464260E+001         1.4126121802E+001         4.2943449533E+002         4.3438811601E+002         7.5049094013E-001         9.4938012718E-001         
2019-04-04                12:46:05.964              93.19868015               2236.768324               94.19868015               1554381965.965            0                         963                       1.0000000000E+000         9.0000000000E+000         0.0000000000E+000         1.3914464260E+001         1.4048466958E+001         4.2957146203E+002         4.3448915762E+002         7.5049094013E-001         9.4938012718E-001         
2019-04-04                12:46:55.171              93.19924966               2236.781992               94.19924966               1554382015.171            0                         963                       1.0000000000E+000         9.0000000000E+000         0.0000000000E+000         1.3914464260E+001         1.4048466958E+001         4.2981474204E+002         4.3462773649E+002         7.5049094013E-001         9.4938012718E-001         
2019-04-04                12:47:44.387              93.19981929               2236.795663               94.19981929               1554382064.387            0                         963                       1.0000000000E+000         1.0000000000E+001         0.0000000000E+000         1.3914464260E+001         1.4048466958E+001         4.2932127009E+002         4.3487388003E+002         7.5049094013E-001         9.4938012718E-001         
2019-04-04                12:48:33.607              93.20038897               2236.809335               94.20038897               1554382113.607            0                         963                       1.0000000000E+000         1.0000000000E+001         0.0000000000E+000         1.3914464260E+001         1.4048466958E+001         4.2945721773E+002         4.3437459966E+002         7.5049094013E-001         9.4938012718E-001         
2019-04-04                12:49:22.836              93.20095876               2236.823010               94.20095876               1554382162.837            0                         963                       1.0000000000E+000         1.0000000000E+001         0.0000000000E+000         1.3914464260E+001         1.4048466958E+001         4.3021283501E+002         4.3451214747E+002         7.5049094013E-001         9.4938012718E-001         
2019-04-04                12:50:12.092              93.20152884               2236.836692               94.20152884               1554382212.092            0                         963                       1.0000000000E+000         1.1000000000E+001         0.0000000000E+000         1.3914464260E+001         1.4048466958E+001         4.2865560584E+002         4.3527665876E+002         7.5049094013E-001         9.4938012718E-001         
2019-04-04                12:50:16.500              93.20157986               2236.837917               94.20157986               1554382216.500            0                         963                       3.0000000000E+000         1.1000000000E+001         0.0000000000E+000         1.3914464260E+001         1.4048983934E+001         4.2865560584E+002         4.3372057062E+002         7.5623119736E-001         9.5647430182E-001         
2019-04-04                12:50:48.562              93.20195096               2236.846823               94.20195096               1554382248.563            0                         963                       1.0000000000E+000         1.1000000000E+001         0.0000000000E+000         1.3914464260E+001         1.4048983934E+001         4.2875989120E+002         4.3372057062E+002         7.5623119736E-001         9.5647430182E-001         
2019-04-04                12:51:14.421              93.20225025               2236.854006               94.20225025               1554382274.422            0                         963                       2.0000000000E+000         1.1000000000E+001         0.0000000000E+000         1.4312156956E+001         1.4049501033E+001         4.2875989120E+002         4.3384556806E+002         7.5623119736E-001         9.5647430182E-001         
2019-04-04                12:51:34.855              93.20248675               2236.859682               94.20248675               1554382294.855            0                         963                       1.0000000000E+000         1.1000000000E+001         0.0000000000E+000         1.4312156956E+001         1.4049501033E+001         4.3054164787E+002         4.3384556806E+002         7.5623119736E-001         9.5647430182E-001         
2019-04-04                12:52:24.158              93.20305740               2236.873377               94.20305740               1554382344.159            0                         963                       1.0000000000E+000         1.6000000000E+001         0.0000000000E+000         1.4312156956E+001         1.4451053248E+001         4.3064419136E+002         4.3564845880E+002         7.5623119736E-001         9.5647430182E-001         
2019-04-04                12:53:13.405              93.20362738               2236.887057               94.20362738               1554382393.406            0                         963                       1.0000000000E+000         1.2000000000E+001         0.0000000000E+000         1.4312156956E+001         1.4451053248E+001         4.3078097104E+002         4.3575221860E+002         7.5623119736E-001         9.5647430182E-001         
2019-04-04                12:54:02.661              93.20419747               2236.900739               94.20419747               1554382442.661            0                         963                       1.0000000000E+000         1.2000000000E+001         0.0000000000E+000         1.4312156956E+001         1.4451053248E+001         4.3090551999E+002         4.3589062067E+002         7.5623119736E-001         9.5647430182E-001         
2019-04-04                12:54:51.941              93.20476785               2236.914428               94.20476785               1554382491.942            0                         963                       1.0000000000E+000         1.6000000000E+001         0.0000000000E+000         1.4312156956E+001         1.4451053248E+001         4.3102617354E+002         4.3601664694E+002         7.5623119736E-001         9.5647430182E-001         
2019-04-04                12:55:19.200              93.20508334               2236.922000               94.20508334               1554382519.201            0                         963                       2.0000000000E+000         1.3000000000E+001         0.0000000000E+000         1.4262138451E+001         1.4451053248E+001         4.3102617354E+002         4.3613873161E+002         7.5623119736E-001         9.5647430182E-001         
2019-04-04                12:55:39.325              93.20531627               2236.927591               94.20531627               1554382539.326            0                         963                       1.0000000000E+000         1.3000000000E+001         0.0000000000E+000         1.4262138451E+001         1.4451053248E+001         4.2976155373E+002         4.3613873161E+002         7.5623119736E-001         9.5647430182E-001         
2019-04-04                12:56:28.568              93.20588620               2236.941269               94.20588620               1554382588.568            0                         963                       1.0000000000E+000         1.3000000000E+001         0.0000000000E+000         1.4262138451E+001         1.4400549325E+001         4.3129825863E+002         4.3485911168E+002         7.5623119736E-001         9.5647430182E-001         
2019-04-04                12:57:17.782              93.20645581               2236.954939               94.20645581               1554382637.782            0                         963                       1.0000000000E+000         1.6000000000E+001         0.0000000000E+000         1.4262138451E+001         1.4400549325E+001         4.3144068605E+002         4.3641404400E+002         7.5623119736E-001         9.5647430182E-001         
2019-04-04                12:57:45.023              93.20677110               2236.962506               94.20677110               1554382665.023            0                         963                       2.0000000000E+000         1.4000000000E+001         0.0000000000E+000         1.3900074841E+001         1.4400549325E+001         4.3144068605E+002         4.3655816080E+002         7.5623119736E-001         9.5647430182E-001         
2019-04-04                12:58:05.140              93.20700394               2236.968094               94.20700394               1554382685.140            0                         963                       1.0000000000E+000         1.4000000000E+001         0.0000000000E+000         1.3900074841E+001         1.4400549325E+001         4.3147709492E+002         4.3655816080E+002         7.5623119736E-001         9.5647430182E-001         
2019-04-04                12:58:54.401              93.20757410               2236.981778               94.20757410               1554382734.402            0                         963                       1.0000000000E+000         1.4000000000E+001         0.0000000000E+000         1.3900074841E+001         1.4034971968E+001         4.3165280030E+002         4.3659500153E+002         7.5623119736E-001         9.5647430182E-001         
2019-04-04                12:59:43.668              93.20814432               2236.995464               94.20814432               1554382783.669            0                         963                       1.0000000000E+000         1.6000000000E+001         0.0000000000E+000         1.3900074841E+001         1.4034971968E+001         4.3177804662E+002         4.3677279101E+002         7.5623119736E-001         9.5647430182E-001         
2019-04-04                13:00:32.894              93.20871406               2237.009137               94.20871406               1554382832.895            0                         963                       1.0000000000E+000         1.5000000000E+001         0.0000000000E+000         1.3900074841E+001         1.4034971968E+001         4.3185542803E+002         4.3689952292E+002         7.5623119736E-001         9.5647430182E-001         
2019-04-04                13:00:38.992              93.20878463               2237.010831               94.20878463               1554382838.992            0                         963                       3.0000000000E+000         1.5000000000E+001         0.0000000000E+000         1.3900074841E+001         1.4035303372E+001         4.3185542803E+002         4.3699040981E+002         7.5991418832E-001         9.6102469957E-001         
2019-04-04                13:01:11.438              93.20916017               2237.019844               94.20916017               1554382871.439            0                         963                       1.0000000000E+000         1.5000000000E+001         0.0000000000E+000         1.3900074841E+001         1.4035303372E+001         4.3193344364E+002         4.3699040981E+002         7.5991418832E-001         9.6102469957E-001         
2019-04-04                13:01:38.648              93.20947510               2237.027402               94.20947510               1554382898.649            0                         963                       2.0000000000E+000         1.5000000000E+001         0.0000000000E+000         1.4524106146E+001         1.4035634827E+001         4.3193344364E+002         4.3708194490E+002         7.5991418832E-001         9.6102469957E-001         
2019-04-04                13:01:58.782              93.20970813               2237.032995               94.20970813               1554382918.782            0                         963                       1.0000000000E+000         1.5000000000E+001         0.0000000000E+000         1.4524106146E+001         1.4035634827E+001         4.3203994457E+002         4.3708194490E+002         7.5991418832E-001         9.6102469957E-001         
2019-04-04                13:02:48.009              93.21027789               2237.046669               94.21027789               1554382968.010            0                         963                       1.0000000000E+000         1.6000000000E+001         0.0000000000E+000         1.4524106146E+001         1.4665751975E+001         4.3215342432E+002         4.3718971529E+002         7.5991418832E-001         9.6102469957E-001         
2019-04-04                13:03:37.244              93.21084774               2237.060346               94.21084774               1554383017.245            0                         963                       1.0000000000E+000         1.6000000000E+001         0.0000000000E+000         1.4524106146E+001         1.4665751975E+001         4.3228040929E+002         4.3730454767E+002         7.5991418832E-001         9.6102469957E-001         
2019-04-04                13:04:26.562              93.21141854               2237.074045               94.21141854               1554383066.562            0                         963                       1.0000000000E+000         1.6000000000E+001         0.0000000000E+000         1.4524106146E+001         1.4665751975E+001         4.3239752320E+002         4.3743304626E+002         7.5991418832E-001         9.6102469957E-001         
2019-04-04                13:04:55.065              93.21174845               2237.081963               94.21174845               1554383095.066            0                         963                       2.0000000000E+000         1.6000000000E+001         0.0000000000E+000         1.4355733562E+001         1.4665751975E+001         4.3239752320E+002         4.3755155613E+002         7.5991418832E-001         9.6102469957E-001         
2019-04-04                13:05:14.990              93.21197906               2237.087497               94.21197906               1554383114.991            0                         963                       1.0000000000E+000         1.6000000000E+001         0.0000000000E+000         1.4355733562E+001         1.4665751975E+001         4.3253856446E+002         4.3755155613E+002         7.5991418832E-001         9.6102469957E-001         
2019-04-04                13:06:04.210              93.21254873               2237.101169               94.21254873               1554383164.210            0                         963                       1.0000000000E+000         1.6000000000E+001         0.0000000000E+000         1.4355733562E+001         1.4495737343E+001         4.3265112567E+002         4.3769427855E+002         7.5991418832E-001         9.6102469957E-001         
2019-04-04                13:06:53.417              93.21311826               2237.114838               94.21311826               1554383213.418            0                         963                       1.0000000000E+000         1.6000000000E+001         0.0000000000E+000         1.4355733562E+001         1.4495737343E+001         4.3276822087E+002         4.3780818145E+002         7.5991418832E-001         9.6102469957E-001         
2019-04-04                13:07:19.273              93.21341752               2237.122021               94.21341752               1554383239.274            0                         963                       2.0000000000E+000         1.6000000000E+001         0.0000000000E+000         1.4629487226E+001         1.4495737343E+001         4.3276822087E+002         4.3792667240E+002         7.5991418832E-001         9.6102469957E-001         
2019-04-04                13:07:39.703              93.21365398               2237.127696               94.21365398               1554383259.704            0                         963                       1.0000000000E+000         1.6000000000E+001         0.0000000000E+000         1.4629487226E+001         1.4495737343E+001         4.3287309150E+002         4.3792667240E+002         7.5991418832E-001         9.6102469957E-001         
2019-04-04                13:08:28.983              93.21422435               2237.141384               94.21422435               1554383308.984            0                         963                       1.0000000000E+000         1.6000000000E+001         0.0000000000E+000         1.4629487226E+001         1.4772160780E+001         4.3300324255E+002         4.3803279305E+002         7.5991418832E-001         9.6102469957E-001         
2019-04-04                13:09:18.266              93.21479476               2237.155074               94.21479476               1554383358.267            0                         963                       1.0000000000E+000         1.6000000000E+001         0.0000000000E+000         1.4629487226E+001         1.4772160780E+001         4.3309267752E+002         4.3816449545E+002         7.5991418832E-001         9.6102469957E-001         
2019-04-04                13:10:07.513              93.21536475               2237.168754               94.21536475               1554383407.514            0                         963                       1.0000000000E+000         1.6000000000E+001         0.0000000000E+000         1.4629487226E+001         1.4772160780E+001         4.3317767884E+002         4.3825499646E+002         7.5991418832E-001         9.6102469957E-001         
2019-04-04                13:10:56.756              93.21593468               2237.182432               94.21593468               1554383456.756            0                         963                       1.0000000000E+000         1.6000000000E+001         0.0000000000E+000         1.4629487226E+001         1.4772160780E+001         4.3330733391E+002         4.3834101097E+002         7.5991418832E-001         9.6102469957E-001         
2019-04-04                13:11:24.009              93.21625012               2237.190003               94.21625012               1554383484.010            0                         963                       2.0000000000E+000         1.6000000000E+001         0.0000000000E+000         1.4294958472E+001         1.4772160780E+001         4.3330733391E+002         4.3847221148E+002         7.5991418832E-001         9.6102469957E-001         
2019-04-04                13:11:44.118              93.21648286               2237.195589               94.21648286               1554383504.119            0                         963                       1.0000000000E+000         1.6000000000E+001         0.0000000000E+000         1.4294958472E+001         1.4772160780E+001         4.3343711100E+002         4.3847221148E+002         7.5991418832E-001         9.6102469957E-001         
2019-04-04                13:12:33.369              93.21705289               2237.209269               94.21705289               1554383553.370            0                         963                       1.0000000000E+000         1.3234636872E+001         0.0000000000E+000         1.4294958472E+001         1.4434369547E+001         4.3352193399E+002         4.3860353547E+002         7.5991418832E-001         9.6102469957E-001         
2019-04-04                13:13:22.607              93.21762277               2237.222946               94.21762277               1554383602.607            0                         963                       1.0000000000E+000         1.0000000000E+000         0.0000000000E+000         1.4294958472E+001         1.4434369547E+001         4.3362820087E+002         4.3868936952E+002         7.5991418832E-001         9.6102469957E-001         
2019-04-04                13:14:11.868              93.21819292               2237.236630               94.21819292               1554383651.868            0                         963                       1.0000000000E+000         1.0000000000E+000         0.0000000000E+000         1.4294958472E+001         1.4434369547E+001         4.3376458164E+002         4.3879690307E+002         7.5991418832E-001         9.6102469957E-001         
2019-04-04                13:15:01.108              93.21876282               2237.250308               94.21876282               1554383701.108            0                         963                       1.0000000000E+000         1.6000000000E+001         0.0000000000E+000         1.4294958472E+001         1.4434369547E+001         4.3387916282E+002         4.3893490945E+002         7.5991418832E-001         9.6102469957E-001         
2019-04-04                13:15:49.368              93.21932139               2237.263713               94.21932139               1554383749.368            0                         963                       1.0000000000E+000         2.0000000000E+000         0.0000000000E+000         1.4294958472E+001         1.4434369547E+001         4.3399426834E+002         4.3905085640E+002         7.5991418832E-001         9.6102469957E-001         
2019-04-04                13:16:38.588              93.21989106               2237.277386               94.21989106               1554383798.588            0                         963                       1.0000000000E+000         2.0000000000E+000         0.0000000000E+000         1.4294958472E+001         1.4434369547E+001         4.3413171987E+002         4.3916733393E+002         7.5991418832E-001         9.6102469957E-001         
2019-04-04                13:17:27.806              93.22046073               2237.291057               94.22046073               1554383847.807            0                         963                       1.0000000000E+000         1.6000000000E+001         0.0000000000E+000         1.4294958472E+001         1.4434369547E+001         4.3423405869E+002         4.3930642384E+002         7.5991418832E-001         9.6102469957E-001         
2019-04-04                13:17:53.668              93.22076006               2237.298241               94.22076006               1554383873.669            0                         963                       2.0000000000E+000         3.0000000000E+000         0.0000000000E+000         1.4591187281E+001         1.4434369547E+001         4.3423405869E+002         4.3940998250E+002         7.5991418832E-001         9.6102469957E-001         
2019-04-04                13:18:14.114              93.22099669               2237.303921               94.22099669               1554383894.114            0                         963                       1.0000000000E+000         3.0000000000E+000         0.0000000000E+000         1.4591187281E+001         1.4434369547E+001         4.3421172715E+002         4.3940998250E+002         7.5991418832E-001         9.6102469957E-001         
2019-04-04                13:18:42.016              93.22131963               2237.311671               94.22131963               1554383922.016            0                         963                       2.0000000000E+000         3.0000000000E+000         0.0000000000E+000         1.4155560864E+001         1.4733487316E+001         4.3421172715E+002         4.3938738478E+002         7.5991418832E-001         9.6102469957E-001         
2019-04-04                13:19:02.503              93.22155675               2237.317362               94.22155675               1554383942.503            0                         963                       1.0000000000E+000         3.0000000000E+000         0.0000000000E+000         1.4155560864E+001         1.4733487316E+001         4.3444163614E+002         4.3938738478E+002         7.5991418832E-001         9.6102469957E-001         
2019-04-04                13:19:51.763              93.22212689               2237.331045               94.22212689               1554383991.763            0                         963                       1.0000000000E+000         1.6000000000E+001         0.0000000000E+000         1.4155560864E+001         1.4293612468E+001         4.3455395138E+002         4.3962003421E+002         7.5991418832E-001         9.6102469957E-001         
2019-04-04                13:20:40.990              93.22269664               2237.344719               94.22269664               1554384040.990            0                         963                       1.0000000000E+000         4.0000000000E+000         0.0000000000E+000         1.4155560864E+001         1.4293612468E+001         4.3472232246E+002         4.3973368821E+002         7.5991418832E-001         9.6102469957E-001         
2019-04-04                13:21:30.234              93.22326661               2237.358399               94.22326661               1554384090.235            0                         963                       1.0000000000E+000         4.0000000000E+000         0.0000000000E+000         1.4155560864E+001         1.4293612468E+001         4.3485886728E+002         4.3990406622E+002         7.5991418832E-001         9.6102469957E-001         
2019-04-04                13:22:19.461              93.22383637               2237.372073               94.22383637               1554384139.462            0                         963                       1.0000000000E+000         1.6000000000E+001         0.0000000000E+000         1.4155560864E+001         1.4293612468E+001         4.3496926430E+002         4.4004223861E+002         7.5991418832E-001         9.6102469957E-001         
2019-04-04                13:23:08.697              93.22440622               2237.385749               94.22440622               1554384188.697            0                         963                       1.0000000000E+000         5.0000000000E+000         0.0000000000E+000         1.4155560864E+001         1.4293612468E+001         4.3512862022E+002         4.4015395152E+002         7.5991418832E-001         9.6102469957E-001         
2019-04-04                13:23:11.321              93.22443659               2237.386478               94.22443659               1554384191.321            0                         963                       3.0000000000E+000         5.0000000000E+000         0.0000000000E+000         1.4155560864E+001         1.4294106232E+001         4.3512862022E+002         4.4033376256E+002         7.6530210751E-001         9.6767976904E-001         
2019-04-04                13:23:19.963              93.22453661               2237.388879               94.22453661               1554384199.963            0                         963                       2.0000000000E+000         5.0000000000E+000         0.0000000000E+000         1.4017431845E+001         1.4294106232E+001         4.3512862022E+002         4.4033376256E+002         7.6530210751E-001         9.6767976904E-001         
2019-04-04                13:23:40.401              93.22477316               2237.394556               94.22477316               1554384220.401            0                         963                       1.0000000000E+000         5.0000000000E+000         0.0000000000E+000         1.4017431845E+001         1.4294106232E+001         4.3525705395E+002         4.4033376256E+002         7.6530210751E-001         9.6767976904E-001         
2019-04-04                13:24:29.668              93.22534339               2237.408241               94.22534339               1554384269.669            0                         963                       1.0000000000E+000         5.0000000000E+000         0.0000000000E+000         1.4017431845E+001         1.4155114351E+001         4.3539078412E+002         4.4048229798E+002         7.6530210751E-001         9.6767976904E-001         
2019-04-04                13:25:18.948              93.22591376               2237.421930               94.22591376               1554384318.949            0                         963                       1.0000000000E+000         6.0000000000E+000         0.0000000000E+000         1.4017431845E+001         1.4155114351E+001         4.3552339886E+002         4.4061763358E+002         7.6530210751E-001         9.6767976904E-001         
2019-04-04                13:26:08.171              93.22648346               2237.435603               94.22648346               1554384368.171            0                         963                       1.0000000000E+000         6.0000000000E+000         0.0000000000E+000         1.4017431845E+001         1.4155114351E+001         4.3564302504E+002         4.4075184035E+002         7.6530210751E-001         9.6767976904E-001         
2019-04-04                13:26:57.398              93.22705322               2237.449277               94.22705322               1554384417.398            0                         963                       1.0000000000E+000         6.0000000000E+000         0.0000000000E+000         1.4017431845E+001         1.4155114351E+001         4.3582602715E+002         4.4087290264E+002         7.6530210751E-001         9.6767976904E-001         
2019-04-04                13:27:46.635              93.22762310               2237.462954               94.22762310               1554384466.636            0                         963                       1.0000000000E+000         7.0000000000E+000         0.0000000000E+000         1.4017431845E+001         1.4155114351E+001         4.3596913460E+002         4.4105810168E+002         7.6530210751E-001         9.6767976904E-001         
2019-04-04                13:28:35.855              93.22819277               2237.476626               94.22819277               1554384515.855            0                         963                       1.0000000000E+000         7.0000000000E+000         0.0000000000E+000         1.4017431845E+001         1.4155114351E+001         4.3614718269E+002         4.4120292713E+002         7.6530210751E-001         9.6767976904E-001         
2019-04-04                13:29:25.065              93.22876234               2237.490296               94.22876234               1554384565.066            0                         963                       1.0000000000E+000         7.0000000000E+000         0.0000000000E+000         1.4017431845E+001         1.4155114351E+001         4.3636897945E+002         4.4138311268E+002         7.6530210751E-001         9.6767976904E-001         
2019-04-04                13:29:51.595              93.22906939               2237.497665               94.22906939               1554384591.595            0                         963                       2.0000000000E+000         1.4153846154E+001         0.0000000000E+000         1.4178367109E+001         1.4155114351E+001         4.3636897945E+002         4.4160757210E+002         7.6530210751E-001         9.6767976904E-001         
2019-04-04                13:30:12.398              93.22931016               2237.503444               94.22931016               1554384612.398            0                         963                       1.0000000000E+000         8.0000000000E+000         0.0000000000E+000         1.4178367109E+001         1.4155114351E+001         4.3643417033E+002         4.4160757210E+002         7.6530210751E-001         9.6767976904E-001         
2019-04-04                13:31:01.651              93.22988022               2237.517125               94.22988022               1554384661.651            0                         963                       1.0000000000E+000         8.0000000000E+000         0.0000000000E+000         1.4178367109E+001         1.4317630359E+001         4.3658851887E+002         4.4167354560E+002         7.6530210751E-001         9.6767976904E-001         
2019-04-04                13:31:50.880              93.23045000               2237.530800               94.23045000               1554384710.880            0                         963                       1.0000000000E+000         8.0000000000E+000         0.0000000000E+000         1.4178367109E+001         1.4317630359E+001         4.3686188653E+002         4.4182974708E+002         7.6530210751E-001         9.6767976904E-001         
2019-04-04                13:32:40.112              93.23101983               2237.544476               94.23101983               1554384760.113            0                         963                       1.0000000000E+000         9.0000000000E+000         0.0000000000E+000         1.4178367109E+001         1.4317630359E+001         4.3675820800E+002         4.4210639652E+002         7.6530210751E-001         9.6767976904E-001         
2019-04-04                13:33:07.378              93.23133539               2237.552049               94.23133539               1554384787.378            0                         963                       2.0000000000E+000         9.0000000000E+000         0.0000000000E+000         1.4122633067E+001         1.4317630359E+001         4.3675820800E+002         4.4200147333E+002         7.6530210751E-001         9.6767976904E-001         
2019-04-04                13:33:27.496              93.23156825               2237.557638               94.23156825               1554384807.497            0                         963                       1.0000000000E+000         9.0000000000E+000         0.0000000000E+000         1.4122633067E+001         1.4317630359E+001         4.3709229067E+002         4.4200147333E+002         7.6530210751E-001         9.6767976904E-001         
2019-04-04                13:33:53.776              93.23187241               2237.564938               94.23187241               1554384833.776            0                         963                       2.0000000000E+000         9.0000000000E+000         0.0000000000E+000         2.2158127546E+002         1.4261348884E+001         4.3709229067E+002         4.4233956664E+002         7.6530210751E-001         9.6767976904E-001         
2019-04-04                13:34:13.888              93.23210519               2237.570524               94.23210519               1554384853.888            0                         963                       1.0000000000E+000         9.0000000000E+000         0.0000000000E+000         2.2158127546E+002         1.4261348884E+001         4.3735488316E+002         4.4233956664E+002         7.6530210751E-001         9.6767976904E-001         
2019-04-04                13:34:57.322              93.23260791               2237.582590               94.23260791               1554384897.323            0                         963                       1.0000000000E+000         1.6000000000E+001         0.0000000000E+000         2.2158127546E+002         2.2375769877E+002         4.3758020849E+002         4.4260531154E+002         7.6530210751E-001         9.6767976904E-001         
2019-04-04                13:35:24.576              93.23292334               2237.590160               94.23292334               1554384924.577            0                         963                       2.0000000000E+000         1.0000000000E+001         0.0000000000E+000         1.4224691147E+001         2.2375769877E+002         4.3758020849E+002         4.4283334190E+002         7.6530210751E-001         9.6767976904E-001         
2019-04-04                13:35:44.690              93.23315615               2237.595747               94.23315615               1554384944.691            0                         963                       1.0000000000E+000         1.0000000000E+001         0.0000000000E+000         1.4224691147E+001         2.2375769877E+002         4.3789500676E+002         4.4283334190E+002         7.6530210751E-001         9.6767976904E-001         
2019-04-04                13:36:32.967              93.23371491               2237.609158               94.23371491               1554384992.968            0                         963                       1.0000000000E+000         1.0000000000E+001         0.0000000000E+000         1.4224691147E+001         1.4364409403E+001         4.3816479544E+002         4.4315191931E+002         7.6530210751E-001         9.6767976904E-001         
