DATE                      TIME                      FRAC_DAYS_SINCE_JAN1      FRAC_HRS_SINCE_JAN1       JULIAN_DAYS               EPOCH_TIME                ALARM_STATUS              INST_STATUS               species                   MPVPosition               solenoid_valves           CH4                       CH4_dry                   CO2                       CO2_dry                   H2O                       h2o_reported              
2019-12-11                17:10:32.714              344.38232309              8265.175754               345.38232309              1576084232.715            0                         963                       1.0000000000E+000         8.0000000000E+000         0.0000000000E+000         3.5808598034E+001         3.6720094924E+001         4.9178811914E+002         5.4020174451E+002         1.9553314894E+000         2.3887349321E+000         
2019-12-11                17:11:22.799              344.38290278              8265.189667               345.38290278              1576084282.800            0                         963                       1.0000000000E+000         8.0000000000E+000         0.0000000000E+000         3.5808598034E+001         3.6720094924E+001         5.2945222717E+002         5.0709771256E+002         1.9553314894E+000         2.3887349321E+000         
2019-12-11                17:12:13.947              344.38349476              8265.203874               345.38349476              1576084333.947            0                         963                       1.0000000000E+000         8.0000000000E+000         0.0000000000E+000         3.5808598034E+001         3.6720094924E+001         5.4053182344E+002         5.4593432183E+002         1.9553314894E+000         2.3887349321E+000         
2019-12-11                17:13:05.092              344.38408672              8265.218081               345.38408672              1576084385.093            0                         963                       1.0000000000E+000         9.0000000000E+000         0.0000000000E+000         3.5808598034E+001         3.6720094924E+001         5.0280179738E+002         5.5735883110E+002         1.9553314894E+000         2.3887349321E+000         
2019-12-11                17:13:54.328              344.38465657              8265.231758               345.38465657              1576084434.328            0                         963                       1.0000000000E+000         9.0000000000E+000         0.0000000000E+000         3.5808598034E+001         3.6720094924E+001         5.1428193638E+002         5.1845425174E+002         1.9553314894E+000         2.3887349321E+000         
2019-12-11                17:14:44.411              344.38523624              8265.245670               345.38523624              1576084484.411            0                         963                       1.0000000000E+000         9.0000000000E+000         0.0000000000E+000         3.5808598034E+001         3.6720094924E+001         5.0913810301E+002         5.3029177282E+002         1.9553314894E+000         2.3887349321E+000         
2019-12-11                17:15:35.604              344.38582875              8265.259890               345.38582875              1576084535.604            0                         963                       1.0000000000E+000         1.0000000000E+001         0.0000000000E+000         3.5808598034E+001         3.6720094924E+001         6.7709281206E+002         5.2498780951E+002         1.9553314894E+000         2.3887349321E+000         
2019-12-11                17:16:26.766              344.38642090              8265.274102               345.38642090              1576084586.766            0                         963                       1.0000000000E+000         1.0000000000E+001         0.0000000000E+000         3.5808598034E+001         3.6720094924E+001         6.8327798171E+002         6.9817102696E+002         1.9553314894E+000         2.3887349321E+000         
2019-12-11                17:17:16.832              344.38700037              8265.288009               345.38700037              1576084636.832            0                         963                       1.0000000000E+000         1.0000000000E+001         0.0000000000E+000         3.5808598034E+001         3.6720094924E+001         4.9237220217E+002         7.0454874383E+002         1.9553314894E+000         2.3887349321E+000         
2019-12-11                17:18:06.927              344.38758019              8265.301924               345.38758019              1576084686.928            0                         963                       1.0000000000E+000         1.1000000000E+001         0.0000000000E+000         3.5808598034E+001         3.6720094924E+001         7.8433857243E+002         5.0769997837E+002         1.9553314894E+000         2.3887349321E+000         
2019-12-11                17:18:58.137              344.38817288              8265.316149               345.38817288              1576084738.137            0                         963                       1.0000000000E+000         1.1000000000E+001         0.0000000000E+000         3.5808598034E+001         3.6720094924E+001         8.1050223727E+002         8.0875539784E+002         1.9553314894E+000         2.3887349321E+000         
2019-12-11                17:19:49.303              344.38876509              8265.330362               345.38876509              1576084789.304            0                         963                       1.0000000000E+000         1.1000000000E+001         0.0000000000E+000         3.5808598034E+001         3.6720094924E+001         5.1448075957E+002         8.3573354977E+002         1.9553314894E+000         2.3887349321E+000         
2019-12-11                17:20:40.470              344.38935730              8265.344575               345.38935730              1576084840.471            0                         963                       1.0000000000E+000         1.2000000000E+001         0.0000000000E+000         3.5808598034E+001         3.6720094924E+001         6.5754180806E+002         5.3049678546E+002         1.9553314894E+000         2.3887349321E+000         
2019-12-11                17:21:31.694              344.38995016              8265.358804               345.38995016              1576084891.694            0                         963                       1.0000000000E+000         1.2000000000E+001         0.0000000000E+000         3.5808598034E+001         3.6720094924E+001         6.7345075937E+002         6.7801139109E+002         1.9553314894E+000         2.3887349321E+000         
2019-12-11                17:22:22.858              344.39054234              8265.373016               345.39054234              1576084942.858            0                         963                       1.0000000000E+000         1.2000000000E+001         0.0000000000E+000         3.5808598034E+001         3.6720094924E+001         5.1013028736E+002         6.9441559547E+002         1.9553314894E+000         2.3887349321E+000         
2019-12-11                17:23:14.039              344.39113471              8265.387233               345.39113471              1576084994.039            0                         963                       1.0000000000E+000         1.3000000000E+001         0.0000000000E+000         3.5808598034E+001         3.6720094924E+001         4.6971216192E+002         5.2601088103E+002         1.9553314894E+000         2.3887349321E+000         
2019-12-11                17:24:05.194              344.39172678              8265.401443               345.39172678              1576085045.194            0                         963                       1.0000000000E+000         1.3000000000E+001         0.0000000000E+000         3.5808598034E+001         3.6720094924E+001         4.4657638268E+002         4.8433452050E+002         1.9553314894E+000         2.3887349321E+000         
2019-12-11                17:24:56.295              344.39231823              8265.415638               345.39231823              1576085096.295            0                         963                       1.0000000000E+000         1.4110497238E+001         0.0000000000E+000         3.5808598034E+001         3.6720094924E+001         4.4694487703E+002         4.6047851367E+002         1.9553314894E+000         2.3887349321E+000         
2019-12-11                17:25:47.483              344.39291069              8265.429857               345.39291069              1576085147.484            0                         963                       1.0000000000E+000         1.4000000000E+001         0.0000000000E+000         3.5808598034E+001         3.6720094924E+001         4.4728152535E+002         4.6085847942E+002         1.9553314894E+000         2.3887349321E+000         
2019-12-11                17:26:38.648              344.39350288              8265.444069               345.39350288              1576085198.649            0                         963                       1.0000000000E+000         1.4000000000E+001         0.0000000000E+000         3.5808598034E+001         3.6720094924E+001         4.4756567891E+002         4.6120560775E+002         1.9553314894E+000         2.3887349321E+000         
2019-12-11                17:27:28.746              344.39408271              8265.457985               345.39408271              1576085248.746            0                         963                       1.0000000000E+000         1.6000000000E+001         0.0000000000E+000         3.5808598034E+001         3.6720094924E+001         4.4750020982E+002         4.6149860715E+002         1.9553314894E+000         2.3887349321E+000         
2019-12-11                17:28:18.818              344.39466225              8265.471894               345.39466225              1576085298.818            0                         963                       1.0000000000E+000         1.5000000000E+001         0.0000000000E+000         3.5808598034E+001         3.6720094924E+001         4.4777252809E+002         4.6143109998E+002         1.9553314894E+000         2.3887349321E+000         
2019-12-11                17:29:10.007              344.39525472              8265.486113               345.39525472              1576085350.008            0                         963                       1.0000000000E+000         1.5000000000E+001         0.0000000000E+000         3.5808598034E+001         3.6720094924E+001         4.4829539766E+002         4.6171189564E+002         1.9553314894E+000         2.3887349321E+000         
2019-12-11                17:30:01.171              344.39584689              8265.500325               345.39584689              1576085401.171            0                         963                       1.0000000000E+000         1.6000000000E+001         0.0000000000E+000         3.5808598034E+001         3.6720094924E+001         4.4849684872E+002         4.6225104238E+002         1.9553314894E+000         2.3887349321E+000         
2019-12-11                17:30:52.273              344.39643836              8265.514521               345.39643836              1576085452.274            0                         963                       1.0000000000E+000         1.6000000000E+001         0.0000000000E+000         3.5808598034E+001         3.6720094924E+001         4.4876650274E+002         4.6245876470E+002         1.9553314894E+000         2.3887349321E+000         
2019-12-11                17:31:41.513              344.39700825              8265.528198               345.39700825              1576085501.513            0                         963                       1.0000000000E+000         1.6000000000E+001         0.0000000000E+000         3.5808598034E+001         3.6720094924E+001         4.4895038891E+002         4.6273681319E+002         1.9553314894E+000         2.3887349321E+000         
2019-12-11                17:32:32.687              344.39760056              8265.542413               345.39760056              1576085552.688            0                         963                       1.0000000000E+000         1.6000000000E+001         0.0000000000E+000         3.5808598034E+001         3.6720094924E+001         4.4909725574E+002         4.6292642381E+002         1.9553314894E+000         2.3887349321E+000         
2019-12-11                17:33:23.914              344.39819345              8265.556643               345.39819345              1576085603.914            0                         963                       1.0000000000E+000         1.6000000000E+001         0.0000000000E+000         3.5808598034E+001         3.6720094924E+001         4.4922927243E+002         4.6307786268E+002         1.9553314894E+000         2.3887349321E+000         
2019-12-11                17:34:14.006              344.39877322              8265.570557               345.39877322              1576085654.006            0                         963                       1.0000000000E+000         1.6000000000E+001         0.0000000000E+000         3.5808598034E+001         3.6720094924E+001         4.4936264704E+002         4.6321398911E+002         1.9553314894E+000         2.3887349321E+000         
2019-12-11                17:35:05.084              344.39936440              8265.584746               345.39936440              1576085705.084            0                         963                       1.0000000000E+000         1.6000000000E+001         0.0000000000E+000         3.5808598034E+001         3.6720094924E+001         4.4956475251E+002         4.6335151574E+002         1.9553314894E+000         2.3887349321E+000         
2019-12-11                17:35:56.243              344.39995653              8265.598957               345.39995653              1576085756.244            0                         963                       1.0000000000E+000         1.6000000000E+001         0.0000000000E+000         3.5808598034E+001         3.6720094924E+001         4.4972873323E+002         4.6355991284E+002         1.9553314894E+000         2.3887349321E+000         
2019-12-11                17:36:47.404              344.40054867              8265.613168               345.40054867              1576085807.405            0                         963                       1.0000000000E+000         1.6000000000E+001         0.0000000000E+000         3.5808598034E+001         3.6720094924E+001         4.4986996938E+002         4.6372899836E+002         1.9553314894E+000         2.3887349321E+000         
2019-12-11                17:37:38.500              344.40114005              8265.627361               345.40114005              1576085858.500            0                         963                       1.0000000000E+000         1.6000000000E+001         0.0000000000E+000         3.5808598034E+001         3.6720094924E+001         4.5004394715E+002         4.6387463125E+002         1.9553314894E+000         2.3887349321E+000         
2019-12-11                17:38:27.740              344.40170995              8265.641039               345.40170995              1576085907.740            0                         963                       1.0000000000E+000         1.6000000000E+001         0.0000000000E+000         3.5808598034E+001         3.6720094924E+001         4.5018601444E+002         4.6405402503E+002         1.9553314894E+000         2.3887349321E+000         
2019-12-11                17:39:18.960              344.40230279              8265.655267               345.40230279              1576085958.961            0                         963                       1.0000000000E+000         1.6000000000E+001         0.0000000000E+000         3.5808598034E+001         3.6720094924E+001         4.5029835223E+002         4.6420051494E+002         1.9553314894E+000         2.3887349321E+000         
2019-12-11                17:40:10.121              344.40289492              8265.669478               345.40289492              1576086010.121            0                         963                       1.0000000000E+000         1.6000000000E+001         0.0000000000E+000         3.5808598034E+001         3.6720094924E+001         4.5046455645E+002         4.6431634986E+002         1.9553314894E+000         2.3887349321E+000         
2019-12-11                17:41:00.191              344.40347444              8265.683387               345.40347444              1576086060.192            0                         963                       1.0000000000E+000         1.0000000000E+000         0.0000000000E+000         3.5808598034E+001         3.6720094924E+001         5.2170196963E+002         4.6448772810E+002         1.9553314894E+000         2.3887349321E+000         
2019-12-11                17:41:51.289              344.40406584              8265.697580               345.40406584              1576086111.289            0                         963                       1.0000000000E+000         1.0000000000E+000         0.0000000000E+000         3.5808598034E+001         3.6720094924E+001         5.4958877502E+002         5.3794279516E+002         1.9553314894E+000         2.3887349321E+000         
2019-12-11                17:42:41.407              344.40464593              8265.711502               345.40464593              1576086161.408            0                         963                       1.0000000000E+000         1.6000000000E+001         0.0000000000E+000         3.5808598034E+001         3.6720094924E+001         4.7853269091E+002         5.6669772981E+002         1.9553314894E+000         2.3887349321E+000         
2019-12-11                17:43:32.572              344.40523810              8265.725714               345.40523810              1576086212.572            0                         963                       1.0000000000E+000         2.0000000000E+000         0.0000000000E+000         3.5808598034E+001         3.6720094924E+001         5.1976504010E+002         4.9342963667E+002         1.9553314894E+000         2.3887349321E+000         
2019-12-11                17:44:23.674              344.40582956              8265.739909               345.40582956              1576086263.674            0                         963                       1.0000000000E+000         2.0000000000E+000         0.0000000000E+000         3.5808598034E+001         3.6720094924E+001         5.4805372631E+002         5.3594556811E+002         1.9553314894E+000         2.3887349321E+000         
2019-12-11                17:45:12.900              344.40639931              8265.753583               345.40639931              1576086312.900            0                         963                       1.0000000000E+000         1.6000000000E+001         0.0000000000E+000         3.5808598034E+001         3.6720094924E+001         4.7899109024E+002         5.6511489431E+002         1.9553314894E+000         2.3887349321E+000         
2019-12-11                17:46:04.081              344.40699168              8265.767800               345.40699168              1576086364.081            0                         963                       1.0000000000E+000         3.0000000000E+000         0.0000000000E+000         3.5808598034E+001         3.6720094924E+001         5.3512550250E+002         4.9390230618E+002         1.9553314894E+000         2.3887349321E+000         
2019-12-11                17:46:55.233              344.40758372              8265.782009               345.40758372              1576086415.233            0                         963                       1.0000000000E+000         3.0000000000E+000         0.0000000000E+000         3.5808598034E+001         3.6720094924E+001         5.7069523906E+002         5.5178420886E+002         1.9553314894E+000         2.3887349321E+000         
2019-12-11                17:47:45.282              344.40816300              8265.795912               345.40816300              1576086465.283            0                         963                       1.0000000000E+000         1.6000000000E+001         0.0000000000E+000         3.5808598034E+001         3.6720094924E+001         4.8634699493E+002         5.8846124791E+002         1.9553314894E+000         2.3887349321E+000         
2019-12-11                17:48:35.364              344.40874264              8265.809823               345.40874264              1576086515.364            0                         963                       1.0000000000E+000         4.0000000000E+000         0.0000000000E+000         3.5808598034E+001         3.6720094924E+001         5.1023263872E+002         5.0148720361E+002         1.9553314894E+000         2.3887349321E+000         
2019-12-11                17:49:26.551              344.40933508              8265.824042               345.40933508              1576086566.551            0                         963                       1.0000000000E+000         4.0000000000E+000         0.0000000000E+000         3.5808598034E+001         3.6720094924E+001         5.3360888104E+002         5.2611641863E+002         1.9553314894E+000         2.3887349321E+000         
2019-12-11                17:50:17.697              344.40992706              8265.838249               345.40992706              1576086617.698            0                         963                       1.0000000000E+000         1.6000000000E+001         0.0000000000E+000         3.5808598034E+001         3.6720094924E+001         4.7449280479E+002         5.5022037427E+002         1.9553314894E+000         2.3887349321E+000         
2019-12-11                17:51:07.835              344.41050736              8265.852177               345.41050736              1576086667.836            0                         963                       1.0000000000E+000         5.0000000000E+000         0.0000000000E+000         3.5808598034E+001         3.6720094924E+001         5.3804457965E+002         4.8926398701E+002         1.9553314894E+000         2.3887349321E+000         
2019-12-11                17:51:57.894              344.41108674              8265.866082               345.41108674              1576086717.894            0                         963                       1.0000000000E+000         5.0000000000E+000         0.0000000000E+000         3.5808598034E+001         3.6720094924E+001         5.8443212506E+002         5.5479415825E+002         1.9553314894E+000         2.3887349321E+000         
2019-12-11                17:52:49.049              344.41167881              8265.880291               345.41167881              1576086769.049            0                         963                       1.0000000000E+000         1.6000000000E+001         0.0000000000E+000         3.5808598034E+001         3.6720094924E+001         4.9792291880E+002         6.0262576957E+002         1.9553314894E+000         2.3887349321E+000         
2019-12-11                17:53:40.206              344.41227090              8265.894502               345.41227090              1576086820.206            0                         963                       1.0000000000E+000         6.0000000000E+000         0.0000000000E+000         3.5808598034E+001         3.6720094924E+001         4.9469380537E+002         5.1342349139E+002         1.9553314894E+000         2.3887349321E+000         
2019-12-11                17:54:31.309              344.41286237              8265.908697               345.41286237              1576086871.309            0                         963                       1.0000000000E+000         6.0000000000E+000         0.0000000000E+000         3.5808598034E+001         3.6720094924E+001         5.1635864979E+002         5.1009385416E+002         1.9553314894E+000         2.3887349321E+000         
2019-12-11                17:55:21.381              344.41344192              8265.922606               345.41344192              1576086921.382            0                         963                       1.0000000000E+000         1.6000000000E+001         0.0000000000E+000         3.5808598034E+001         3.6720094924E+001         4.7352413069E+002         5.3243313528E+002         1.9553314894E+000         2.3887349321E+000         
2019-12-11                17:56:12.559              344.41403426              8265.936822               345.41403426              1576086972.560            0                         963                       1.0000000000E+000         7.0000000000E+000         0.0000000000E+000         3.5808598034E+001         3.6720094924E+001         5.0573021259E+002         4.8826515764E+002         1.9553314894E+000         2.3887349321E+000         
2019-12-11                17:57:03.730              344.41462650              8265.951036               345.41462650              1576087023.730            0                         963                       1.0000000000E+000         7.0000000000E+000         0.0000000000E+000         3.5808598034E+001         3.6720094924E+001         5.3520866526E+002         5.2147382988E+002         1.9553314894E+000         2.3887349321E+000         
2019-12-11                17:57:53.825              344.41520631              8265.964951               345.41520631              1576087073.825            0                         963                       1.0000000000E+000         8.0000000000E+000         0.0000000000E+000         3.5808598034E+001         3.6720094924E+001         4.8193926742E+002         5.5186996052E+002         1.9553314894E+000         2.3887349321E+000         
2019-12-11                17:58:43.920              344.41578611              8265.978867               345.41578611              1576087123.920            0                         963                       1.0000000000E+000         8.0000000000E+000         0.0000000000E+000         3.5808598034E+001         3.6720094924E+001         5.2060700793E+002         4.9694226149E+002         1.9553314894E+000         2.3887349321E+000         
2019-12-11                17:59:35.088              344.41637834              8265.993080               345.41637834              1576087175.089            0                         963                       1.0000000000E+000         8.0000000000E+000         0.0000000000E+000         3.5808598034E+001         3.6720094924E+001         5.5094443570E+002         5.3681374680E+002         1.9553314894E+000         2.3887349321E+000         
2019-12-11                18:00:25.339              344.41695995              8266.007039               345.41695995              1576087225.340            0                         963                       1.0000000000E+000         9.0000000000E+000         0.0000000000E+000         3.5808598034E+001         3.6720094924E+001         4.8889858533E+002         5.6809559283E+002         1.9553314894E+000         2.3887349321E+000         
2019-12-11                18:01:15.401              344.41753936              8266.020945               345.41753936              1576087275.401            0                         963                       1.0000000000E+000         9.0000000000E+000         0.0000000000E+000         3.5808598034E+001         3.6720094924E+001         5.0112756645E+002         5.0411822621E+002         1.9553314894E+000         2.3887349321E+000         
2019-12-11                18:02:06.506              344.41813086              8266.035141               345.41813086              1576087326.506            0                         963                       1.0000000000E+000         9.0000000000E+000         0.0000000000E+000         3.5808598034E+001         3.6720094924E+001         5.1890632252E+002         5.1672790121E+002         1.9553314894E+000         2.3887349321E+000         
2019-12-11                18:02:57.648              344.41872278              8266.049347               345.41872278              1576087377.648            0                         963                       1.0000000000E+000         1.0000000000E+001         0.0000000000E+000         3.5808598034E+001         3.6720094924E+001         6.4059028617E+002         5.3506011826E+002         1.9553314894E+000         2.3887349321E+000         
2019-12-11                18:03:48.808              344.41931491              8266.063558               345.41931491              1576087428.808            0                         963                       1.0000000000E+000         1.0000000000E+001         0.0000000000E+000         3.5808598034E+001         3.6720094924E+001         6.4653346750E+002         6.6053216042E+002         1.9553314894E+000         2.3887349321E+000         
2019-12-11                18:04:39.895              344.41990620              8266.077749               345.41990620              1576087479.896            0                         963                       1.0000000000E+000         1.0000000000E+001         0.0000000000E+000         3.5808598034E+001         3.6720094924E+001         5.0021475041E+002         6.6666035575E+002         1.9553314894E+000         2.3887349321E+000         
2019-12-11                18:05:30.019              344.42048634              8266.091672               345.42048634              1576087530.020            0                         963                       1.0000000000E+000         1.1000000000E+001         0.0000000000E+000         3.5808598034E+001         3.6720094924E+001         7.8786910747E+002         5.1578666879E+002         1.9553314894E+000         2.3887349321E+000         
2019-12-11                18:06:21.200              344.42107872              8266.105889               345.42107872              1576087581.201            0                         963                       1.0000000000E+000         1.1000000000E+001         0.0000000000E+000         3.5808598034E+001         3.6720094924E+001         8.1336354408E+002         8.1239584009E+002         1.9553314894E+000         2.3887349321E+000         
2019-12-11                18:07:12.358              344.42167081              8266.120099               345.42167081              1576087632.358            0                         963                       1.0000000000E+000         1.1000000000E+001         0.0000000000E+000         3.5808598034E+001         3.6720094924E+001         5.2098567472E+002         8.3868393040E+002         1.9553314894E+000         2.3887349321E+000         
2019-12-11                18:08:02.443              344.42225050              8266.134012               345.42225050              1576087682.443            0                         963                       1.0000000000E+000         1.2000000000E+001         0.0000000000E+000         3.5808598034E+001         3.6720094924E+001         6.6810288368E+002         5.3720420166E+002         1.9553314894E+000         2.3887349321E+000         
2019-12-11                18:08:52.502              344.42282988              8266.147917               345.42282988              1576087732.502            0                         963                       1.0000000000E+000         1.2000000000E+001         0.0000000000E+000         3.5808598034E+001         3.6720094924E+001         6.8509697821E+002         6.8890123792E+002         1.9553314894E+000         2.3887349321E+000         
2019-12-11                18:09:43.641              344.42342178              8266.162123               345.42342178              1576087783.642            0                         963                       1.0000000000E+000         1.2000000000E+001         0.0000000000E+000         3.5808598034E+001         3.6720094924E+001         5.1820893067E+002         7.0642436653E+002         1.9553314894E+000         2.3887349321E+000         
2019-12-11                18:10:34.819              344.42401411              8266.176339               345.42401411              1576087834.819            0                         963                       1.0000000000E+000         1.3000000000E+001         0.0000000000E+000         3.5808598034E+001         3.6720094924E+001         4.7665104956E+002         5.3434101627E+002         1.9553314894E+000         2.3887349321E+000         
2019-12-11                18:11:25.966              344.42460609              8266.190546               345.42460609              1576087885.966            0                         963                       1.0000000000E+000         1.3000000000E+001         0.0000000000E+000         3.5808598034E+001         3.6720094924E+001         4.5310927514E+002         4.9148941894E+002         1.9553314894E+000         2.3887349321E+000         
