DATE                      TIME                      FRAC_DAYS_SINCE_JAN1      FRAC_HRS_SINCE_JAN1       JULIAN_DAYS               EPOCH_TIME                ALARM_STATUS              INST_STATUS               species                   MPVPosition               solenoid_valves           CH4                       CH4_dry                   CO2                       CO2_dry                   H2O                       h2o_reported              
2019-12-11                20:15:35.808              344.51083111              8268.259947               345.51083111              1576095335.808            0                         963                       1.0000000000E+000         6.0000000000E+000         0.0000000000E+000         3.5808598034E+001         3.6720094924E+001         5.4336551964E+002         5.4496336646E+002         1.9553314894E+000         2.3887349321E+000         
2019-12-11                20:16:26.904              344.51142250              8268.274140               345.51142250              1576095386.904            0                         963                       1.0000000000E+000         6.0000000000E+000         0.0000000000E+000         3.5808598034E+001         3.6720094924E+001         5.6639703618E+002         5.6028074158E+002         1.9553314894E+000         2.3887349321E+000         
2019-12-11                20:17:17.168              344.51200427              8268.288102               345.51200427              1576095437.169            0                         963                       1.0000000000E+000         1.6000000000E+001         0.0000000000E+000         3.5808598034E+001         3.6720094924E+001         5.0300585489E+002         5.8402923997E+002         1.9553314894E+000         2.3887349321E+000         
2019-12-11                20:18:08.338              344.51259650              8268.302316               345.51259650              1576095488.338            0                         963                       1.0000000000E+000         7.0000000000E+000         0.0000000000E+000         3.5808598034E+001         3.6720094924E+001         5.4486039110E+002         5.1866466165E+002         1.9553314894E+000         2.3887349321E+000         
2019-12-11                20:18:59.494              344.51318860              8268.316526               345.51318860              1576095539.495            0                         963                       1.0000000000E+000         7.0000000000E+000         0.0000000000E+000         3.5808598034E+001         3.6720094924E+001         5.7661691338E+002         5.6182214909E+002         1.9553314894E+000         2.3887349321E+000         
2019-12-11                20:19:48.720              344.51375834              8268.330200               345.51375834              1576095588.721            0                         963                       1.0000000000E+000         1.6000000000E+001         0.0000000000E+000         3.5808598034E+001         3.6720094924E+001         5.1161104181E+002         5.9456726671E+002         1.9553314894E+000         2.3887349321E+000         
2019-12-11                20:20:38.816              344.51433816              8268.344116               345.51433816              1576095638.817            0                         963                       1.0000000000E+000         8.0000000000E+000         0.0000000000E+000         3.5808598034E+001         3.6720094924E+001         5.7315197334E+002         5.2753773205E+002         1.9553314894E+000         2.3887349321E+000         
2019-12-11                20:21:29.966              344.51493016              8268.358324               345.51493016              1576095689.966            0                         963                       1.0000000000E+000         8.0000000000E+000         0.0000000000E+000         3.5808598034E+001         3.6720094924E+001         6.0794308934E+002         5.9099446147E+002         1.9553314894E+000         2.3887349321E+000         
2019-12-11                20:22:21.108              344.51552208              8268.372530               345.51552208              1576095741.108            0                         963                       1.0000000000E+000         1.6000000000E+001         0.0000000000E+000         3.5808598034E+001         3.6720094924E+001         5.1437609083E+002         6.2686864114E+002         1.9553314894E+000         2.3887349321E+000         
2019-12-11                20:23:11.173              344.51610154              8268.386437               345.51610154              1576095791.173            0                         963                       1.0000000000E+000         9.0000000000E+000         0.0000000000E+000         3.5808598034E+001         3.6720094924E+001         5.3534992157E+002         5.3038885834E+002         1.9553314894E+000         2.3887349321E+000         
2019-12-11                20:24:01.256              344.51668120              8268.400349               345.51668120              1576095841.256            0                         963                       1.0000000000E+000         9.0000000000E+000         0.0000000000E+000         3.5808598034E+001         3.6720094924E+001         5.6075317722E+002         5.5201561420E+002         1.9553314894E+000         2.3887349321E+000         
2019-12-11                20:24:52.451              344.51727375              8268.414570               345.51727375              1576095892.452            0                         963                       1.0000000000E+000         1.6000000000E+001         0.0000000000E+000         3.5808598034E+001         3.6720094924E+001         5.0465443671E+002         5.7820968505E+002         1.9553314894E+000         2.3887349321E+000         
2019-12-11                20:25:43.651              344.51786633              8268.428792               345.51786633              1576095943.651            0                         963                       1.0000000000E+000         1.0000000000E+001         0.0000000000E+000         3.5808598034E+001         3.6720094924E+001         5.1691429500E+002         5.2036456460E+002         1.9553314894E+000         2.3887349321E+000         
2019-12-11                20:26:33.727              344.51844593              8268.442702               345.51844593              1576095993.728            0                         963                       1.0000000000E+000         1.0000000000E+001         0.0000000000E+000         3.5808598034E+001         3.6720094924E+001         5.3626478857E+002         5.3300607799E+002         1.9553314894E+000         2.3887349321E+000         
2019-12-11                20:27:23.802              344.51902549              8268.456612               345.51902549              1576096043.802            0                         963                       1.0000000000E+000         1.6000000000E+001         0.0000000000E+000         3.5808598034E+001         3.6720094924E+001         4.9853509475E+002         5.5295896144E+002         1.9553314894E+000         2.3887349321E+000         
2019-12-11                20:28:14.996              344.51961801              8268.470832               345.51961801              1576096094.996            0                         963                       1.0000000000E+000         1.1000000000E+001         0.0000000000E+000         3.5808598034E+001         3.6720094924E+001         5.3666172067E+002         5.1405472466E+002         1.9553314894E+000         2.3887349321E+000         
2019-12-11                20:29:06.161              344.52021021              8268.485045               345.52021021              1576096146.162            0                         963                       1.0000000000E+000         1.1000000000E+001         0.0000000000E+000         3.5808598034E+001         3.6720094924E+001         5.6354990089E+002         5.5336825022E+002         1.9553314894E+000         2.3887349321E+000         
2019-12-11                20:29:56.240              344.52078981              8268.498956               345.52078981              1576096196.240            0                         963                       1.0000000000E+000         1.6000000000E+001         0.0000000000E+000         3.5808598034E+001         3.6720094924E+001         5.0578593608E+002         5.8109347203E+002         1.9553314894E+000         2.3887349321E+000         
2019-12-11                20:30:46.375              344.52137008              8268.512882               345.52137008              1576096246.375            0                         963                       1.0000000000E+000         1.2000000000E+001         0.0000000000E+000         3.5808598034E+001         3.6720094924E+001         5.3177772138E+002         5.2153128807E+002         1.9553314894E+000         2.3887349321E+000         
2019-12-11                20:31:37.512              344.52196194              8268.527087               345.52196194              1576096297.512            0                         963                       1.0000000000E+000         1.2000000000E+001         0.0000000000E+000         3.5808598034E+001         3.6720094924E+001         5.5740395418E+002         5.4833220976E+002         1.9553314894E+000         2.3887349321E+000         
2019-12-11                20:32:28.683              344.52255420              8268.541301               345.52255420              1576096348.683            0                         963                       1.0000000000E+000         1.3000000000E+001         0.0000000000E+000         3.5808598034E+001         3.6720094924E+001         5.0395645085E+002         5.7475619914E+002         1.9553314894E+000         2.3887349321E+000         
2019-12-11                20:33:19.845              344.52314637              8268.555513               345.52314637              1576096399.846            0                         963                       1.0000000000E+000         1.3000000000E+001         0.0000000000E+000         3.5808598034E+001         3.6720094924E+001         4.7822970072E+002         5.1964485011E+002         1.9553314894E+000         2.3887349321E+000         
2019-12-11                20:34:09.936              344.52372611              8268.569427               345.52372611              1576096449.936            0                         963                       1.0000000000E+000         1.3000000000E+001         0.0000000000E+000         3.5808598034E+001         3.6720094924E+001         4.7833812444E+002         4.9311721425E+002         1.9553314894E+000         2.3887349321E+000         
2019-12-11                20:35:01.108              344.52431839              8268.583641               345.52431839              1576096501.109            0                         963                       1.0000000000E+000         1.4000000000E+001         0.0000000000E+000         3.5808598034E+001         3.6720094924E+001         4.7823432600E+002         4.9322901325E+002         1.9553314894E+000         2.3887349321E+000         
2019-12-11                20:35:52.270              344.52491054              8268.597853               345.52491054              1576096552.271            0                         963                       1.0000000000E+000         1.4000000000E+001         0.0000000000E+000         3.5808598034E+001         3.6720094924E+001         4.7812746760E+002         4.9312198352E+002         1.9553314894E+000         2.3887349321E+000         
2019-12-11                20:36:42.371              344.52549041              8268.611770               345.52549041              1576096602.371            0                         963                       1.0000000000E+000         1.4000000000E+001         0.0000000000E+000         3.5808598034E+001         3.6720094924E+001         4.7802314047E+002         4.9301179857E+002         1.9553314894E+000         2.3887349321E+000         
2019-12-11                20:37:32.467              344.52607022              8268.625685               345.52607022              1576096652.467            0                         963                       1.0000000000E+000         1.5000000000E+001         0.0000000000E+000         3.5808598034E+001         3.6720094924E+001         4.7789331297E+002         4.9290422369E+002         1.9553314894E+000         2.3887349321E+000         
2019-12-11                20:38:23.651              344.52666263              8268.639903               345.52666263              1576096703.651            0                         963                       1.0000000000E+000         1.5000000000E+001         0.0000000000E+000         3.5808598034E+001         3.6720094924E+001         4.7770784810E+002         4.9277035460E+002         1.9553314894E+000         2.3887349321E+000         
2019-12-11                20:39:14.811              344.52725476              8268.654114               345.52725476              1576096754.811            0                         963                       1.0000000000E+000         1.5000000000E+001         0.0000000000E+000         3.5808598034E+001         3.6720094924E+001         4.7739164271E+002         4.9257911611E+002         1.9553314894E+000         2.3887349321E+000         
2019-12-11                20:40:05.895              344.52784602              8268.668304               345.52784602              1576096805.896            0                         963                       1.0000000000E+000         1.6000000000E+001         0.0000000000E+000         3.5808598034E+001         3.6720094924E+001         4.7723542350E+002         4.9225306710E+002         1.9553314894E+000         2.3887349321E+000         
2019-12-11                20:40:55.124              344.52841579              8268.681979               345.52841579              1576096855.124            0                         963                       1.0000000000E+000         1.6000000000E+001         0.0000000000E+000         3.5808598034E+001         3.6720094924E+001         4.7724948969E+002         4.9209198472E+002         1.9553314894E+000         2.3887349321E+000         
2019-12-11                20:41:46.293              344.52900803              8268.696193               345.52900803              1576096906.294            0                         963                       1.0000000000E+000         1.6000000000E+001         0.0000000000E+000         3.5808598034E+001         3.6720094924E+001         4.7720181723E+002         4.9210648879E+002         1.9553314894E+000         2.3887349321E+000         
2019-12-11                20:42:37.480              344.52960046              8268.710411               345.52960046              1576096957.480            0                         963                       1.0000000000E+000         1.6000000000E+001         0.0000000000E+000         3.5808598034E+001         3.6720094924E+001         4.7715057437E+002         4.9205733227E+002         1.9553314894E+000         2.3887349321E+000         
2019-12-11                20:43:26.737              344.53017058              8268.724094               345.53017058              1576097006.738            0                         963                       1.0000000000E+000         1.6000000000E+001         0.0000000000E+000         3.5808598034E+001         3.6720094924E+001         4.7712547144E+002         4.9200449420E+002         1.9553314894E+000         2.3887349321E+000         
2019-12-11                20:44:16.812              344.53075014              8268.738003               345.53075014              1576097056.812            0                         963                       1.0000000000E+000         1.6000000000E+001         0.0000000000E+000         3.5808598034E+001         3.6720094924E+001         4.7706584971E+002         4.9197860980E+002         1.9553314894E+000         2.3887349321E+000         
2019-12-11                20:45:08.009              344.53134271              8268.752225               345.53134271              1576097108.010            0                         963                       1.0000000000E+000         1.6000000000E+001         0.0000000000E+000         3.5808598034E+001         3.6720094924E+001         4.7691379531E+002         4.9191713202E+002         1.9553314894E+000         2.3887349321E+000         
2019-12-11                20:45:59.177              344.53193493              8268.766438               345.53193493              1576097159.178            0                         963                       1.0000000000E+000         1.6000000000E+001         0.0000000000E+000         3.5808598034E+001         3.6720094924E+001         4.7665994759E+002         4.9176034410E+002         1.9553314894E+000         2.3887349321E+000         
2019-12-11                20:46:49.269              344.53251470              8268.780353               345.53251470              1576097209.270            0                         963                       1.0000000000E+000         1.6000000000E+001         0.0000000000E+000         3.5808598034E+001         3.6720094924E+001         4.7639805018E+002         4.9149859398E+002         1.9553314894E+000         2.3887349321E+000         
2019-12-11                20:47:39.428              344.53309524              8268.794286               345.53309524              1576097259.429            0                         963                       1.0000000000E+000         1.6000000000E+001         0.0000000000E+000         3.5808598034E+001         3.6720094924E+001         4.7622351891E+002         4.9122854358E+002         1.9553314894E+000         2.3887349321E+000         
2019-12-11                20:48:30.595              344.53368745              8268.808499               345.53368745              1576097310.596            0                         963                       1.0000000000E+000         1.6000000000E+001         0.0000000000E+000         3.5808598034E+001         3.6720094924E+001         4.7615307572E+002         4.9104857906E+002         1.9553314894E+000         2.3887349321E+000         
2019-12-11                20:49:21.776              344.53427981              8268.822716               345.53427981              1576097361.776            0                         963                       1.0000000000E+000         1.6000000000E+001         0.0000000000E+000         3.5808598034E+001         3.6720094924E+001         4.7613818135E+002         4.9097594294E+002         1.9553314894E+000         2.3887349321E+000         
2019-12-11                20:50:11.842              344.53485928              8268.836623               345.53485928              1576097411.842            0                         963                       1.0000000000E+000         1.0000000000E+000         0.0000000000E+000         3.5808598034E+001         3.6720094924E+001         6.3113122121E+002         4.9096058491E+002         1.9553314894E+000         2.3887349321E+000         
2019-12-11                20:51:01.921              344.53543890              8268.850534               345.53543890              1576097461.921            0                         963                       1.0000000000E+000         1.0000000000E+000         0.0000000000E+000         3.5808598034E+001         3.6720094924E+001         6.6560569969E+002         6.5077863035E+002         1.9553314894E+000         2.3887349321E+000         
2019-12-11                20:51:52.035              344.53601892              8268.864454               345.53601892              1576097512.035            0                         963                       1.0000000000E+000         1.0000000000E+000         0.0000000000E+000         3.5808598034E+001         3.6720094924E+001         5.3241206050E+002         6.8632631543E+002         1.9553314894E+000         2.3887349321E+000         
2019-12-11                20:52:42.134              344.53659877              8268.878371               345.53659877              1576097562.134            0                         963                       1.0000000000E+000         2.0000000000E+000         0.0000000000E+000         3.5808598034E+001         3.6720094924E+001         6.6478384912E+002         5.4898629616E+002         1.9553314894E+000         2.3887349321E+000         
2019-12-11                20:53:32.210              344.53717836              8268.892281               345.53717836              1576097612.210            0                         963                       1.0000000000E+000         2.0000000000E+000         0.0000000000E+000         3.5808598034E+001         3.6720094924E+001         6.7843901241E+002         6.8547888026E+002         1.9553314894E+000         2.3887349321E+000         
2019-12-11                20:54:23.298              344.53776965              8268.906472               345.53776965              1576097663.298            0                         963                       1.0000000000E+000         3.3149171271E+000         0.0000000000E+000         3.5808598034E+001         3.6720094924E+001         5.3405674764E+002         6.9955913515E+002         1.9553314894E+000         2.3887349321E+000         
2019-12-11                20:55:13.413              344.53834969              8268.920393               345.53834969              1576097713.413            0                         963                       1.0000000000E+000         3.0000000000E+000         0.0000000000E+000         3.5808598034E+001         3.6720094924E+001         6.9727362431E+002         5.5068218317E+002         1.9553314894E+000         2.3887349321E+000         
2019-12-11                20:56:04.565              344.53894172              8268.934601               345.53894172              1576097764.565            0                         963                       1.0000000000E+000         3.0000000000E+000         0.0000000000E+000         3.5808598034E+001         3.6720094924E+001         7.1774231229E+002         7.1898007730E+002         1.9553314894E+000         2.3887349321E+000         
2019-12-11                20:56:54.631              344.53952119              8268.948509               345.53952119              1576097814.631            0                         963                       1.0000000000E+000         1.6000000000E+001         0.0000000000E+000         3.5808598034E+001         3.6720094924E+001         5.4869695890E+002         7.4008596508E+002         1.9553314894E+000         2.3887349321E+000         
2019-12-11                20:57:44.734              344.54010110              8268.962426               345.54010110              1576097864.735            0                         963                       1.0000000000E+000         4.0000000000E+000         0.0000000000E+000         3.5808598034E+001         3.6720094924E+001         6.2226429666E+002         5.6577815103E+002         1.9553314894E+000         2.3887349321E+000         
2019-12-11                20:58:34.828              344.54068089              8268.976341               345.54068089              1576097914.829            0                         963                       1.0000000000E+000         4.0000000000E+000         0.0000000000E+000         3.5808598034E+001         3.6720094924E+001         6.2314328449E+002         6.4163567432E+002         1.9553314894E+000         2.3887349321E+000         
2019-12-11                20:59:24.917              344.54126062              8268.990255               345.54126062              1576097964.918            0                         963                       1.0000000000E+000         1.6000000000E+001         0.0000000000E+000         3.5808598034E+001         3.6720094924E+001         5.2463487628E+002         6.4254202545E+002         1.9553314894E+000         2.3887349321E+000         
2019-12-11                21:00:14.986              344.54184013              8269.004163               345.54184013              1576098014.987            0                         963                       1.0000000000E+000         5.0000000000E+000         0.0000000000E+000         3.5808598034E+001         3.6720094924E+001         7.4388249518E+002         5.4096700456E+002         1.9553314894E+000         2.3887349321E+000         
2019-12-11                21:01:05.132              344.54242052              8269.018092               345.54242052              1576098065.133            0                         963                       1.0000000000E+000         5.0000000000E+000         0.0000000000E+000         3.5808598034E+001         3.6720094924E+001         7.7967360498E+002         7.6703990405E+002         1.9553314894E+000         2.3887349321E+000         
2019-12-11                21:01:55.229              344.54300034              8269.032008               345.54300034              1576098115.229            0                         963                       1.0000000000E+000         1.6000000000E+001         0.0000000000E+000         3.5808598034E+001         3.6720094924E+001         5.6540274095E+002         8.0394520778E+002         1.9553314894E+000         2.3887349321E+000         
2019-12-11                21:02:46.352              344.54359205              8269.046209               345.54359205              1576098166.353            0                         963                       1.0000000000E+000         6.0000000000E+000         0.0000000000E+000         3.5808598034E+001         3.6720094924E+001         6.3726342750E+002         5.8300399186E+002         1.9553314894E+000         2.3887349321E+000         
2019-12-11                21:03:36.430              344.54417164              8269.060119               345.54417164              1576098216.430            0                         963                       1.0000000000E+000         6.0000000000E+000         0.0000000000E+000         3.5808598034E+001         3.6720094924E+001         6.2768416460E+002         6.5710173509E+002         1.9553314894E+000         2.3887349321E+000         
2019-12-11                21:04:26.490              344.54475105              8269.074025               345.54475105              1576098266.491            0                         963                       1.0000000000E+000         1.6000000000E+001         0.0000000000E+000         3.5808598034E+001         3.6720094924E+001         5.1342408331E+002         6.4722426527E+002         1.9553314894E+000         2.3887349321E+000         
2019-12-11                21:05:17.710              344.54534387              8269.088253               345.54534387              1576098317.710            0                         963                       1.0000000000E+000         7.0000000000E+000         0.0000000000E+000         3.5808598034E+001         3.6720094924E+001         5.7585221125E+002         5.2940721438E+002         1.9553314894E+000         2.3887349321E+000         
2019-12-11                21:06:08.858              344.54593587              8269.102461               345.54593587              1576098368.859            0                         963                       1.0000000000E+000         7.0000000000E+000         0.0000000000E+000         3.5808598034E+001         3.6720094924E+001         5.9972680851E+002         5.9377875904E+002         1.9553314894E+000         2.3887349321E+000         
2019-12-11                21:06:58.947              344.54651559              8269.116374               345.54651559              1576098418.947            0                         963                       1.0000000000E+000         1.6000000000E+001         0.0000000000E+000         3.5808598034E+001         3.6720094924E+001         5.1180625545E+002         6.1839658365E+002         1.9553314894E+000         2.3887349321E+000         
2019-12-11                21:07:50.111              344.54710778              8269.130587               345.54710778              1576098470.112            0                         963                       1.0000000000E+000         8.0000000000E+000         0.0000000000E+000         3.5808598034E+001         3.6720094924E+001         6.1133095819E+002         5.2773902278E+002         1.9553314894E+000         2.3887349321E+000         
2019-12-11                21:08:40.203              344.54768755              8269.144501               345.54768755              1576098520.204            0                         963                       1.0000000000E+000         8.0000000000E+000         0.0000000000E+000         3.5808598034E+001         3.6720094924E+001         6.5147512736E+002         6.3036197592E+002         1.9553314894E+000         2.3887349321E+000         
2019-12-11                21:09:30.282              344.54826716              8269.158412               345.54826716              1576098570.283            0                         963                       1.0000000000E+000         1.6000000000E+001         0.0000000000E+000         3.5808598034E+001         3.6720094924E+001         5.1643766721E+002         6.7175585179E+002         1.9553314894E+000         2.3887349321E+000         
2019-12-11                21:10:19.522              344.54883706              8269.172089               345.54883706              1576098619.522            0                         963                       1.0000000000E+000         9.0000000000E+000         0.0000000000E+000         3.5808598034E+001         3.6720094924E+001         5.6588283856E+002         5.3251461255E+002         1.9553314894E+000         2.3887349321E+000         
2019-12-11                21:11:09.595              344.54941662              8269.185999               345.54941662              1576098669.596            0                         963                       1.0000000000E+000         9.0000000000E+000         0.0000000000E+000         3.5808598034E+001         3.6720094924E+001         5.9459812536E+002         5.8349903514E+002         1.9553314894E+000         2.3887349321E+000         
2019-12-11                21:12:00.753              344.55000872              8269.200209               345.55000872              1576098720.753            0                         963                       1.0000000000E+000         1.6000000000E+001         0.0000000000E+000         3.5808598034E+001         3.6720094924E+001         5.0358289209E+002         6.1310824220E+002         1.9553314894E+000         2.3887349321E+000         
2019-12-11                21:12:51.887              344.55060054              8269.214413               345.55060054              1576098771.887            0                         963                       1.0000000000E+000         1.0000000000E+001         0.0000000000E+000         3.5808598034E+001         3.6720094924E+001         5.3637802558E+002         5.1925966229E+002         1.9553314894E+000         2.3887349321E+000         
2019-12-11                21:13:41.124              344.55117042              8269.228090               345.55117042              1576098821.124            0                         963                       1.0000000000E+000         1.0000000000E+001         0.0000000000E+000         3.5808598034E+001         3.6720094924E+001         5.5823118917E+002         5.5307572357E+002         1.9553314894E+000         2.3887349321E+000         
2019-12-11                21:14:31.194              344.55174993              8269.241998               345.55174993              1576098871.194            0                         963                       1.0000000000E+000         1.6000000000E+001         0.0000000000E+000         3.5808598034E+001         3.6720094924E+001         4.9565899408E+002         5.7560918633E+002         1.9553314894E+000         2.3887349321E+000         
2019-12-11                21:15:22.374              344.55234229              8269.256215               345.55234229              1576098922.374            0                         963                       1.0000000000E+000         1.1000000000E+001         0.0000000000E+000         3.5808598034E+001         3.6720094924E+001         5.6991334784E+002         5.1108908964E+002         1.9553314894E+000         2.3887349321E+000         
2019-12-11                21:16:13.546              344.55293456              8269.270429               345.55293456              1576098973.546            0                         963                       1.0000000000E+000         1.1000000000E+001         0.0000000000E+000         3.5808598034E+001         3.6720094924E+001         6.0142104726E+002         5.8765501605E+002         1.9553314894E+000         2.3887349321E+000         
