DATE                      TIME                      FRAC_DAYS_SINCE_JAN1      FRAC_HRS_SINCE_JAN1       JULIAN_DAYS               EPOCH_TIME                ALARM_STATUS              INST_STATUS               species                   MPVPosition               solenoid_valves           CH4                       CH4_dry                   CO2                       CO2_dry                   H2O                       h2o_reported              
2019-11-15                00:19:44.828              317.68037995              7624.329119               318.68037995              1573777184.828            0                         963                       1.0000000000E+000         1.6000000000E+001         0.0000000000E+000         4.6145892877E+001         4.6609279948E+001         4.9302682051E+002         4.9931251888E+002         7.8225199889E-001         9.8860210474E-001         
2019-11-15                00:20:34.905              317.68095956              7624.343029               318.68095956              1573777234.906            0                         963                       1.0000000000E+000         1.6000000000E+001         0.0000000000E+000         4.6145892877E+001         4.6609279948E+001         4.9273842025E+002         4.9907792293E+002         7.8225199889E-001         9.8860210474E-001         
2019-11-15                00:21:25.147              317.68154105              7624.356985               318.68154105              1573777285.147            0                         963                       1.0000000000E+000         1.6000000000E+001         0.0000000000E+000         4.6145892877E+001         4.6609279948E+001         4.9246914189E+002         4.9878598303E+002         7.8225199889E-001         9.8860210474E-001         
2019-11-15                00:22:17.359              317.68214537              7624.371489               318.68214537              1573777337.360            0                         963                       1.0000000000E+000         1.6000000000E+001         0.0000000000E+000         4.6145892877E+001         4.6609279948E+001         4.9221698431E+002         4.9851339971E+002         7.8225199889E-001         9.8860210474E-001         
2019-11-15                00:23:09.561              317.68274955              7624.385989               318.68274955              1573777389.561            0                         963                       1.0000000000E+000         1.6000000000E+001         0.0000000000E+000         4.6145892877E+001         4.6609279948E+001         4.9199599262E+002         4.9825814730E+002         7.8225199889E-001         9.8860210474E-001         
2019-11-15                00:24:01.706              317.68335308              7624.400474               318.68335308              1573777441.706            0                         963                       1.0000000000E+000         1.6000000000E+001         0.0000000000E+000         4.6145892877E+001         4.6609279948E+001         4.9180734215E+002         4.9803444330E+002         7.8225199889E-001         9.8860210474E-001         
2019-11-15                00:24:51.792              317.68393279              7624.414387               318.68393279              1573777491.793            0                         963                       1.0000000000E+000         1.6000000000E+001         0.0000000000E+000         4.6145892877E+001         4.6609279948E+001         4.9156899474E+002         4.9784347745E+002         7.8225199889E-001         9.8860210474E-001         
2019-11-15                00:25:43.983              317.68453684              7624.428884               318.68453684              1573777543.983            0                         963                       1.0000000000E+000         1.6000000000E+001         0.0000000000E+000         4.6145892877E+001         4.6609279948E+001         4.9137093142E+002         4.9760220472E+002         7.8225199889E-001         9.8860210474E-001         
2019-11-15                00:26:36.181              317.68514100              7624.443384               318.68514100              1573777596.182            0                         963                       1.0000000000E+000         1.6000000000E+001         0.0000000000E+000         4.6145892877E+001         4.6609279948E+001         4.9124024647E+002         4.9740171050E+002         7.8225199889E-001         9.8860210474E-001         
2019-11-15                00:27:28.296              317.68574417              7624.457860               318.68574417              1573777648.296            0                         963                       1.0000000000E+000         1.6000000000E+001         0.0000000000E+000         4.6145892877E+001         4.6609279948E+001         4.9109853713E+002         4.9726942160E+002         7.8225199889E-001         9.8860210474E-001         
2019-11-15                00:28:17.533              317.68631405              7624.471537               318.68631405              1573777697.534            0                         963                       1.0000000000E+000         1.6000000000E+001         0.0000000000E+000         4.6145892877E+001         4.6609279948E+001         4.9092258511E+002         4.9712597301E+002         7.8225199889E-001         9.8860210474E-001         
2019-11-15                00:29:09.750              317.68691840              7624.486042               318.68691840              1573777749.750            0                         963                       1.0000000000E+000         1.0000000000E+000         0.0000000000E+000         4.6145892877E+001         4.6609279948E+001         7.2269727752E+002         4.9694786146E+002         7.8225199889E-001         9.8860210474E-001         
2019-11-15                00:30:01.966              317.68752275              7624.500546               318.68752275              1573777801.966            0                         963                       1.0000000000E+000         1.0000000000E+000         0.0000000000E+000         4.6145892877E+001         4.6609279948E+001         7.7106779676E+002         7.3156721129E+002         7.8225199889E-001         9.8860210474E-001         
2019-11-15                00:30:54.088              317.68812603              7624.515025               318.68812603              1573777854.089            0                         963                       1.0000000000E+000         1.6000000000E+001         0.0000000000E+000         4.6145892877E+001         4.6609279948E+001         5.3880265434E+002         7.8053139999E+002         7.8225199889E-001         9.8860210474E-001         
2019-11-15                00:31:43.361              317.68869631              7624.528711               318.68869631              1573777903.361            0                         963                       1.0000000000E+000         2.0000000000E+000         0.0000000000E+000         4.6145892877E+001         4.6609279948E+001         8.0525735283E+002         5.4541558068E+002         7.8225199889E-001         9.8860210474E-001         
2019-11-15                00:32:32.585              317.68926603              7624.542385               318.68926603              1573777952.585            0                         963                       1.0000000000E+000         2.0000000000E+000         0.0000000000E+000         4.6145892877E+001         4.6609279948E+001         9.1071448809E+002         8.1514057725E+002         7.8225199889E-001         9.8860210474E-001         
2019-11-15                00:33:23.783              317.68985861              7624.556607               318.68985861              1573778003.784            0                         963                       1.0000000000E+000         1.6000000000E+001         0.0000000000E+000         4.6145892877E+001         4.6609279948E+001         5.9582887855E+002         9.2189202735E+002         7.8225199889E-001         9.8860210474E-001         
2019-11-15                00:34:14.888              317.69045009              7624.570802               318.69045009              1573778054.888            0                         963                       1.0000000000E+000         3.0000000000E+000         0.0000000000E+000         4.6145892877E+001         4.6609279948E+001         5.9383221073E+002         6.0314170905E+002         7.8225199889E-001         9.8860210474E-001         
2019-11-15                00:35:05.178              317.69103216              7624.584772               318.69103216              1573778105.179            0                         963                       1.0000000000E+000         3.0000000000E+000         0.0000000000E+000         4.6145892877E+001         4.6609279948E+001         6.4836041873E+002         6.0112053538E+002         7.8225199889E-001         9.8860210474E-001         
2019-11-15                00:35:56.259              317.69162337              7624.598961               318.69162337              1573778156.259            0                         963                       1.0000000000E+000         1.6000000000E+001         0.0000000000E+000         4.6145892877E+001         4.6609279948E+001         5.4428867630E+002         6.5631798844E+002         7.8225199889E-001         9.8860210474E-001         
2019-11-15                00:36:46.354              317.69220317              7624.612876               318.69220317              1573778206.354            0                         963                       1.0000000000E+000         4.0000000000E+000         0.0000000000E+000         4.6145892877E+001         4.6609279948E+001         7.1116941204E+002         5.5096893463E+002         7.8225199889E-001         9.8860210474E-001         
2019-11-15                00:37:36.453              317.69278303              7624.626793               318.69278303              1573778256.454            0                         963                       1.0000000000E+000         4.0000000000E+000         0.0000000000E+000         4.6145892877E+001         4.6609279948E+001         7.9379515776E+002         7.1989786001E+002         7.8225199889E-001         9.8860210474E-001         
2019-11-15                00:38:26.519              317.69336249              7624.640700               318.69336249              1573778306.519            0                         963                       1.0000000000E+000         1.6000000000E+001         0.0000000000E+000         4.6145892877E+001         4.6609279948E+001         5.7134929702E+002         8.0353770238E+002         7.8225199889E-001         9.8860210474E-001         
2019-11-15                00:39:18.717              317.69396664              7624.655199               318.69396664              1573778358.718            0                         963                       1.0000000000E+000         5.0000000000E+000         0.0000000000E+000         4.6145892877E+001         4.6609279948E+001         7.8567387172E+002         5.7836168046E+002         7.8225199889E-001         9.8860210474E-001         
2019-11-15                00:40:09.898              317.69455900              7624.669416               318.69455900              1573778409.898            0                         963                       1.0000000000E+000         5.0000000000E+000         0.0000000000E+000         4.6145892877E+001         4.6609279948E+001         8.8292007832E+002         7.9531674076E+002         7.8225199889E-001         9.8860210474E-001         
2019-11-15                00:41:00.993              317.69515039              7624.683609               318.69515039              1573778460.994            0                         963                       1.0000000000E+000         1.6000000000E+001         0.0000000000E+000         4.6145892877E+001         4.6609279948E+001         5.8550932506E+002         8.9375648640E+002         7.8225199889E-001         9.8860210474E-001         
2019-11-15                00:41:52.078              317.69574166              7624.697800               318.69574166              1573778512.079            0                         963                       1.0000000000E+000         6.0000000000E+000         0.0000000000E+000         4.6145892877E+001         4.6609279948E+001         5.7411109103E+002         5.9269549982E+002         7.8225199889E-001         9.8860210474E-001         
2019-11-15                00:41:56.594              317.69579391              7624.699054               318.69579391              1573778516.594            0                         963                       3.0000000000E+000         6.0000000000E+000         0.0000000000E+000         4.6145892877E+001         4.7035717691E+001         5.7411109103E+002         5.8764619478E+002         2.2253668825E+000         2.6987037852E+000         
2019-11-15                00:42:28.686              317.69616535              7624.707968               318.69616535              1573778548.686            0                         963                       1.0000000000E+000         6.0000000000E+000         0.0000000000E+000         4.6145892877E+001         4.7035717691E+001         6.1602286739E+002         5.8764619478E+002         2.2253668825E+000         2.6987037852E+000         
2019-11-15                00:43:20.838              317.69676896              7624.722455               318.69676896              1573778600.838            0                         963                       1.0000000000E+000         1.6000000000E+001         0.0000000000E+000         4.6145892877E+001         4.7487123640E+001         5.3012836074E+002         6.3792402407E+002         2.2253668825E+000         2.6987037852E+000         
2019-11-15                00:44:10.900              317.69734838              7624.736361               318.69734838              1573778650.900            0                         963                       1.0000000000E+000         7.0000000000E+000         0.0000000000E+000         4.6145892877E+001         4.7487123640E+001         4.8783556504E+002         5.4897575246E+002         2.2253668825E+000         2.6987037852E+000         
2019-11-15                00:45:01.230              317.69793091              7624.750342               318.69793091              1573778701.231            0                         963                       1.0000000000E+000         7.0000000000E+000         0.0000000000E+000         4.6145892877E+001         4.7487123640E+001         4.8711693170E+002         5.0517934189E+002         2.2253668825E+000         2.6987037852E+000         
2019-11-15                00:45:52.398              317.69852314              7624.764555               318.69852314              1573778752.399            0                         963                       1.0000000000E+000         1.6000000000E+001         0.0000000000E+000         4.6145892877E+001         4.7487123640E+001         4.8735313476E+002         5.0443515933E+002         2.2253668825E+000         2.6987037852E+000         
2019-11-15                00:46:43.552              317.69911520              7624.778765               318.69911520              1573778803.553            0                         963                       1.0000000000E+000         8.0000000000E+000         0.0000000000E+000         4.6145892877E+001         4.7487123640E+001         4.8744785583E+002         5.0467976000E+002         2.2253668825E+000         2.6987037852E+000         
2019-11-15                00:47:33.617              317.69969464              7624.792671               318.69969464              1573778853.617            0                         963                       1.0000000000E+000         8.0000000000E+000         0.0000000000E+000         4.6145892877E+001         4.7487123640E+001         4.8713907763E+002         5.0477784864E+002         2.2253668825E+000         2.6987037852E+000         
2019-11-15                00:48:23.697              317.70027427              7624.806583               318.70027427              1573778903.697            0                         963                       1.0000000000E+000         1.6000000000E+001         0.0000000000E+000         4.6145892877E+001         4.7487123640E+001         4.8725741695E+002         5.0445809260E+002         2.2253668825E+000         2.6987037852E+000         
2019-11-15                00:49:14.858              317.70086641              7624.820794               318.70086641              1573778954.858            0                         963                       1.0000000000E+000         9.0000000000E+000         0.0000000000E+000         4.6145892877E+001         4.7487123640E+001         4.8721753002E+002         5.0458063918E+002         2.2253668825E+000         2.6987037852E+000         
2019-11-15                00:50:06.023              317.70145861              7624.835007               318.70145861              1573779006.024            0                         963                       1.0000000000E+000         9.0000000000E+000         0.0000000000E+000         4.6145892877E+001         4.7487123640E+001         4.8696631301E+002         5.0453933418E+002         2.2253668825E+000         2.6987037852E+000         
2019-11-15                00:50:56.105              317.70203825              7624.848918               318.70203825              1573779056.105            0                         963                       1.0000000000E+000         1.6000000000E+001         0.0000000000E+000         4.6145892877E+001         4.7487123640E+001         4.8694545175E+002         5.0427918576E+002         2.2253668825E+000         2.6987037852E+000         
2019-11-15                00:51:45.342              317.70260814              7624.862595               318.70260814              1573779105.343            0                         963                       1.0000000000E+000         1.0000000000E+001         0.0000000000E+000         4.6145892877E+001         4.7487123640E+001         4.8684298409E+002         5.0425758283E+002         2.2253668825E+000         2.6987037852E+000         
2019-11-15                00:52:36.519              317.70320046              7624.876811               318.70320046              1573779156.520            0                         963                       1.0000000000E+000         1.0000000000E+001         0.0000000000E+000         4.6145892877E+001         4.7487123640E+001         4.8666728314E+002         5.0415147220E+002         2.2253668825E+000         2.6987037852E+000         
2019-11-15                00:53:27.707              317.70379291              7624.891030               318.70379291              1573779207.707            0                         963                       1.0000000000E+000         1.6000000000E+001         0.0000000000E+000         4.6145892877E+001         4.7487123640E+001         4.8647413550E+002         5.0396952464E+002         2.2253668825E+000         2.6987037852E+000         
2019-11-15                00:54:16.931              317.70436264              7624.904703               318.70436264              1573779256.932            0                         963                       1.0000000000E+000         1.1000000000E+001         0.0000000000E+000         4.6145892877E+001         4.7487123640E+001         4.8628060813E+002         5.0376951012E+002         2.2253668825E+000         2.6987037852E+000         
2019-11-15                00:55:06.994              317.70494207              7624.918610               318.70494207              1573779306.995            0                         963                       1.0000000000E+000         1.1000000000E+001         0.0000000000E+000         4.6145892877E+001         4.7487123640E+001         4.8613256448E+002         5.0356910236E+002         2.2253668825E+000         2.6987037852E+000         
2019-11-15                00:55:58.177              317.70553447              7624.932827               318.70553447              1573779358.178            0                         963                       1.0000000000E+000         1.6000000000E+001         0.0000000000E+000         4.6145892877E+001         4.7487123640E+001         4.8599958879E+002         5.0341579539E+002         2.2253668825E+000         2.6987037852E+000         
2019-11-15                00:56:49.352              317.70612677              7624.947042               318.70612677              1573779409.353            0                         963                       1.0000000000E+000         1.2000000000E+001         0.0000000000E+000         4.6145892877E+001         4.7487123640E+001         4.8581202974E+002         5.0327809208E+002         2.2253668825E+000         2.6987037852E+000         
2019-11-15                00:57:39.420              317.70670625              7624.960950               318.70670625              1573779459.420            0                         963                       1.0000000000E+000         1.2000000000E+001         0.0000000000E+000         4.6145892877E+001         4.7487123640E+001         4.8564752330E+002         5.0308386484E+002         2.2253668825E+000         2.6987037852E+000         
2019-11-15                00:58:29.585              317.70728686              7624.974885               318.70728686              1573779509.585            0                         963                       1.0000000000E+000         1.6000000000E+001         0.0000000000E+000         4.6145892877E+001         4.7487123640E+001         4.8591851716E+002         5.0291350977E+002         2.2253668825E+000         2.6987037852E+000         
2019-11-15                00:59:20.770              317.70787929              7624.989103               318.70787929              1573779560.771            0                         963                       1.0000000000E+000         1.3000000000E+001         0.0000000000E+000         4.6145892877E+001         4.7487123640E+001         4.8650014886E+002         5.0319413815E+002         2.2253668825E+000         2.6987037852E+000         
2019-11-15                01:00:11.936              317.70847148              7625.003316               318.70847148              1573779611.936            0                         963                       1.0000000000E+000         1.3000000000E+001         0.0000000000E+000         4.6145892877E+001         4.7487123640E+001         4.8682134992E+002         5.0379644832E+002         2.2253668825E+000         2.6987037852E+000         
2019-11-15                01:01:03.013              317.70906266              7625.017504               318.70906266              1573779663.014            0                         963                       1.0000000000E+000         1.6000000000E+001         0.0000000000E+000         4.6145892877E+001         4.7487123640E+001         4.8710270572E+002         5.0412906888E+002         2.2253668825E+000         2.6987037852E+000         
2019-11-15                01:01:53.105              317.70964243              7625.031418               318.70964243              1573779713.106            0                         963                       1.0000000000E+000         1.4000000000E+001         0.0000000000E+000         4.6145892877E+001         4.7487123640E+001         4.8752813778E+002         5.0442042758E+002         2.2253668825E+000         2.6987037852E+000         
2019-11-15                01:02:45.302              317.71024656              7625.045917               318.71024656              1573779765.303            0                         963                       1.0000000000E+000         1.4000000000E+001         0.0000000000E+000         4.6145892877E+001         4.7487123640E+001         4.8784612453E+002         5.0486098481E+002         2.2253668825E+000         2.6987037852E+000         
2019-11-15                01:03:37.463              317.71085027              7625.060406               318.71085027              1573779817.463            0                         963                       1.0000000000E+000         1.5000000000E+001         0.0000000000E+000         4.6145892877E+001         4.7487123640E+001         4.8811605333E+002         5.0519027679E+002         2.2253668825E+000         2.6987037852E+000         
2019-11-15                01:04:27.539              317.71142985              7625.074316               318.71142985              1573779867.539            0                         963                       1.0000000000E+000         1.5000000000E+001         0.0000000000E+000         4.6145892877E+001         4.7487123640E+001         4.8883458405E+002         5.0546980223E+002         2.2253668825E+000         2.6987037852E+000         
2019-11-15                01:05:18.631              317.71202120              7625.088509               318.71202120              1573779918.632            0                         963                       1.0000000000E+000         1.5000000000E+001         0.0000000000E+000         4.6145892877E+001         4.7487123640E+001         4.8983462765E+002         5.0621387852E+002         2.2253668825E+000         2.6987037852E+000         
2019-11-15                01:06:09.783              317.71261324              7625.102718               318.71261324              1573779969.784            0                         963                       1.0000000000E+000         1.6000000000E+001         0.0000000000E+000         4.6145892877E+001         4.7487123640E+001         4.9074032482E+002         5.0724947618E+002         2.2253668825E+000         2.6987037852E+000         
2019-11-15                01:07:00.937              317.71320529              7625.116927               318.71320529              1573780020.937            0                         963                       1.0000000000E+000         1.6000000000E+001         0.0000000000E+000         4.6145892877E+001         4.7487123640E+001         4.9149666142E+002         5.0818737315E+002         2.2253668825E+000         2.6987037852E+000         
2019-11-15                01:07:52.039              317.71379676              7625.131122               318.71379676              1573780072.040            0                         963                       1.0000000000E+000         1.6000000000E+001         0.0000000000E+000         4.6145892877E+001         4.7487123640E+001         4.9213300015E+002         5.0897059942E+002         2.2253668825E+000         2.6987037852E+000         
2019-11-15                01:08:42.125              317.71437646              7625.145035               318.71437646              1573780122.126            0                         963                       1.0000000000E+000         1.6000000000E+001         0.0000000000E+000         4.6145892877E+001         4.7487123640E+001         4.9274614951E+002         5.0962956158E+002         2.2253668825E+000         2.6987037852E+000         
2019-11-15                01:09:34.303              317.71498037              7625.159529               318.71498037              1573780174.304            0                         963                       1.0000000000E+000         1.6000000000E+001         0.0000000000E+000         4.6145892877E+001         4.7487123640E+001         4.9326263758E+002         5.1026450994E+002         2.2253668825E+000         2.6987037852E+000         
2019-11-15                01:10:26.489              317.71558436              7625.174025               318.71558436              1573780226.489            0                         963                       1.0000000000E+000         1.6000000000E+001         0.0000000000E+000         4.6145892877E+001         4.7487123640E+001         4.9364020697E+002         5.1079936045E+002         2.2253668825E+000         2.6987037852E+000         
2019-11-15                01:11:16.747              317.71616606              7625.187986               318.71616606              1573780276.748            0                         963                       1.0000000000E+000         1.6000000000E+001         0.0000000000E+000         4.6145892877E+001         4.7487123640E+001         4.9395395149E+002         5.1119035338E+002         2.2253668825E+000         2.6987037852E+000         
2019-11-15                01:12:06.851              317.71674596              7625.201903               318.71674596              1573780326.851            0                         963                       1.0000000000E+000         1.6000000000E+001         0.0000000000E+000         4.6145892877E+001         4.7487123640E+001         4.9427155622E+002         5.1151525231E+002         2.2253668825E+000         2.6987037852E+000         
2019-11-15                01:12:58.023              317.71733823              7625.216118               318.71733823              1573780378.023            0                         963                       1.0000000000E+000         1.6000000000E+001         0.0000000000E+000         4.6145892877E+001         4.7487123640E+001         4.9459007524E+002         5.1184414868E+002         2.2253668825E+000         2.6987037852E+000         
2019-11-15                01:13:49.197              317.71793052              7625.230333               318.71793052              1573780429.197            0                         963                       1.0000000000E+000         1.6000000000E+001         0.0000000000E+000         4.6145892877E+001         4.7487123640E+001         4.9483535405E+002         5.1217399185E+002         2.2253668825E+000         2.6987037852E+000         
2019-11-15                01:14:40.301              317.71852200              7625.244528               318.71852200              1573780480.301            0                         963                       1.0000000000E+000         1.6000000000E+001         0.0000000000E+000         4.6145892877E+001         4.7487123640E+001         4.9500008427E+002         5.1242799094E+002         2.2253668825E+000         2.6987037852E+000         
2019-11-15                01:15:31.405              317.71911350              7625.258724               318.71911350              1573780531.406            0                         963                       1.0000000000E+000         1.6000000000E+001         0.0000000000E+000         4.6145892877E+001         4.7487123640E+001         4.9512516362E+002         5.1259857772E+002         2.2253668825E+000         2.6987037852E+000         
2019-11-15                01:16:22.601              317.71970603              7625.272945               318.71970603              1573780582.601            0                         963                       1.0000000000E+000         1.0000000000E+000         0.0000000000E+000         4.6145892877E+001         4.7487123640E+001         8.2950277044E+002         5.1272810396E+002         2.2253668825E+000         2.6987037852E+000         
2019-11-15                01:17:13.792              317.72029852              7625.287164               318.72029852              1573780633.792            0                         963                       1.0000000000E+000         1.0000000000E+000         0.0000000000E+000         4.6145892877E+001         4.7487123640E+001         8.9052999168E+002         8.5899367265E+002         2.2253668825E+000         2.6987037852E+000         
2019-11-15                01:18:04.878              317.72088980              7625.301355               318.72088980              1573780684.879            0                         963                       1.0000000000E+000         6.6353591160E+000         0.0000000000E+000         4.6145892877E+001         4.7487123640E+001         5.8264562961E+002         9.2219056454E+002         2.2253668825E+000         2.6987037852E+000         
2019-11-15                01:18:54.137              317.72145992              7625.315038               318.72145992              1573780734.137            0                         963                       1.0000000000E+000         2.0000000000E+000         0.0000000000E+000         4.6145892877E+001         4.7487123640E+001         1.0372054565E+003         6.0336014185E+002         2.2253668825E+000         2.6987037852E+000         
2019-11-15                01:19:45.250              317.72205152              7625.329236               318.72205152              1573780785.251            0                         963                       1.0000000000E+000         2.0000000000E+000         0.0000000000E+000         4.6145892877E+001         4.7487123640E+001         1.1304880344E+003         1.0740807097E+003         2.2253668825E+000         2.6987037852E+000         
2019-11-15                01:20:35.349              317.72263137              7625.343153               318.72263137              1573780835.350            0                         963                       1.0000000000E+000         1.6000000000E+001         0.0000000000E+000         4.6145892877E+001         4.7487123640E+001         6.8696845428E+002         1.1706797171E+003         2.2253668825E+000         2.6987037852E+000         
