DATE                      TIME                      FRAC_DAYS_SINCE_JAN1      FRAC_HRS_SINCE_JAN1       JULIAN_DAYS               EPOCH_TIME                ALARM_STATUS              INST_STATUS               species                   MPVPosition               solenoid_valves           CH4                       CH4_dry                   CO2                       CO2_dry                   H2O                       h2o_reported              
2019-10-06                12:45:01.015              278.19792841              6676.750282               279.19792841              1570365901.015            0                         963                       1.0000000000E+000         1.6000000000E+001         0.0000000000E+000         5.0516828769E+001         5.1026673592E+001         4.4523017348E+002         4.5064870766E+002         7.8617219886E-001         9.9343806121E-001         
2019-10-06                12:45:52.210              278.19852096              6676.764503               279.19852096              1570365952.211            0                         963                       1.0000000000E+000         1.6000000000E+001         0.0000000000E+000         5.0516828769E+001         5.1026673592E+001         4.4529658214E+002         4.5072229629E+002         7.8617219886E-001         9.9343806121E-001         
2019-10-06                12:46:43.387              278.19911328              6676.778719               279.19911328              1570366003.387            0                         963                       1.0000000000E+000         1.6000000000E+001         0.0000000000E+000         5.0516828769E+001         5.1026673592E+001         4.4538068617E+002         4.5078952414E+002         7.8617219886E-001         9.9343806121E-001         
2019-10-06                12:47:33.486              278.19969314              6676.792635               279.19969314              1570366053.487            0                         963                       1.0000000000E+000         1.6000000000E+001         0.0000000000E+000         5.0516828769E+001         5.1026673592E+001         4.4543088317E+002         4.5087466563E+002         7.8617219886E-001         9.9343806121E-001         
2019-10-06                12:48:21.749              278.20025172              6676.806041               279.20025172              1570366101.749            0                         963                       1.0000000000E+000         1.6000000000E+001         0.0000000000E+000         5.0516828769E+001         5.1026673592E+001         4.4542867842E+002         4.5092548183E+002         7.8617219886E-001         9.9343806121E-001         
2019-10-06                12:49:12.913              278.20084390              6676.820254               279.20084390              1570366152.913            0                         963                       1.0000000000E+000         1.6000000000E+001         0.0000000000E+000         5.0516828769E+001         5.1026673592E+001         4.4543961470E+002         4.5092324988E+002         7.8617219886E-001         9.9343806121E-001         
2019-10-06                12:50:04.078              278.20143609              6676.834466               279.20143609              1570366204.078            0                         963                       1.0000000000E+000         1.6000000000E+001         0.0000000000E+000         5.0516828769E+001         5.1026673592E+001         4.4544726165E+002         4.5093432107E+002         7.8617219886E-001         9.9343806121E-001         
2019-10-06                12:50:54.134              278.20201544              6676.848371               279.20201544              1570366254.134            0                         963                       1.0000000000E+000         1.6000000000E+001         0.0000000000E+000         5.0516828769E+001         5.1026673592E+001         4.4545977719E+002         4.5094206234E+002         7.8617219886E-001         9.9343806121E-001         
2019-10-06                12:51:43.354              278.20258512              6676.862043               279.20258512              1570366303.354            0                         963                       1.0000000000E+000         1.6000000000E+001         0.0000000000E+000         5.0516828769E+001         5.1026673592E+001         4.4548295151E+002         4.5095473227E+002         7.8617219886E-001         9.9343806121E-001         
2019-10-06                12:52:34.533              278.20317748              6676.876259               279.20317748              1570366354.534            0                         963                       1.0000000000E+000         1.6000000000E+001         0.0000000000E+000         5.0516828769E+001         5.1026673592E+001         4.4551261084E+002         4.5097819246E+002         7.8617219886E-001         9.9343806121E-001         
2019-10-06                12:53:25.717              278.20376987              6676.890477               279.20376987              1570366405.717            0                         963                       1.0000000000E+000         1.6000000000E+001         0.0000000000E+000         5.0516828769E+001         5.1026673592E+001         4.4552211399E+002         4.5100821764E+002         7.8617219886E-001         9.9343806121E-001         
2019-10-06                12:53:55.246              278.20411164              6676.898679               279.20411164              1570366435.246            0                         963                       2.0000000000E+000         1.6000000000E+001         0.0000000000E+000         4.7015766974E+001         5.1026673592E+001         4.4552211399E+002         4.5101783802E+002         7.8617219886E-001         9.9343806121E-001         
2019-10-06                12:54:14.996              278.20434023              6676.904166               279.20434023              1570366454.996            0                         963                       1.0000000000E+000         1.6000000000E+001         0.0000000000E+000         4.7015766974E+001         5.1026673592E+001         4.4549160349E+002         4.5101783802E+002         7.8617219886E-001         9.9343806121E-001         
2019-10-06                12:55:05.111              278.20492027              6676.918086               279.20492027              1570366505.111            0                         963                       1.0000000000E+000         1.6000000000E+001         0.0000000000E+000         4.7015766974E+001         4.7490277073E+001         4.4550289221E+002         4.5098695116E+002         7.8617219886E-001         9.9343806121E-001         
2019-10-06                12:55:56.295              278.20551267              6676.932304               279.20551267              1570366556.295            0                         963                       1.0000000000E+000         1.6000000000E+001         0.0000000000E+000         4.7015766974E+001         4.7490277073E+001         4.4554295712E+002         4.5099837913E+002         7.8617219886E-001         9.9343806121E-001         
2019-10-06                12:56:47.513              278.20610547              6676.946531               279.20610547              1570366607.513            0                         963                       1.0000000000E+000         1.6000000000E+001         0.0000000000E+000         4.7015766974E+001         4.7490277073E+001         4.4559334900E+002         4.5103893827E+002         7.8617219886E-001         9.9343806121E-001         
2019-10-06                12:57:36.775              278.20667564              6676.960215               279.20667564              1570366656.775            0                         963                       1.0000000000E+000         1.6000000000E+001         0.0000000000E+000         4.7015766974E+001         4.7490277073E+001         4.4562702213E+002         4.5108995175E+002         7.8617219886E-001         9.9343806121E-001         
2019-10-06                12:58:26.859              278.20725532              6676.974128               279.20725532              1570366706.860            0                         963                       1.0000000000E+000         1.6000000000E+001         0.0000000000E+000         4.7015766974E+001         4.7490277073E+001         4.4565095181E+002         4.5112404025E+002         7.8617219886E-001         9.9343806121E-001         
2019-10-06                12:59:18.058              278.20784789              6676.988349               279.20784789              1570366758.058            0                         963                       1.0000000000E+000         1.6000000000E+001         0.0000000000E+000         4.7015766974E+001         4.7490277073E+001         4.4569873557E+002         4.5114826512E+002         7.8617219886E-001         9.9343806121E-001         
2019-10-06                13:00:09.221              278.20844007              6677.002562               279.20844007              1570366809.222            0                         963                       1.0000000000E+000         1.6000000000E+001         0.0000000000E+000         4.7015766974E+001         4.7490277073E+001         4.4573594554E+002         4.5119663831E+002         7.8617219886E-001         9.9343806121E-001         
2019-10-06                13:00:59.331              278.20902003              6677.016481               279.20902003              1570366859.331            0                         963                       1.0000000000E+000         1.6000000000E+001         0.0000000000E+000         4.7015766974E+001         4.7490277073E+001         4.4573393800E+002         4.5123430728E+002         7.8617219886E-001         9.9343806121E-001         
2019-10-06                13:01:49.417              278.20959973              6677.030394               279.20959973              1570366909.417            0                         963                       1.0000000000E+000         1.6000000000E+001         0.0000000000E+000         4.7015766974E+001         4.7490277073E+001         4.4578609238E+002         4.5123227498E+002         7.8617219886E-001         9.9343806121E-001         
2019-10-06                13:02:40.591              278.21019203              6677.044609               279.21019203              1570366960.591            0                         963                       1.0000000000E+000         1.6000000000E+001         0.0000000000E+000         4.7015766974E+001         4.7490277073E+001         4.4584958068E+002         4.5128507271E+002         7.8617219886E-001         9.9343806121E-001         
2019-10-06                13:03:31.779              278.21078449              6677.058828               279.21078449              1570367011.780            0                         963                       1.0000000000E+000         1.6000000000E+001         0.0000000000E+000         4.7015766974E+001         4.7490277073E+001         4.4584166360E+002         4.5134934417E+002         7.8617219886E-001         9.9343806121E-001         
2019-10-06                13:04:21.842              278.21136391              6677.072734               279.21136391              1570367061.842            0                         963                       1.0000000000E+000         1.6000000000E+001         0.0000000000E+000         4.7015766974E+001         4.7490277073E+001         4.4584255716E+002         4.5134132943E+002         7.8617219886E-001         9.9343806121E-001         
2019-10-06                13:05:11.947              278.21194384              6677.086652               279.21194384              1570367111.948            0                         963                       1.0000000000E+000         1.6000000000E+001         0.0000000000E+000         4.7015766974E+001         4.7490277073E+001         4.4585280724E+002         4.5134223401E+002         7.8617219886E-001         9.9343806121E-001         
2019-10-06                13:06:03.125              278.21253618              6677.100868               279.21253618              1570367163.126            0                         963                       1.0000000000E+000         1.6000000000E+001         0.0000000000E+000         4.7015766974E+001         4.7490277073E+001         4.4584314347E+002         4.5135261053E+002         7.8617219886E-001         9.9343806121E-001         
2019-10-06                13:06:54.275              278.21312818              6677.115076               279.21312818              1570367214.275            0                         963                       1.0000000000E+000         1.6000000000E+001         0.0000000000E+000         4.7015766974E+001         4.7490277073E+001         4.4582842688E+002         4.5134282755E+002         7.8617219886E-001         9.9343806121E-001         
2019-10-06                13:07:44.338              278.21370762              6677.128983               279.21370762              1570367264.338            0                         963                       1.0000000000E+000         1.6000000000E+001         0.0000000000E+000         4.7015766974E+001         4.7490277073E+001         4.4582057644E+002         4.5132792942E+002         7.8617219886E-001         9.9343806121E-001         
2019-10-06                13:08:34.426              278.21428734              6677.142896               279.21428734              1570367314.426            0                         963                       1.0000000000E+000         1.6000000000E+001         0.0000000000E+000         4.7015766974E+001         4.7490277073E+001         4.4580783665E+002         4.5131998215E+002         7.8617219886E-001         9.9343806121E-001         
2019-10-06                13:09:25.581              278.21487941              6677.157106               279.21487941              1570367365.581            0                         963                       1.0000000000E+000         1.6000000000E+001         0.0000000000E+000         4.7015766974E+001         4.7490277073E+001         4.4578798405E+002         4.5130708521E+002         7.8617219886E-001         9.9343806121E-001         
2019-10-06                13:10:16.763              278.21547181              6677.171323               279.21547181              1570367416.764            0                         963                       1.0000000000E+000         1.6000000000E+001         0.0000000000E+000         4.7015766974E+001         4.7490277073E+001         4.4576076149E+002         4.5128698772E+002         7.8617219886E-001         9.9343806121E-001         
2019-10-06                13:11:06.831              278.21605128              6677.185231               279.21605128              1570367466.831            0                         963                       1.0000000000E+000         1.6000000000E+001         0.0000000000E+000         4.7015766974E+001         4.7490277073E+001         4.4573217544E+002         4.5125942935E+002         7.8617219886E-001         9.9343806121E-001         
2019-10-06                13:11:56.917              278.21663098              6677.199144               279.21663098              1570367516.917            0                         963                       1.0000000000E+000         1.6000000000E+001         0.0000000000E+000         4.7015766974E+001         4.7490277073E+001         4.4571000628E+002         4.5123049068E+002         7.8617219886E-001         9.9343806121E-001         
2019-10-06                13:12:48.082              278.21722317              6677.213356               279.21722317              1570367568.082            0                         963                       1.0000000000E+000         1.6000000000E+001         0.0000000000E+000         4.7015766974E+001         4.7490277073E+001         4.4572002190E+002         4.5120804805E+002         7.8617219886E-001         9.9343806121E-001         
2019-10-06                13:13:38.263              278.21780398              6677.227296               279.21780398              1570367618.264            0                         963                       1.0000000000E+000         1.6000000000E+001         0.0000000000E+000         4.7015766974E+001         4.7490277073E+001         4.4572290720E+002         4.5121818722E+002         7.8617219886E-001         9.9343806121E-001         
2019-10-06                13:14:28.348              278.21838366              6677.241208               279.21838366              1570367668.348            0                         963                       1.0000000000E+000         1.6000000000E+001         0.0000000000E+000         4.7015766974E+001         4.7490277073E+001         4.4571295791E+002         4.5122110811E+002         7.8617219886E-001         9.9343806121E-001         
2019-10-06                13:15:18.457              278.21896363              6677.255127               279.21896363              1570367718.458            0                         963                       1.0000000000E+000         1.6000000000E+001         0.0000000000E+000         4.7015766974E+001         4.7490277073E+001         4.4571409993E+002         4.5121103609E+002         7.8617219886E-001         9.9343806121E-001         
2019-10-06                13:16:09.598              278.21955554              6677.269333               279.21955554              1570367769.599            0                         963                       1.0000000000E+000         1.6000000000E+001         0.0000000000E+000         4.7015766974E+001         4.7490277073E+001         4.4571537227E+002         4.5121219220E+002         7.8617219886E-001         9.9343806121E-001         
2019-10-06                13:17:00.759              278.22014767              6677.283544               279.22014767              1570367820.759            0                         963                       1.0000000000E+000         1.6000000000E+001         0.0000000000E+000         4.7015766974E+001         4.7490277073E+001         4.4572759845E+002         4.5121348024E+002         7.8617219886E-001         9.9343806121E-001         
2019-10-06                13:17:50.828              278.22072718              6677.297452               279.22072718              1570367870.828            0                         963                       1.0000000000E+000         1.6000000000E+001         0.0000000000E+000         4.7015766974E+001         4.7490277073E+001         4.4571496483E+002         4.5122585724E+002         7.8617219886E-001         9.9343806121E-001         
2019-10-06                13:18:40.910              278.22130683              6677.311364               279.22130683              1570367920.910            0                         963                       1.0000000000E+000         1.6000000000E+001         0.0000000000E+000         4.7015766974E+001         4.7490277073E+001         4.4571606229E+002         4.5121306777E+002         7.8617219886E-001         9.9343806121E-001         
2019-10-06                13:19:32.084              278.22189912              6677.325579               279.22189912              1570367972.084            0                         963                       1.0000000000E+000         1.6000000000E+001         0.0000000000E+000         4.7015766974E+001         4.7490277073E+001         4.4573613366E+002         4.5121417877E+002         7.8617219886E-001         9.9343806121E-001         
2019-10-06                13:20:22.332              278.22248069              6677.339537               279.22248069              1570368022.332            0                         963                       1.0000000000E+000         1.6000000000E+001         0.0000000000E+000         4.7015766974E+001         4.7490277073E+001         4.4571981282E+002         4.5123449773E+002         7.8617219886E-001         9.9343806121E-001         
2019-10-06                13:21:11.575              278.22305065              6677.353216               279.22305065              1570368071.576            0                         963                       1.0000000000E+000         1.6000000000E+001         0.0000000000E+000         4.7015766974E+001         4.7490277073E+001         4.4570127123E+002         4.5121797556E+002         7.8617219886E-001         9.9343806121E-001         
2019-10-06                13:22:01.654              278.22363027              6677.367126               279.22363027              1570368121.655            0                         963                       1.0000000000E+000         1.6000000000E+001         0.0000000000E+000         4.7015766974E+001         4.7490277073E+001         4.4572413002E+002         4.5119920526E+002         7.8617219886E-001         9.9343806121E-001         
2019-10-06                13:22:52.844              278.22422273              6677.381346               279.22422273              1570368172.844            0                         963                       1.0000000000E+000         1.6000000000E+001         0.0000000000E+000         4.7015766974E+001         4.7490277073E+001         4.4573126828E+002         4.5122234602E+002         7.8617219886E-001         9.9343806121E-001         
2019-10-06                13:23:44.016              278.22481501              6677.395560               279.22481501              1570368224.017            0                         963                       1.0000000000E+000         1.6000000000E+001         0.0000000000E+000         4.7015766974E+001         4.7490277073E+001         4.4569943457E+002         4.5122957233E+002         7.8617219886E-001         9.9343806121E-001         
2019-10-06                13:24:34.088              278.22539455              6677.409469               279.22539455              1570368274.089            0                         963                       1.0000000000E+000         1.6000000000E+001         0.0000000000E+000         4.7015766974E+001         4.7490277073E+001         4.4567546609E+002         4.5119734594E+002         7.8617219886E-001         9.9343806121E-001         
2019-10-06                13:25:23.321              278.22596436              6677.423145               279.22596436              1570368323.321            0                         963                       1.0000000000E+000         1.6000000000E+001         0.0000000000E+000         4.7015766974E+001         4.7490277073E+001         4.4567267059E+002         4.5117308179E+002         7.8617219886E-001         9.9343806121E-001         
2019-10-06                13:26:14.497              278.22655669              6677.437361               279.22655669              1570368374.498            0                         963                       1.0000000000E+000         1.6000000000E+001         0.0000000000E+000         4.7015766974E+001         4.7490277073E+001         4.4569357327E+002         4.5117025181E+002         7.8617219886E-001         9.9343806121E-001         
2019-10-06                13:27:05.664              278.22714889              6677.451573               279.22714889              1570368425.664            0                         963                       1.0000000000E+000         1.6000000000E+001         0.0000000000E+000         4.7015766974E+001         4.7490277073E+001         4.4573707660E+002         4.5119141234E+002         7.8617219886E-001         9.9343806121E-001         
2019-10-06                13:27:55.757              278.22772868              6677.465488               279.22772868              1570368475.758            0                         963                       1.0000000000E+000         1.6000000000E+001         0.0000000000E+000         4.7015766974E+001         4.7490277073E+001         4.4578258808E+002         4.5123545230E+002         7.8617219886E-001         9.9343806121E-001         
2019-10-06                13:28:45.832              278.22830825              6677.479398               279.22830825              1570368525.833            0                         963                       1.0000000000E+000         1.6000000000E+001         0.0000000000E+000         4.7015766974E+001         4.7490277073E+001         4.4581788888E+002         4.5128152519E+002         7.8617219886E-001         9.9343806121E-001         
2019-10-06                13:29:37.003              278.22890050              6677.493612               279.22890050              1570368577.003            0                         963                       1.0000000000E+000         1.6000000000E+001         0.0000000000E+000         4.7015766974E+001         4.7490277073E+001         4.4583637224E+002         4.5131726144E+002         7.8617219886E-001         9.9343806121E-001         
2019-10-06                13:30:28.193              278.22949297              6677.507831               279.22949297              1570368628.193            0                         963                       1.0000000000E+000         1.6000000000E+001         0.0000000000E+000         4.7015766974E+001         4.7490277073E+001         4.4582887857E+002         4.5133597280E+002         7.8617219886E-001         9.9343806121E-001         
2019-10-06                13:31:18.296              278.23007287              6677.521749               279.23007287              1570368678.296            0                         963                       1.0000000000E+000         1.6000000000E+001         0.0000000000E+000         4.7015766974E+001         4.7490277073E+001         4.4580119608E+002         4.5132838669E+002         7.8617219886E-001         9.9343806121E-001         
2019-10-06                13:32:07.568              278.23064315              6677.535436               279.23064315              1570368727.568            0                         963                       1.0000000000E+000         1.6000000000E+001         0.0000000000E+000         4.7015766974E+001         4.7490277073E+001         4.4581688666E+002         4.5130036272E+002         7.8617219886E-001         9.9343806121E-001         
2019-10-06                13:32:58.779              278.23123587              6677.549661               279.23123587              1570368778.779            0                         963                       1.0000000000E+000         1.6000000000E+001         0.0000000000E+000         4.7015766974E+001         4.7490277073E+001         4.4582733674E+002         4.5131624685E+002         7.8617219886E-001         9.9343806121E-001         
2019-10-06                13:33:49.960              278.23182824              6677.563878               279.23182824              1570368829.960            0                         963                       1.0000000000E+000         1.6000000000E+001         0.0000000000E+000         4.7015766974E+001         4.7490277073E+001         4.4580165636E+002         4.5132682584E+002         7.8617219886E-001         9.9343806121E-001         
2019-10-06                13:34:40.068              278.23240819              6677.577797               279.23240819              1570368880.068            0                         963                       1.0000000000E+000         1.6000000000E+001         0.0000000000E+000         4.7015766974E+001         4.7490277073E+001         4.4578624485E+002         4.5130082868E+002         7.8617219886E-001         9.9343806121E-001         
2019-10-06                13:35:30.165              278.23298803              6677.591713               279.23298803              1570368930.166            0                         963                       1.0000000000E+000         1.6000000000E+001         0.0000000000E+000         4.7015766974E+001         4.7490277073E+001         4.4578708980E+002         4.5128522706E+002         7.8617219886E-001         9.9343806121E-001         
2019-10-06                13:36:21.345              278.23358039              6677.605929               279.23358039              1570368981.346            0                         963                       1.0000000000E+000         1.6000000000E+001         0.0000000000E+000         4.7015766974E+001         4.7490277073E+001         4.4579255964E+002         4.5128608244E+002         7.8617219886E-001         9.9343806121E-001         
2019-10-06                13:37:12.513              278.23417262              6677.620143               279.23417262              1570369032.514            0                         963                       1.0000000000E+000         1.6000000000E+001         0.0000000000E+000         4.7015766974E+001         4.7490277073E+001         4.4579902845E+002         4.5129161974E+002         7.8617219886E-001         9.9343806121E-001         
2019-10-06                13:38:02.796              278.23475459              6677.634110               279.23475459              1570369082.797            0                         963                       1.0000000000E+000         1.6000000000E+001         0.0000000000E+000         4.7015766974E+001         4.7490277073E+001         4.4577628789E+002         4.5129816835E+002         7.8617219886E-001         9.9343806121E-001         
2019-10-06                13:38:52.878              278.23533425              6677.648022               279.23533425              1570369132.879            0                         963                       1.0000000000E+000         1.6000000000E+001         0.0000000000E+000         4.7015766974E+001         4.7490277073E+001         4.4574725052E+002         4.5127514728E+002         7.8617219886E-001         9.9343806121E-001         
2019-10-06                13:39:43.101              278.23591553              6677.661973               279.23591553              1570369183.102            0                         963                       1.0000000000E+000         1.6000000000E+001         0.0000000000E+000         4.7015766974E+001         4.7490277073E+001         4.4575396924E+002         4.5124575171E+002         7.8617219886E-001         9.9343806121E-001         
2019-10-06                13:40:34.298              278.23650808              6677.676194               279.23650808              1570369234.298            0                         963                       1.0000000000E+000         1.6000000000E+001         0.0000000000E+000         4.7015766974E+001         4.7490277073E+001         4.4575108888E+002         4.5125255332E+002         7.8617219886E-001         9.9343806121E-001         
2019-10-06                13:41:23.545              278.23707807              6677.689874               279.23707807              1570369283.545            0                         963                       1.0000000000E+000         1.6000000000E+001         0.0000000000E+000         4.7015766974E+001         4.7490277073E+001         4.4573206478E+002         4.5124963742E+002         7.8617219886E-001         9.9343806121E-001         
2019-10-06                13:42:13.654              278.23765804              6677.703793               279.23765804              1570369333.655            0                         963                       1.0000000000E+000         1.6000000000E+001         0.0000000000E+000         4.7015766974E+001         4.7490277073E+001         4.4569396017E+002         4.5123037865E+002         7.8617219886E-001         9.9343806121E-001         
2019-10-06                13:43:04.832              278.23825038              6677.718009               279.23825038              1570369384.833            0                         963                       1.0000000000E+000         1.6000000000E+001         0.0000000000E+000         4.7015766974E+001         4.7490277073E+001         4.4565764479E+002         4.5119180401E+002         7.8617219886E-001         9.9343806121E-001         
2019-10-06                13:43:56.016              278.23884279              6677.732227               279.23884279              1570369436.017            0                         963                       1.0000000000E+000         1.6000000000E+001         0.0000000000E+000         4.7015766974E+001         4.7490277073E+001         4.4562311990E+002         4.5115504066E+002         7.8617219886E-001         9.9343806121E-001         
2019-10-06                13:44:46.104              278.23942250              6677.746140               279.23942250              1570369486.104            0                         963                       1.0000000000E+000         1.6000000000E+001         0.0000000000E+000         4.7015766974E+001         4.7490277073E+001         4.4561996994E+002         4.5112008988E+002         7.8617219886E-001         9.9343806121E-001         
2019-10-06                13:45:35.490              278.23999410              6677.759858               279.23999410              1570369535.490            0                         963                       1.0000000000E+000         1.6000000000E+001         0.0000000000E+000         4.7015766974E+001         4.7490277073E+001         4.4560037493E+002         4.5111690107E+002         7.8617219886E-001         9.9343806121E-001         
