DATE                      TIME                      FRAC_DAYS_SINCE_JAN1      FRAC_HRS_SINCE_JAN1       JULIAN_DAYS               EPOCH_TIME                ALARM_STATUS              INST_STATUS               species                   MPVPosition               solenoid_valves           CH4                       CH4_dry                   CO2                       CO2_dry                   H2O                       h2o_reported              
2019-09-29                00:47:29.744              270.69964983              6496.791596               271.69964983              1569718049.745            0                         963                       1.0000000000E+000         1.6000000000E+001         0.0000000000E+000         5.0129155335E+001         5.0639433135E+001         4.4343672644E+002         4.4926174125E+002         7.9286230858E-001         1.0016883806E+000         
2019-09-29                00:48:20.914              270.70024206              6496.805809               271.70024206              1569718100.914            0                         963                       1.0000000000E+000         1.6000000000E+001         0.0000000000E+000         5.0129155335E+001         5.0639433135E+001         4.4309386284E+002         4.4895372313E+002         7.9286230858E-001         1.0016883806E+000         
2019-09-29                00:49:10.993              270.70082169              6496.819721               271.70082169              1569718150.994            0                         963                       1.0000000000E+000         1.6000000000E+001         0.0000000000E+000         5.0129155335E+001         5.0639433135E+001         4.4283663879E+002         4.4860659380E+002         7.9286230858E-001         1.0016883806E+000         
2019-09-29                00:50:01.063              270.70140120              6496.833629               271.70140120              1569718201.064            0                         963                       1.0000000000E+000         1.6000000000E+001         0.0000000000E+000         5.0129155335E+001         5.0639433135E+001         4.4265585216E+002         4.4834616951E+002         7.9286230858E-001         1.0016883806E+000         
2019-09-29                00:50:52.234              270.70199346              6496.847843               271.70199346              1569718252.235            0                         963                       1.0000000000E+000         1.6000000000E+001         0.0000000000E+000         5.0129155335E+001         5.0639433135E+001         4.4246126288E+002         4.4816313363E+002         7.9286230858E-001         1.0016883806E+000         
2019-09-29                00:51:43.420              270.70258588              6496.862061               271.70258588              1569718303.420            0                         963                       1.0000000000E+000         1.6000000000E+001         0.0000000000E+000         5.0129155335E+001         5.0639433135E+001         4.4232504190E+002         4.4796612338E+002         7.9286230858E-001         1.0016883806E+000         
2019-09-29                00:52:33.519              270.70316573              6496.875978               271.70316573              1569718353.519            0                         963                       1.0000000000E+000         1.0000000000E+000         0.0000000000E+000         5.0129155335E+001         5.0639433135E+001         4.4223888187E+002         4.4782820762E+002         7.9286230858E-001         1.0016883806E+000         
2019-09-29                00:53:23.598              270.70374535              6496.889888               271.70374535              1569718403.598            0                         963                       1.0000000000E+000         1.0000000000E+000         0.0000000000E+000         5.0129155335E+001         5.0639433135E+001         4.4214897399E+002         4.4774097562E+002         7.9286230858E-001         1.0016883806E+000         
2019-09-29                00:54:15.802              270.70434956              6496.904389               271.70434956              1569718455.802            0                         963                       1.0000000000E+000         1.6000000000E+001         0.0000000000E+000         5.0129155335E+001         5.0639433135E+001         4.4204897238E+002         4.4764994916E+002         7.9286230858E-001         1.0016883806E+000         
2019-09-29                00:55:06.970              270.70494178              6496.918603               271.70494178              1569718506.970            0                         963                       1.0000000000E+000         2.0000000000E+000         0.0000000000E+000         5.0129155335E+001         5.0639433135E+001         4.4192494287E+002         4.4754870338E+002         7.9286230858E-001         1.0016883806E+000         
2019-09-29                00:55:57.046              270.70552137              6496.932513               271.70552137              1569718557.046            0                         963                       1.0000000000E+000         2.0000000000E+000         0.0000000000E+000         5.0129155335E+001         5.0639433135E+001         4.4178188291E+002         4.4742313077E+002         7.9286230858E-001         1.0016883806E+000         
2019-09-29                00:56:48.154              270.70611291              6496.946710               271.70611291              1569718608.155            0                         963                       1.0000000000E+000         1.6000000000E+001         0.0000000000E+000         5.0129155335E+001         5.0639433135E+001         4.4166042728E+002         4.4727829093E+002         7.9286230858E-001         1.0016883806E+000         
2019-09-29                00:57:40.328              270.70671677              6496.961202               271.70671677              1569718660.329            0                         963                       1.0000000000E+000         3.0000000000E+000         0.0000000000E+000         5.0129155335E+001         5.0639433135E+001         4.4155499652E+002         4.4715532422E+002         7.9286230858E-001         1.0016883806E+000         
2019-09-29                00:58:32.513              270.70732075              6496.975698               271.70732075              1569718712.513            0                         963                       1.0000000000E+000         3.0000000000E+000         0.0000000000E+000         5.0129155335E+001         5.0639433135E+001         4.4143823791E+002         4.4704858175E+002         7.9286230858E-001         1.0016883806E+000         
2019-09-29                00:59:22.766              270.70790238              6496.989657               271.70790238              1569718762.766            0                         963                       1.0000000000E+000         1.6000000000E+001         0.0000000000E+000         5.0129155335E+001         5.0639433135E+001         4.4135976353E+002         4.4693037050E+002         7.9286230858E-001         1.0016883806E+000         
2019-09-29                01:00:13.852              270.70849367              6497.003848               271.70849367              1569718813.853            0                         963                       1.0000000000E+000         4.0000000000E+000         0.0000000000E+000         5.0129155335E+001         5.0639433135E+001         4.4132948341E+002         4.4685091977E+002         7.9286230858E-001         1.0016883806E+000         
2019-09-29                01:01:05.033              270.70908604              6497.018065               271.70908604              1569718865.034            0                         963                       1.0000000000E+000         4.0000000000E+000         0.0000000000E+000         5.0129155335E+001         5.0639433135E+001         4.4131560023E+002         4.4682026293E+002         7.9286230858E-001         1.0016883806E+000         
2019-09-29                01:01:56.190              270.70967813              6497.032275               271.70967813              1569718916.190            0                         963                       1.0000000000E+000         1.6000000000E+001         0.0000000000E+000         5.0129155335E+001         5.0639433135E+001         4.4123495482E+002         4.4680620703E+002         7.9286230858E-001         1.0016883806E+000         
2019-09-29                01:02:46.276              270.71025782              6497.046188               271.71025782              1569718966.276            0                         963                       1.0000000000E+000         5.0000000000E+000         0.0000000000E+000         5.0129155335E+001         5.0639433135E+001         4.4114360095E+002         4.4672455827E+002         7.9286230858E-001         1.0016883806E+000         
2019-09-29                01:02:50.813              270.71031035              6497.047448               271.71031035              1569718970.814            0                         963                       3.0000000000E+000         5.0000000000E+000         0.0000000000E+000         5.0129155335E+001         5.0636239788E+001         4.4114360095E+002         4.4659771092E+002         7.8303154732E-001         9.8956384485E-001         
2019-09-29                01:03:23.808              270.71069222              6497.056613               271.71069222              1569719003.808            0                         963                       1.0000000000E+000         5.0000000000E+000         0.0000000000E+000         5.0129155335E+001         5.0636239788E+001         4.4113321803E+002         4.4659771092E+002         7.8303154732E-001         9.8956384485E-001         
2019-09-29                01:04:14.966              270.71128433              6497.070824               271.71128433              1569719054.966            0                         963                       1.0000000000E+000         1.6000000000E+001         0.0000000000E+000         5.0129155335E+001         5.0633047744E+001         4.4112128153E+002         4.4655285770E+002         7.8303154732E-001         9.8956384485E-001         
2019-09-29                01:05:06.164              270.71187691              6497.085046               271.71187691              1569719106.165            0                         963                       1.0000000000E+000         6.0000000000E+000         0.0000000000E+000         5.0129155335E+001         5.0633047744E+001         4.4109908505E+002         4.4654077455E+002         7.8303154732E-001         9.8956384485E-001         
2019-09-29                01:05:56.253              270.71245664              6497.098959               271.71245664              1569719156.254            0                         963                       1.0000000000E+000         6.0000000000E+000         0.0000000000E+000         5.0129155335E+001         5.0633047744E+001         4.4106159043E+002         4.4651830537E+002         7.8303154732E-001         9.8956384485E-001         
2019-09-29                01:06:46.354              270.71303650              6497.112876               271.71303650              1569719206.354            0                         963                       1.0000000000E+000         1.6000000000E+001         0.0000000000E+000         5.0129155335E+001         5.0633047744E+001         4.4101112686E+002         4.4648035010E+002         7.8303154732E-001         9.8956384485E-001         
2019-09-29                01:07:37.516              270.71362866              6497.127088               271.71362866              1569719257.516            0                         963                       1.0000000000E+000         7.0000000000E+000         0.0000000000E+000         5.0129155335E+001         5.0633047744E+001         4.4096783264E+002         4.4642926655E+002         7.8303154732E-001         9.8956384485E-001         
2019-09-29                01:08:28.657              270.71422058              6497.141294               271.71422058              1569719308.658            0                         963                       1.0000000000E+000         7.0000000000E+000         0.0000000000E+000         5.0129155335E+001         5.0633047744E+001         4.4092346842E+002         4.4638544043E+002         7.8303154732E-001         9.8956384485E-001         
2019-09-29                01:09:18.734              270.71480017              6497.155204               271.71480017              1569719358.735            0                         963                       1.0000000000E+000         1.6000000000E+001         0.0000000000E+000         5.0129155335E+001         5.0633047744E+001         4.4088552186E+002         4.4634053116E+002         7.8303154732E-001         9.8956384485E-001         
2019-09-29                01:10:07.947              270.71536977              6497.168874               271.71536977              1569719407.948            0                         963                       1.0000000000E+000         8.0000000000E+000         0.0000000000E+000         5.0129155335E+001         5.0633047744E+001         4.4084754753E+002         4.4630211840E+002         7.8303154732E-001         9.8956384485E-001         
2019-09-29                01:10:59.142              270.71596230              6497.183095               271.71596230              1569719459.143            0                         963                       1.0000000000E+000         8.0000000000E+000         0.0000000000E+000         5.0129155335E+001         5.0633047744E+001         4.4079819292E+002         4.4626367753E+002         7.8303154732E-001         9.8956384485E-001         
2019-09-29                01:11:50.323              270.71655468              6497.197312               271.71655468              1569719510.324            0                         963                       1.0000000000E+000         1.6000000000E+001         0.0000000000E+000         5.0129155335E+001         5.0633047744E+001         4.4075093589E+002         4.4621371657E+002         7.8303154732E-001         9.8956384485E-001         
2019-09-29                01:12:40.588              270.71713645              6497.211275               271.71713645              1569719560.589            0                         963                       1.0000000000E+000         9.0000000000E+000         0.0000000000E+000         5.0129155335E+001         5.0633047744E+001         4.4065531096E+002         4.4616587894E+002         7.8303154732E-001         9.8956384485E-001         
2019-09-29                01:13:31.749              270.71772858              6497.225486               271.71772858              1569719611.749            0                         963                       1.0000000000E+000         9.0000000000E+000         0.0000000000E+000         5.0129155335E+001         5.0633047744E+001         4.4059664822E+002         4.4606907920E+002         7.8303154732E-001         9.8956384485E-001         
2019-09-29                01:14:22.930              270.71832096              6497.239703               271.71832096              1569719662.931            0                         963                       1.0000000000E+000         1.6000000000E+001         0.0000000000E+000         5.0129155335E+001         5.0633047744E+001         4.4066032628E+002         4.4600969574E+002         7.8303154732E-001         9.8956384485E-001         
2019-09-29                01:15:14.105              270.71891326              6497.253918               271.71891326              1569719714.106            0                         963                       1.0000000000E+000         1.0000000000E+001         0.0000000000E+000         5.0129155335E+001         5.0633047744E+001         4.4065527042E+002         4.4607415613E+002         7.8303154732E-001         9.8956384485E-001         
2019-09-29                01:16:03.346              270.71948318              6497.267596               271.71948318              1569719763.347            0                         963                       1.0000000000E+000         1.0000000000E+001         0.0000000000E+000         5.0129155335E+001         5.0633047744E+001         4.4061979458E+002         4.4606903816E+002         7.8303154732E-001         9.8956384485E-001         
2019-09-29                01:16:52.578              270.72005300              6497.281272               271.72005300              1569719812.579            0                         963                       1.0000000000E+000         1.6000000000E+001         0.0000000000E+000         5.0129155335E+001         5.0633047744E+001         4.4076273214E+002         4.4603312647E+002         7.8303154732E-001         9.8956384485E-001         
2019-09-29                01:17:43.880              270.72064676              6497.295522               271.72064676              1569719863.880            0                         963                       1.0000000000E+000         1.1000000000E+001         0.0000000000E+000         5.0129155335E+001         5.0633047744E+001         6.8508300814E+002         4.4617782013E+002         7.8303154732E-001         9.8956384485E-001         
2019-09-29                01:18:34.082              270.72122780              6497.309467               271.72122780              1569719914.082            0                         963                       1.0000000000E+000         1.1000000000E+001         0.0000000000E+000         5.0129155335E+001         5.0633047744E+001         7.9330203059E+002         6.9349974688E+002         7.8303154732E-001         9.8956384485E-001         
2019-09-29                01:19:02.640              270.72155833              6497.317400               271.72155833              1569719942.640            0                         963                       2.0000000000E+000         1.3790697674E+001         0.0000000000E+000         4.6800024547E+001         5.0633047744E+001         7.9330203059E+002         8.0304831805E+002         7.8303154732E-001         9.8956384485E-001         
2019-09-29                01:19:22.398              270.72178701              6497.322888               271.72178701              1569719962.398            0                         963                       1.0000000000E+000         1.6000000000E+001         0.0000000000E+000         4.6800024547E+001         5.0633047744E+001         5.3460965306E+002         8.0304831805E+002         7.8303154732E-001         9.8956384485E-001         
2019-09-29                01:20:12.627              270.72236837              6497.336841               271.72236837              1569720012.627            0                         963                       1.0000000000E+000         1.2000000000E+001         0.0000000000E+000         4.6800024547E+001         4.7270452922E+001         9.5861414744E+002         5.4117771814E+002         7.8303154732E-001         9.8956384485E-001         
2019-09-29                01:21:03.846              270.72296119              6497.351069               271.72296119              1569720063.847            0                         963                       1.0000000000E+000         1.2000000000E+001         0.0000000000E+000         4.6800024547E+001         4.7270452922E+001         1.2051826411E+003         9.7039141346E+002         7.8303154732E-001         9.8956384485E-001         
2019-09-29                01:21:55.010              270.72355337              6497.365281               271.72355337              1569720115.011            0                         963                       1.0000000000E+000         1.6000000000E+001         0.0000000000E+000         4.6800024547E+001         4.7270452922E+001         6.8833106643E+002         1.2199891789E+003         7.8303154732E-001         9.8956384485E-001         
2019-09-29                01:22:45.112              270.72413325              6497.379198               271.72413325              1569720165.113            0                         963                       1.0000000000E+000         1.3000000000E+001         0.0000000000E+000         4.6800024547E+001         4.7270452922E+001         5.7492092291E+002         6.9678770991E+002         7.8303154732E-001         9.8956384485E-001         
2019-09-29                01:23:34.387              270.72470355              6497.392885               271.72470355              1569720214.387            0                         963                       1.0000000000E+000         1.3000000000E+001         0.0000000000E+000         4.6800024547E+001         4.7270452922E+001         6.3319361618E+002         5.8198424100E+002         7.8303154732E-001         9.8956384485E-001         
2019-09-29                01:24:25.585              270.72529612              6497.407107               271.72529612              1569720265.585            0                         963                       1.0000000000E+000         1.6000000000E+001         0.0000000000E+000         4.6800024547E+001         4.7270452922E+001         5.0045109938E+002         6.4097285633E+002         7.8303154732E-001         9.8956384485E-001         
2019-09-29                01:25:16.865              270.72588964              6497.421351               271.72588964              1569720316.865            0                         963                       1.0000000000E+000         1.4000000000E+001         0.0000000000E+000         4.6800024547E+001         4.7270452922E+001         8.9177200040E+002         5.0659950200E+002         7.8303154732E-001         9.8956384485E-001         
2019-09-29                01:26:05.145              270.72644845              6497.434763               271.72644845              1569720365.146            0                         963                       1.0000000000E+000         1.4000000000E+001         0.0000000000E+000         4.6800024547E+001         4.7270452922E+001         1.0926121654E+003         9.0272806244E+002         7.8303154732E-001         9.8956384485E-001         
2019-09-29                01:26:55.253              270.72702840              6497.448682               271.72702840              1569720415.254            0                         963                       1.0000000000E+000         1.6000000000E+001         0.0000000000E+000         4.6800024547E+001         4.7270452922E+001         6.4324258684E+002         1.1060356937E+003         7.8303154732E-001         9.8956384485E-001         
2019-09-29                01:27:46.427              270.72762068              6497.462896               271.72762068              1569720466.427            0                         963                       1.0000000000E+000         1.5000000000E+001         0.0000000000E+000         4.6800024547E+001         4.7270452922E+001         4.6983423054E+002         6.5114528583E+002         7.8303154732E-001         9.8956384485E-001         
2019-09-29                01:28:37.618              270.72821318              6497.477116               271.72821318              1569720517.619            0                         963                       1.0000000000E+000         1.5000000000E+001         0.0000000000E+000         4.6800024547E+001         4.7270452922E+001         4.8236401237E+002         4.7560648284E+002         7.8303154732E-001         9.8956384485E-001         
2019-09-29                01:29:27.720              270.72879307              6497.491034               271.72879307              1569720567.721            0                         963                       1.0000000000E+000         1.6000000000E+001         0.0000000000E+000         4.6800024547E+001         4.7270452922E+001         4.5484357435E+002         4.8829020208E+002         7.8303154732E-001         9.8956384485E-001         
2019-09-29                01:30:18.878              270.72938517              6497.505244               271.72938517              1569720618.879            0                         963                       1.0000000000E+000         1.6000000000E+001         0.0000000000E+000         4.6800024547E+001         4.7270452922E+001         4.4220550667E+002         4.6043165563E+002         7.8303154732E-001         9.8956384485E-001         
2019-09-29                01:31:09.065              270.72996603              6497.519185               271.72996603              1569720669.065            0                         963                       1.0000000000E+000         1.6000000000E+001         0.0000000000E+000         4.6800024547E+001         4.7270452922E+001         4.4217204854E+002         4.4763832017E+002         7.8303154732E-001         9.8956384485E-001         
2019-09-29                01:32:00.232              270.73055824              6497.533398               271.73055824              1569720720.232            0                         963                       1.0000000000E+000         1.6000000000E+001         0.0000000000E+000         4.6800024547E+001         4.7270452922E+001         4.4213786740E+002         4.4760445099E+002         7.8303154732E-001         9.8956384485E-001         
2019-09-29                01:32:51.401              270.73115049              6497.547612               271.73115049              1569720771.402            0                         963                       1.0000000000E+000         1.6000000000E+001         0.0000000000E+000         4.6800024547E+001         4.7270452922E+001         4.4212269634E+002         4.4756984991E+002         7.8303154732E-001         9.8956384485E-001         
2019-09-29                01:33:41.519              270.73173056              6497.561533               271.73173056              1569720821.520            0                         963                       1.0000000000E+000         1.6000000000E+001         0.0000000000E+000         4.6800024547E+001         4.7270452922E+001         4.4208187831E+002         4.4755449246E+002         7.8303154732E-001         9.8956384485E-001         
2019-09-29                01:34:32.709              270.73232302              6497.575753               271.73232302              1569720872.709            0                         963                       1.0000000000E+000         1.6000000000E+001         0.0000000000E+000         4.6800024547E+001         4.7270452922E+001         4.4202874061E+002         4.4751317295E+002         7.8303154732E-001         9.8956384485E-001         
2019-09-29                01:35:23.905              270.73291558              6497.589974               271.73291558              1569720923.906            0                         963                       1.0000000000E+000         1.6000000000E+001         0.0000000000E+000         4.6800024547E+001         4.7270452922E+001         4.4193610646E+002         4.4745938242E+002         7.8303154732E-001         9.8956384485E-001         
2019-09-29                01:36:13.141              270.73348543              6497.603650               271.73348543              1569720973.141            0                         963                       1.0000000000E+000         1.6000000000E+001         0.0000000000E+000         4.6800024547E+001         4.7270452922E+001         4.4185550377E+002         4.4736561019E+002         7.8303154732E-001         9.8956384485E-001         
2019-09-29                01:37:02.362              270.73405513              6497.617323               271.73405513              1569721022.363            0                         963                       1.0000000000E+000         1.6000000000E+001         0.0000000000E+000         4.6800024547E+001         4.7270452922E+001         4.4180388531E+002         4.4728401724E+002         7.8303154732E-001         9.8956384485E-001         
2019-09-29                01:37:53.566              270.73464777              6497.631546               271.73464777              1569721073.567            0                         963                       1.0000000000E+000         1.6000000000E+001         0.0000000000E+000         4.6800024547E+001         4.7270452922E+001         4.4178705371E+002         4.4723176461E+002         7.8303154732E-001         9.8956384485E-001         
2019-09-29                01:38:44.755              270.73524022              6497.645765               271.73524022              1569721124.755            0                         963                       1.0000000000E+000         1.6000000000E+001         0.0000000000E+000         4.6800024547E+001         4.7270452922E+001         4.4178517391E+002         4.4721472622E+002         7.8303154732E-001         9.8956384485E-001         
2019-09-29                01:39:35.921              270.73583242              6497.659978               271.73583242              1569721175.921            0                         963                       1.0000000000E+000         1.0000000000E+000         0.0000000000E+000         4.6800024547E+001         4.7270452922E+001         4.4169571874E+002         4.4721282333E+002         7.8303154732E-001         9.8956384485E-001         
2019-09-29                01:40:25.147              270.73640216              6497.673652               271.73640216              1569721225.147            0                         963                       1.0000000000E+000         1.0000000000E+000         0.0000000000E+000         4.6800024547E+001         4.7270452922E+001         4.4158792044E+002         4.4712226913E+002         7.8303154732E-001         9.8956384485E-001         
2019-09-29                01:41:16.309              270.73699433              6497.687864               271.73699433              1569721276.310            0                         963                       1.0000000000E+000         1.0000000000E+000         0.0000000000E+000         4.6800024547E+001         4.7270452922E+001         4.4149884984E+002         4.4701314646E+002         7.8303154732E-001         9.8956384485E-001         
2019-09-29                01:42:07.538              270.73758725              6497.702094               271.73758725              1569721327.538            0                         963                       1.0000000000E+000         2.0000000000E+000         0.0000000000E+000         4.6800024547E+001         4.7270452922E+001         4.4147292822E+002         4.4692298156E+002         7.8303154732E-001         9.8956384485E-001         
2019-09-29                01:42:56.780              270.73815719              6497.715772               271.73815719              1569721376.781            0                         963                       1.0000000000E+000         2.0000000000E+000         0.0000000000E+000         4.6800024547E+001         4.7270452922E+001         4.4147891753E+002         4.4689674147E+002         7.8303154732E-001         9.8956384485E-001         
2019-09-29                01:43:46.878              270.73873701              6497.729688               271.73873701              1569721426.878            0                         963                       1.0000000000E+000         2.0000000000E+000         0.0000000000E+000         4.6800024547E+001         4.7270452922E+001         4.4141087358E+002         4.4690280436E+002         7.8303154732E-001         9.8956384485E-001         
2019-09-29                01:44:37.084              270.73931810              6497.743634               271.73931810              1569721477.084            0                         963                       1.0000000000E+000         3.0000000000E+000         0.0000000000E+000         4.6800024547E+001         4.7270452922E+001         4.4134018875E+002         4.4683392445E+002         7.8303154732E-001         9.8956384485E-001         
2019-09-29                01:44:40.687              270.73935980              6497.744635               271.73935980              1569721480.687            0                         963                       3.0000000000E+000         3.0000000000E+000         0.0000000000E+000         4.6800024547E+001         4.7267915376E+001         4.4134018875E+002         4.4673311515E+002         7.7466192478E-001         9.7923579486E-001         
2019-09-29                01:45:14.631              270.73975267              6497.754064               271.73975267              1569721514.631            0                         963                       1.0000000000E+000         3.0000000000E+000         0.0000000000E+000         4.6800024547E+001         4.7267915376E+001         4.4128452435E+002         4.4673311515E+002         7.7466192478E-001         9.7923579486E-001         
2019-09-29                01:46:04.726              270.74033248              6497.767979               271.74033248              1569721564.726            0                         963                       1.0000000000E+000         3.0000000000E+000         0.0000000000E+000         4.6800024547E+001         4.7265378713E+001         4.4124084884E+002         4.4664752848E+002         7.7466192478E-001         9.7923579486E-001         
2019-09-29                01:46:53.943              270.74090212              6497.781651               271.74090212              1569721613.943            0                         963                       1.0000000000E+000         1.6000000000E+001         0.0000000000E+000         4.6800024547E+001         4.7265378713E+001         4.4124680698E+002         4.4660332217E+002         7.7466192478E-001         9.7923579486E-001         
2019-09-29                01:47:45.118              270.74149443              6497.795866               271.74149443              1569721665.119            0                         963                       1.0000000000E+000         4.0000000000E+000         0.0000000000E+000         4.6800024547E+001         4.7265378713E+001         4.4125866073E+002         4.4660935272E+002         7.7466192478E-001         9.7923579486E-001         
