DATE                      TIME                      FRAC_DAYS_SINCE_JAN1      FRAC_HRS_SINCE_JAN1       JULIAN_DAYS               EPOCH_TIME                ALARM_STATUS              INST_STATUS               species                   MPVPosition               solenoid_valves           CH4                       CH4_dry                   CO2                       CO2_dry                   H2O                       h2o_reported              
2019-10-05                08:08:23.984              277.00583316              6648.139996               278.00583316              1570262903.985            0                         963                       1.0000000000E+000         1.6000000000E+001         0.0000000000E+000         4.6279813079E+001         4.6760965662E+001         4.3604544887E+002         4.4167841439E+002         8.0963040747E-001         1.0223526275E+000         
2019-10-05                08:09:15.138              277.00642521              6648.154205               278.00642521              1570262955.138            0                         963                       1.0000000000E+000         1.6000000000E+001         0.0000000000E+000         4.6279813079E+001         4.6760965662E+001         4.3599669332E+002         4.4158635045E+002         8.0963040747E-001         1.0223526275E+000         
2019-10-05                08:10:06.288              277.00701722              6648.168413               278.00701722              1570263006.288            0                         963                       1.0000000000E+000         1.6000000000E+001         0.0000000000E+000         4.6279813079E+001         4.6760965662E+001         4.3594501311E+002         4.4153697535E+002         8.0963040747E-001         1.0223526275E+000         
2019-10-05                08:10:55.525              277.00758709              6648.182090               278.00758709              1570263055.525            0                         963                       1.0000000000E+000         1.6000000000E+001         0.0000000000E+000         4.6279813079E+001         4.6760965662E+001         4.3589366004E+002         4.4148463844E+002         8.0963040747E-001         1.0223526275E+000         
2019-10-05                08:11:45.596              277.00816663              6648.195999               278.00816663              1570263105.597            0                         963                       1.0000000000E+000         1.6000000000E+001         0.0000000000E+000         4.6279813079E+001         4.6760965662E+001         4.3585725885E+002         4.4143263281E+002         8.0963040747E-001         1.0223526275E+000         
2019-10-05                08:12:36.809              277.00875937              6648.210225               278.00875937              1570263156.810            0                         963                       1.0000000000E+000         1.6000000000E+001         0.0000000000E+000         4.6279813079E+001         4.6760965662E+001         4.3582530961E+002         4.4139576907E+002         8.0963040747E-001         1.0223526275E+000         
2019-10-05                08:13:27.994              277.00935179              6648.224443               278.00935179              1570263207.995            0                         963                       1.0000000000E+000         1.6000000000E+001         0.0000000000E+000         4.6279813079E+001         4.6760965662E+001         4.3585814783E+002         4.4136341384E+002         8.0963040747E-001         1.0223526275E+000         
2019-10-05                08:14:18.078              277.00993146              6648.238355               278.00993146              1570263258.078            0                         963                       1.0000000000E+000         1.6000000000E+001         0.0000000000E+000         4.6279813079E+001         4.6760965662E+001         4.3588868987E+002         4.4139666935E+002         8.0963040747E-001         1.0223526275E+000         
2019-10-05                08:14:25.039              277.01001203              6648.240289               278.01001203              1570263265.039            0                         963                       3.0000000000E+000         1.6000000000E+001         0.0000000000E+000         4.6279813079E+001         4.6761084857E+001         4.3588868987E+002         4.4142897204E+002         8.1002775027E-001         1.0228420461E+000         
2019-10-05                08:14:58.572              277.01040014              6648.249603               278.01040014              1570263298.572            0                         963                       1.0000000000E+000         1.6000000000E+001         0.0000000000E+000         4.6279813079E+001         4.6761084857E+001         4.3585303023E+002         4.4142897204E+002         8.1002775027E-001         1.0228420461E+000         
2019-10-05                08:15:49.732              277.01099227              6648.263814               278.01099227              1570263349.732            0                         963                       1.0000000000E+000         1.6000000000E+001         0.0000000000E+000         4.6279813079E+001         4.6761204054E+001         4.3580292791E+002         4.4139423162E+002         8.1002775027E-001         1.0228420461E+000         
2019-10-05                08:16:40.880              277.01158426              6648.278022               278.01158426              1570263400.880            0                         963                       1.0000000000E+000         1.6000000000E+001         0.0000000000E+000         4.6279813079E+001         4.6761204054E+001         4.3580248517E+002         4.4134349232E+002         8.1002775027E-001         1.0228420461E+000         
2019-10-05                08:17:29.744              277.01214983              6648.291596               278.01214983              1570263449.745            0                         963                       1.0000000000E+000         1.6000000000E+001         0.0000000000E+000         4.6279813079E+001         4.6761204054E+001         4.3577999618E+002         4.4134304395E+002         8.1002775027E-001         1.0228420461E+000         
2019-10-05                08:18:17.904              277.01270722              6648.304973               278.01270722              1570263497.904            0                         963                       1.0000000000E+000         1.6000000000E+001         0.0000000000E+000         4.6279813079E+001         4.6761204054E+001         4.3570932732E+002         4.4132026905E+002         8.1002775027E-001         1.0228420461E+000         
2019-10-05                08:19:09.063              277.01329935              6648.319184               278.01329935              1570263549.064            0                         963                       1.0000000000E+000         1.6000000000E+001         0.0000000000E+000         4.6279813079E+001         4.6761204054E+001         4.3565183492E+002         4.4124870175E+002         8.1002775027E-001         1.0228420461E+000         
2019-10-05                08:20:00.240              277.01389168              6648.333400               278.01389168              1570263600.241            0                         963                       1.0000000000E+000         1.6000000000E+001         0.0000000000E+000         4.6279813079E+001         4.6761204054E+001         4.3563256664E+002         4.4119047842E+002         8.1002775027E-001         1.0228420461E+000         
2019-10-05                08:20:50.328              277.01447140              6648.347314               278.01447140              1570263650.329            0                         963                       1.0000000000E+000         1.6000000000E+001         0.0000000000E+000         4.6279813079E+001         4.6761204054E+001         4.3565591524E+002         4.4117096517E+002         8.1002775027E-001         1.0228420461E+000         
2019-10-05                08:21:40.413              277.01505108              6648.361226               278.01505108              1570263700.413            0                         963                       1.0000000000E+000         1.6000000000E+001         0.0000000000E+000         4.6279813079E+001         4.6761204054E+001         4.3568385308E+002         4.4119461061E+002         8.1002775027E-001         1.0228420461E+000         
2019-10-05                08:22:31.578              277.01564328              6648.375439               278.01564328              1570263751.579            0                         963                       1.0000000000E+000         1.6000000000E+001         0.0000000000E+000         4.6279813079E+001         4.6761204054E+001         4.3567668476E+002         4.4122290364E+002         8.1002775027E-001         1.0228420461E+000         
2019-10-05                08:23:22.782              277.01623591              6648.389662               278.01623591              1570263802.783            0                         963                       1.0000000000E+000         1.6000000000E+001         0.0000000000E+000         4.6279813079E+001         4.6761204054E+001         4.3569174521E+002         4.4121564419E+002         8.1002775027E-001         1.0228420461E+000         
2019-10-05                08:24:12.865              277.01681557              6648.403574               278.01681557              1570263852.865            0                         963                       1.0000000000E+000         1.6000000000E+001         0.0000000000E+000         4.6279813079E+001         4.6761204054E+001         4.3577328009E+002         4.4123089611E+002         8.1002775027E-001         1.0228420461E+000         
2019-10-05                08:25:03.072              277.01739668              6648.417520               278.01739668              1570263903.073            0                         963                       1.0000000000E+000         1.6000000000E+001         0.0000000000E+000         4.6279813079E+001         4.6761204054E+001         4.3584555218E+002         4.4131346758E+002         8.1002775027E-001         1.0228420461E+000         
2019-10-05                08:25:54.244              277.01798895              6648.431735               278.01798895              1570263954.245            0                         963                       1.0000000000E+000         1.6000000000E+001         0.0000000000E+000         4.6279813079E+001         4.6761204054E+001         4.3588334699E+002         4.4138665850E+002         8.1002775027E-001         1.0228420461E+000         
2019-10-05                08:26:45.414              277.01858119              6648.445949               278.01858119              1570264005.415            0                         963                       1.0000000000E+000         1.6000000000E+001         0.0000000000E+000         4.6279813079E+001         4.6761204054E+001         4.3588739268E+002         4.4142493381E+002         8.1002775027E-001         1.0228420461E+000         
2019-10-05                08:27:35.496              277.01916084              6648.459860               278.01916084              1570264055.497            0                         963                       1.0000000000E+000         1.6000000000E+001         0.0000000000E+000         4.6279813079E+001         4.6761204054E+001         4.3590524428E+002         4.4142903093E+002         8.1002775027E-001         1.0228420461E+000         
2019-10-05                08:28:25.608              277.01974083              6648.473780               278.01974083              1570264105.608            0                         963                       1.0000000000E+000         1.6000000000E+001         0.0000000000E+000         4.6279813079E+001         4.6761204054E+001         4.3591923526E+002         4.4144710949E+002         8.1002775027E-001         1.0228420461E+000         
2019-10-05                08:29:16.786              277.02033318              6648.487996               278.02033318              1570264156.787            0                         963                       1.0000000000E+000         1.6000000000E+001         0.0000000000E+000         4.6279813079E+001         4.6761204054E+001         4.3592194387E+002         4.4146127834E+002         8.1002775027E-001         1.0228420461E+000         
2019-10-05                08:30:07.940              277.02092524              6648.502206               278.02092524              1570264207.941            0                         963                       1.0000000000E+000         1.6000000000E+001         0.0000000000E+000         4.6279813079E+001         4.6761204054E+001         4.3591733234E+002         4.4146402139E+002         8.1002775027E-001         1.0228420461E+000         
2019-10-05                08:30:58.043              277.02150514              6648.516123               278.02150514              1570264258.044            0                         963                       1.0000000000E+000         1.6000000000E+001         0.0000000000E+000         4.6279813079E+001         4.6761204054E+001         4.3589624324E+002         4.4145935123E+002         8.1002775027E-001         1.0228420461E+000         
2019-10-05                08:31:48.142              277.02208499              6648.530040               278.02208499              1570264308.143            0                         963                       1.0000000000E+000         1.6000000000E+001         0.0000000000E+000         4.6279813079E+001         4.6761204054E+001         4.3593490550E+002         4.4143799402E+002         8.1002775027E-001         1.0228420461E+000         
2019-10-05                08:32:39.319              277.02267730              6648.544255               278.02267730              1570264359.319            0                         963                       1.0000000000E+000         1.6000000000E+001         0.0000000000E+000         4.6279813079E+001         4.6761204054E+001         4.3596017925E+002         4.4147714781E+002         8.1002775027E-001         1.0228420461E+000         
2019-10-05                08:33:30.509              277.02326978              6648.558475               278.02326978              1570264410.509            0                         963                       1.0000000000E+000         1.6000000000E+001         0.0000000000E+000         4.6279813079E+001         4.6761204054E+001         4.3596693886E+002         4.4150274287E+002         8.1002775027E-001         1.0228420461E+000         
2019-10-05                08:34:20.586              277.02384939              6648.572385               278.02384939              1570264460.587            0                         963                       1.0000000000E+000         1.6000000000E+001         0.0000000000E+000         4.6279813079E+001         4.6761204054E+001         4.3603232855E+002         4.4150958842E+002         8.1002775027E-001         1.0228420461E+000         
2019-10-05                08:35:10.664              277.02442899              6648.586296               278.02442899              1570264510.665            0                         963                       1.0000000000E+000         1.6000000000E+001         0.0000000000E+000         4.6279813079E+001         4.6761204054E+001         4.3606300342E+002         4.4157580944E+002         8.1002775027E-001         1.0228420461E+000         
2019-10-05                08:36:01.832              277.02502120              6648.600509               278.02502120              1570264561.832            0                         963                       1.0000000000E+000         1.6000000000E+001         0.0000000000E+000         4.6279813079E+001         4.6761204054E+001         4.3607145667E+002         4.4160687429E+002         8.1002775027E-001         1.0228420461E+000         
2019-10-05                08:36:52.071              277.02560267              6648.614464               278.02560267              1570264612.071            0                         963                       1.0000000000E+000         1.6000000000E+001         0.0000000000E+000         4.6279813079E+001         4.6761204054E+001         4.3605332286E+002         4.4161543502E+002         8.1002775027E-001         1.0228420461E+000         
2019-10-05                08:37:42.153              277.02618233              6648.628376               278.02618233              1570264662.153            0                         963                       1.0000000000E+000         1.6000000000E+001         0.0000000000E+000         4.6279813079E+001         4.6761204054E+001         4.3598095299E+002         4.4159707067E+002         8.1002775027E-001         1.0228420461E+000         
2019-10-05                08:37:46.006              277.02622693              6648.629446               278.02622693              1570264666.007            0                         963                       3.0000000000E+000         1.6000000000E+001         0.0000000000E+000         4.6279813079E+001         4.6762886003E+001         4.3598095299E+002         4.4154315277E+002         8.1563481326E-001         1.0297472015E+000         
2019-10-05                08:38:18.058              277.02659789              6648.638349               278.02659789              1570264698.058            0                         963                       1.0000000000E+000         1.6000000000E+001         0.0000000000E+000         4.6279813079E+001         4.6762886003E+001         4.3595621327E+002         4.4154315277E+002         8.1563481326E-001         1.0297472015E+000         
2019-10-05                08:39:09.209              277.02718992              6648.652558               278.02718992              1570264749.209            0                         963                       1.0000000000E+000         1.6000000000E+001         0.0000000000E+000         4.6279813079E+001         4.6764568341E+001         4.3597716974E+002         4.4153747292E+002         8.1563481326E-001         1.0297472015E+000         
2019-10-05                08:40:00.381              277.02778220              6648.666773               278.02778220              1570264800.382            0                         963                       1.0000000000E+000         1.6000000000E+001         0.0000000000E+000         4.6279813079E+001         4.6764568341E+001         4.3596210632E+002         4.4155869769E+002         8.1563481326E-001         1.0297472015E+000         
2019-10-05                08:40:50.444              277.02836162              6648.680679               278.02836162              1570264850.444            0                         963                       1.0000000000E+000         1.6000000000E+001         0.0000000000E+000         4.6279813079E+001         4.6764568341E+001         4.3592238573E+002         4.4154344142E+002         8.1563481326E-001         1.0297472015E+000         
2019-10-05                08:41:40.515              277.02894115              6648.694588               278.02894115              1570264900.515            0                         963                       1.0000000000E+000         1.6000000000E+001         0.0000000000E+000         4.6279813079E+001         4.6764568341E+001         4.3593786044E+002         4.4150321232E+002         8.1563481326E-001         1.0297472015E+000         
2019-10-05                08:42:31.687              277.02953343              6648.708802               278.02953343              1570264951.688            0                         963                       1.0000000000E+000         1.6000000000E+001         0.0000000000E+000         4.6279813079E+001         4.6764568341E+001         4.3601516422E+002         4.4151888514E+002         8.1563481326E-001         1.0297472015E+000         
2019-10-05                08:43:22.852              277.03012561              6648.723015               278.03012561              1570265002.853            0                         963                       1.0000000000E+000         1.6000000000E+001         0.0000000000E+000         4.6279813079E+001         4.6764568341E+001         4.3606398765E+002         4.4159717859E+002         8.1563481326E-001         1.0297472015E+000         
2019-10-05                08:44:12.938              277.03070531              6648.736927               278.03070531              1570265052.939            0                         963                       1.0000000000E+000         1.6000000000E+001         0.0000000000E+000         4.6279813079E+001         4.6764568341E+001         4.3610064325E+002         4.4164662707E+002         8.1563481326E-001         1.0297472015E+000         
2019-10-05                08:45:03.017              277.03128493              6648.750838               278.03128493              1570265103.018            0                         963                       1.0000000000E+000         1.6000000000E+001         0.0000000000E+000         4.6279813079E+001         4.6764568341E+001         4.3611130762E+002         4.4168375195E+002         8.1563481326E-001         1.0297472015E+000         
2019-10-05                08:45:54.200              277.03187733              6648.765056               278.03187733              1570265154.201            0                         963                       1.0000000000E+000         1.6000000000E+001         0.0000000000E+000         4.6279813079E+001         4.6764568341E+001         4.3598822054E+002         4.4169455284E+002         8.1563481326E-001         1.0297472015E+000         
2019-10-05                08:46:45.368              277.03246955              6648.779269               278.03246955              1570265205.369            0                         963                       1.0000000000E+000         1.6000000000E+001         0.0000000000E+000         4.6279813079E+001         4.6764568341E+001         4.3589040118E+002         4.4156988997E+002         8.1563481326E-001         1.0297472015E+000         
2019-10-05                08:47:35.450              277.03304919              6648.793181               278.03304919              1570265255.450            0                         963                       1.0000000000E+000         1.6000000000E+001         0.0000000000E+000         4.6279813079E+001         4.6764568341E+001         4.3585062476E+002         4.4147081828E+002         8.1563481326E-001         1.0297472015E+000         
2019-10-05                08:48:25.549              277.03362904              6648.807097               278.03362904              1570265305.549            0                         963                       1.0000000000E+000         1.6000000000E+001         0.0000000000E+000         4.6279813079E+001         4.6764568341E+001         4.3585890970E+002         4.4143053264E+002         8.1563481326E-001         1.0297472015E+000         
2019-10-05                08:49:16.736              277.03422149              6648.821316               278.03422149              1570265356.737            0                         963                       1.0000000000E+000         1.6000000000E+001         0.0000000000E+000         4.6279813079E+001         4.6764568341E+001         4.3593126628E+002         4.4143892364E+002         8.1563481326E-001         1.0297472015E+000         
2019-10-05                08:50:07.950              277.03481425              6648.835542               278.03481425              1570265407.951            0                         963                       1.0000000000E+000         1.6000000000E+001         0.0000000000E+000         4.6279813079E+001         4.6764568341E+001         4.3599883191E+002         4.4151220655E+002         8.1563481326E-001         1.0297472015E+000         
2019-10-05                08:50:58.006              277.03539359              6648.849446               278.03539359              1570265458.006            0                         963                       1.0000000000E+000         1.6000000000E+001         0.0000000000E+000         4.6279813079E+001         4.6764568341E+001         4.3607067656E+002         4.4158063719E+002         8.1563481326E-001         1.0297472015E+000         
2019-10-05                08:51:48.075              277.03597309              6648.863354               278.03597309              1570265508.075            0                         963                       1.0000000000E+000         1.6000000000E+001         0.0000000000E+000         4.6279813079E+001         4.6764568341E+001         4.3605618185E+002         4.4165340161E+002         8.1563481326E-001         1.0297472015E+000         
2019-10-05                08:52:39.372              277.03656682              6648.877604               278.03656682              1570265559.373            0                         963                       1.0000000000E+000         1.6000000000E+001         0.0000000000E+000         4.6279813079E+001         4.6764568341E+001         4.3603353649E+002         4.4163872134E+002         8.1563481326E-001         1.0297472015E+000         
2019-10-05                08:53:30.529              277.03715890              6648.891814               278.03715890              1570265610.529            0                         963                       1.0000000000E+000         1.6000000000E+001         0.0000000000E+000         4.6279813079E+001         4.6764568341E+001         4.3605920122E+002         4.4161578606E+002         8.1563481326E-001         1.0297472015E+000         
2019-10-05                08:54:19.734              277.03772841              6648.905482               278.03772841              1570265659.735            0                         963                       1.0000000000E+000         1.6000000000E+001         0.0000000000E+000         4.6279813079E+001         4.6764568341E+001         4.3607791294E+002         4.4164177936E+002         8.1563481326E-001         1.0297472015E+000         
2019-10-05                08:55:09.799              277.03830787              6648.919389               278.03830787              1570265709.800            0                         963                       1.0000000000E+000         1.6000000000E+001         0.0000000000E+000         4.6279813079E+001         4.6764568341E+001         4.3608789268E+002         4.4166073063E+002         8.1563481326E-001         1.0297472015E+000         
2019-10-05                08:56:00.986              277.03890031              6648.933607               278.03890031              1570265760.987            0                         963                       1.0000000000E+000         1.6000000000E+001         0.0000000000E+000         4.6279813079E+001         4.6764568341E+001         4.3605833600E+002         4.4167083814E+002         8.1563481326E-001         1.0297472015E+000         
2019-10-05                08:56:52.178              277.03949281              6648.947827               278.03949281              1570265812.179            0                         963                       1.0000000000E+000         1.6000000000E+001         0.0000000000E+000         4.6279813079E+001         4.6764568341E+001         4.3601114953E+002         4.4164090307E+002         8.1563481326E-001         1.0297472015E+000         
2019-10-05                08:57:42.252              277.04007236              6648.961737               278.04007236              1570265862.252            0                         963                       1.0000000000E+000         1.6000000000E+001         0.0000000000E+000         4.6279813079E+001         4.6764568341E+001         4.3597966025E+002         4.4159311250E+002         8.1563481326E-001         1.0297472015E+000         
2019-10-05                08:58:32.331              277.04065198              6648.975648               278.04065198              1570265912.331            0                         963                       1.0000000000E+000         1.6000000000E+001         0.0000000000E+000         4.6279813079E+001         4.6764568341E+001         4.3588896656E+002         4.4156122008E+002         8.1563481326E-001         1.0297472015E+000         
2019-10-05                08:59:23.470              277.04124388              6648.989853               278.04124388              1570265963.471            0                         963                       1.0000000000E+000         1.6000000000E+001         0.0000000000E+000         4.6279813079E+001         4.6764568341E+001         4.3586890119E+002         4.4146936530E+002         8.1563481326E-001         1.0297472015E+000         
2019-10-05                09:00:14.660              277.04183634              6649.004072               278.04183634              1570266014.660            0                         963                       1.0000000000E+000         1.6000000000E+001         0.0000000000E+000         4.6279813079E+001         4.6764568341E+001         4.3595843378E+002         4.4144904305E+002         8.1563481326E-001         1.0297472015E+000         
2019-10-05                09:01:04.765              277.04241626              6649.017990               278.04241626              1570266064.765            0                         963                       1.0000000000E+000         1.6000000000E+001         0.0000000000E+000         4.6279813079E+001         4.6764568341E+001         4.3604230069E+002         4.4153972186E+002         8.1563481326E-001         1.0297472015E+000         
2019-10-05                09:01:54.861              277.04299609              6649.031906               278.04299609              1570266114.862            0                         963                       1.0000000000E+000         1.6000000000E+001         0.0000000000E+000         4.6279813079E+001         4.6764568341E+001         4.3609375309E+002         4.4162466247E+002         8.1563481326E-001         1.0297472015E+000         
2019-10-05                09:02:46.042              277.04358846              6649.046123               278.04358846              1570266166.043            0                         963                       1.0000000000E+000         1.6000000000E+001         0.0000000000E+000         4.6279813079E+001         4.6764568341E+001         4.3607582792E+002         4.4167677357E+002         8.1563481326E-001         1.0297472015E+000         
2019-10-05                09:03:37.220              277.04418079              6649.060339               278.04418079              1570266217.220            0                         963                       1.0000000000E+000         1.6000000000E+001         0.0000000000E+000         4.6279813079E+001         4.6764568341E+001         4.3605420932E+002         4.4165861892E+002         8.1563481326E-001         1.0297472015E+000         
2019-10-05                09:04:27.298              277.04476039              6649.074249               278.04476039              1570266267.298            0                         963                       1.0000000000E+000         1.6000000000E+001         0.0000000000E+000         4.6279813079E+001         4.6764568341E+001         4.3604423781E+002         4.4163672355E+002         8.1563481326E-001         1.0297472015E+000         
2019-10-05                09:05:17.385              277.04534012              6649.088163               278.04534012              1570266317.386            0                         963                       1.0000000000E+000         1.6000000000E+001         0.0000000000E+000         4.6279813079E+001         4.6764568341E+001         4.3599091424E+002         4.4162662439E+002         8.1563481326E-001         1.0297472015E+000         
2019-10-05                09:06:08.575              277.04593258              6649.102382               278.04593258              1570266368.575            0                         963                       1.0000000000E+000         1.6000000000E+001         0.0000000000E+000         4.6279813079E+001         4.6764568341E+001         4.3589897241E+002         4.4157261815E+002         8.1563481326E-001         1.0297472015E+000         
2019-10-05                09:06:59.740              277.04652478              6649.116595               278.04652478              1570266419.741            0                         963                       1.0000000000E+000         1.6000000000E+001         0.0000000000E+000         4.6279813079E+001         4.6764568341E+001         4.3582833578E+002         4.4147949925E+002         8.1563481326E-001         1.0297472015E+000         
2019-10-05                09:07:49.828              277.04710449              6649.130508               278.04710449              1570266469.828            0                         963                       1.0000000000E+000         1.6000000000E+001         0.0000000000E+000         4.6279813079E+001         4.6764568341E+001         4.3581396514E+002         4.4140795831E+002         8.1563481326E-001         1.0297472015E+000         
2019-10-05                09:08:39.904              277.04768407              6649.144418               278.04768407              1570266519.904            0                         963                       1.0000000000E+000         1.6000000000E+001         0.0000000000E+000         4.6279813079E+001         4.6764568341E+001         4.3583396337E+002         4.4139340368E+002         8.1563481326E-001         1.0297472015E+000         
