DATE                      TIME                      FRAC_DAYS_SINCE_JAN1      FRAC_HRS_SINCE_JAN1       JULIAN_DAYS               EPOCH_TIME                ALARM_STATUS              INST_STATUS               species                   MPVPosition               solenoid_valves           CH4                       CH4_dry                   CO2                       CO2_dry                   H2O                       h2o_reported              
2019-04-26                18:09:01.898              115.42293865              2770.150527               116.42293865              1556302141.899            0                         963                       1.0000000000E+000         0.0000000000E+000         0.0000000000E+000         1.8670674265E+001         1.8817255622E+001         4.5501186818E+002         4.5886948530E+002         6.1280260336E-001         7.7848333885E-001         
2019-04-26                18:09:51.326              115.42351073              2770.164257               116.42351073              1556302191.327            0                         963                       1.0000000000E+000         0.0000000000E+000         0.0000000000E+000         1.8670674265E+001         1.8817255622E+001         4.5590547452E+002         4.5937772711E+002         6.1280260336E-001         7.7848333885E-001         
2019-04-26                18:10:40.634              115.42408141              2770.177954               116.42408141              1556302240.634            0                         963                       1.0000000000E+000         0.0000000000E+000         0.0000000000E+000         1.8670674265E+001         1.8817255622E+001         4.5707903388E+002         4.6027990764E+002         6.1280260336E-001         7.7848333885E-001         
2019-04-26                18:11:29.832              115.42465083              2770.191620               116.42465083              1556302289.832            0                         963                       1.0000000000E+000         0.0000000000E+000         0.0000000000E+000         1.8670674265E+001         1.8817255622E+001         4.5807814789E+002         4.6146472736E+002         6.1280260336E-001         7.7848333885E-001         
2019-04-26                18:12:21.115              115.42524440              2770.205866               116.42524440              1556302341.116            0                         963                       1.0000000000E+000         0.0000000000E+000         0.0000000000E+000         1.8670674265E+001         1.8817255622E+001         4.5875607073E+002         4.6247342790E+002         6.1280260336E-001         7.7848333885E-001         
2019-04-26                18:12:46.997              115.42554396              2770.213055               116.42554396              1556302366.998            0                         963                       2.0000000000E+000         0.0000000000E+000         0.0000000000E+000         1.8181167978E+001         1.8817255622E+001         4.5875607073E+002         4.6315785544E+002         6.1280260336E-001         7.7848333885E-001         
2019-04-26                18:13:07.448              115.42578066              2770.218736               116.42578066              1556302387.449            0                         963                       1.0000000000E+000         0.0000000000E+000         0.0000000000E+000         1.8181167978E+001         1.8817255622E+001         4.5927799258E+002         4.6315785544E+002         6.1280260336E-001         7.7848333885E-001         
2019-04-26                18:13:58.658              115.42637337              2770.232961               116.42637337              1556302438.659            0                         963                       1.0000000000E+000         0.0000000000E+000         0.0000000000E+000         1.8181167978E+001         1.8323906277E+001         4.5959859129E+002         4.6368478516E+002         6.1280260336E-001         7.7848333885E-001         
2019-04-26                18:14:47.895              115.42694324              2770.246638               116.42694324              1556302487.896            0                         963                       1.0000000000E+000         0.0000000000E+000         0.0000000000E+000         1.8181167978E+001         1.8323906277E+001         4.5996317738E+002         4.6400846003E+002         6.1280260336E-001         7.7848333885E-001         
2019-04-26                18:14:55.431              115.42703046              2770.248731               116.42703046              1556302495.432            0                         963                       3.0000000000E+000         0.0000000000E+000         0.0000000000E+000         1.8181167978E+001         1.8323657604E+001         4.5996317738E+002         4.6436885411E+002         6.1068270961E-001         7.7584106307E-001         
2019-04-26                18:15:28.328              115.42741120              2770.257869               116.42741120              1556302528.328            0                         963                       1.0000000000E+000         0.0000000000E+000         0.0000000000E+000         1.8181167978E+001         1.8323657604E+001         4.6030015659E+002         4.6436885411E+002         6.1068270961E-001         7.7584106307E-001         
2019-04-26                18:16:18.687              115.42799407              2770.271858               116.42799407              1556302578.688            0                         963                       1.0000000000E+000         0.0000000000E+000         0.0000000000E+000         1.8181167978E+001         1.8323408954E+001         4.6055661534E+002         4.6470136584E+002         6.1068270961E-001         7.7584106307E-001         
2019-04-26                18:16:25.522              115.42807317              2770.273756               116.42807317              1556302585.522            0                         963                       3.0000000000E+000         0.0000000000E+000         0.0000000000E+000         1.8181167978E+001         1.8323462040E+001         4.6055661534E+002         4.6496192055E+002         6.1113528949E-001         7.7640519570E-001         
2019-04-26                18:16:58.053              115.42844970              2770.282793               116.42844970              1556302618.054            0                         963                       1.0000000000E+000         0.0000000000E+000         0.0000000000E+000         1.8181167978E+001         1.8323462040E+001         4.6069454050E+002         4.6496192055E+002         6.1113528949E-001         7.7640519570E-001         
2019-04-26                18:17:47.319              115.42901991              2770.296478               116.42901991              1556302667.320            0                         963                       1.0000000000E+000         0.0000000000E+000         0.0000000000E+000         1.8181167978E+001         1.8323515126E+001         4.6073972139E+002         4.6510280931E+002         6.1113528949E-001         7.7640519570E-001         
2019-04-26                18:18:36.552              115.42958973              2770.310154               116.42958973              1556302716.553            0                         963                       1.0000000000E+000         0.0000000000E+000         0.0000000000E+000         1.8181167978E+001         1.8323515126E+001         4.6072693027E+002         4.6514842252E+002         6.1113528949E-001         7.7640519570E-001         
2019-04-26                18:19:25.767              115.43015935              2770.323824               116.43015935              1556302765.768            0                         963                       1.0000000000E+000         0.0000000000E+000         0.0000000000E+000         1.8181167978E+001         1.8323515126E+001         4.6074149072E+002         4.6513550901E+002         6.1113528949E-001         7.7640519570E-001         
2019-04-26                18:19:55.398              115.43050229              2770.332055               116.43050229              1556302795.398            0                         963                       2.0000000000E+000         0.0000000000E+000         0.0000000000E+000         2.8736500933E+002         1.8323515126E+001         4.6074149072E+002         4.6515020878E+002         6.1113528949E-001         7.7640519570E-001         
2019-04-26                18:20:15.132              115.43073071              2770.337537               116.43073071              1556302815.133            0                         963                       1.0000000000E+000         0.0000000000E+000         0.0000000000E+000         2.8736500933E+002         1.8323515126E+001         4.6110072834E+002         4.6515020878E+002         6.1113528949E-001         7.7640519570E-001         
2019-04-26                18:21:04.382              115.43130073              2770.351217               116.43130073              1556302864.383            0                         963                       1.0000000000E+000         0.0000000000E+000         0.0000000000E+000         2.8736500933E+002         2.8961489722E+002         4.6185601642E+002         4.6551288385E+002         6.1113528949E-001         7.7640519570E-001         
2019-04-26                18:21:53.612              115.43187052              2770.364892               116.43187052              1556302913.613            0                         963                       1.0000000000E+000         0.0000000000E+000         0.0000000000E+000         2.8736500933E+002         2.8961489722E+002         4.6268346926E+002         4.6627539909E+002         6.1113528949E-001         7.7640519570E-001         
2019-04-26                18:22:42.845              115.43244035              2770.378568               116.43244035              1556302962.846            0                         963                       1.0000000000E+000         0.0000000000E+000         0.0000000000E+000         2.8736500933E+002         2.8961489722E+002         4.6328148999E+002         4.6711076962E+002         6.1113528949E-001         7.7640519570E-001         
2019-04-26                18:23:32.094              115.43301035              2770.392248               116.43301035              1556303012.094            0                         963                       1.0000000000E+000         0.0000000000E+000         0.0000000000E+000         2.8736500933E+002         2.8961489722E+002         4.6390636495E+002         4.6771451266E+002         6.1113528949E-001         7.7640519570E-001         
2019-04-26                18:24:20.345              115.43356882              2770.405652               116.43356882              1556303060.346            0                         963                       1.0000000000E+000         0.0000000000E+000         0.0000000000E+000         2.8736500933E+002         2.8961489722E+002         4.6445309002E+002         4.6834536688E+002         6.1113528949E-001         7.7640519570E-001         
2019-04-26                18:25:09.595              115.43413884              2770.419332               116.43413884              1556303109.596            0                         963                       1.0000000000E+000         0.0000000000E+000         0.0000000000E+000         2.8736500933E+002         2.8961489722E+002         4.6505998039E+002         4.6889732343E+002         6.1113528949E-001         7.7640519570E-001         
2019-04-26                18:25:58.825              115.43470863              2770.433007               116.43470863              1556303158.826            0                         963                       1.0000000000E+000         0.0000000000E+000         0.0000000000E+000         2.8736500933E+002         2.8961489722E+002         4.6595899142E+002         4.6951002097E+002         6.1113528949E-001         7.7640519570E-001         
2019-04-26                18:26:48.065              115.43527854              2770.446685               116.43527854              1556303208.066            0                         963                       1.0000000000E+000         0.0000000000E+000         0.0000000000E+000         2.8736500933E+002         2.8961489722E+002         4.6661355421E+002         4.7041763442E+002         6.1113528949E-001         7.7640519570E-001         
2019-04-26                18:27:37.313              115.43584854              2770.460365               116.43584854              1556303257.314            0                         963                       1.0000000000E+000         0.0000000000E+000         0.0000000000E+000         2.8736500933E+002         2.8961489722E+002         4.6694453335E+002         4.7107846055E+002         6.1113528949E-001         7.7640519570E-001         
2019-04-26                18:28:25.592              115.43640733              2770.473776               116.43640733              1556303305.593            0                         963                       1.0000000000E+000         0.0000000000E+000         0.0000000000E+000         2.8736500933E+002         2.8961489722E+002         4.6748759844E+002         4.7141260675E+002         6.1113528949E-001         7.7640519570E-001         
2019-04-26                18:29:14.839              115.43697731              2770.487456               116.43697731              1556303354.840            0                         963                       1.0000000000E+000         0.0000000000E+000         0.0000000000E+000         2.8736500933E+002         2.8961489722E+002         4.6815740545E+002         4.7196086829E+002         6.1113528949E-001         7.7640519570E-001         
2019-04-26                18:30:04.259              115.43754929              2770.501183               116.43754929              1556303404.259            0                         963                       1.0000000000E+000         0.0000000000E+000         0.0000000000E+000         2.8736500933E+002         2.8961489722E+002         4.6889582808E+002         4.7263708450E+002         6.1113528949E-001         7.7640519570E-001         
2019-04-26                18:30:53.529              115.43811955              2770.514869               116.43811955              1556303453.529            0                         963                       1.0000000000E+000         0.0000000000E+000         0.0000000000E+000         2.8736500933E+002         2.8961489722E+002         4.6979154820E+002         4.7338257292E+002         6.1113528949E-001         7.7640519570E-001         
2019-04-26                18:31:42.776              115.43868955              2770.528549               116.43868955              1556303502.777            0                         963                       1.0000000000E+000         0.0000000000E+000         0.0000000000E+000         2.8736500933E+002         2.8961489722E+002         4.7094328847E+002         4.7428686395E+002         6.1113528949E-001         7.7640519570E-001         
2019-04-26                18:32:09.305              115.43899660              2770.535918               116.43899660              1556303529.306            0                         963                       2.0000000000E+000         0.0000000000E+000         0.0000000000E+000         1.8152502903E+001         2.8961489722E+002         4.7094328847E+002         4.7544962494E+002         6.1113528949E-001         7.7640519570E-001         
2019-04-26                18:32:30.117              115.43923747              2770.541699               116.43923747              1556303550.117            0                         963                       1.0000000000E+000         0.0000000000E+000         0.0000000000E+000         1.8152502903E+001         2.8961489722E+002         4.7222346449E+002         4.7544962494E+002         6.1113528949E-001         7.7640519570E-001         
2019-04-26                18:33:19.573              115.43980988              2770.555437               116.43980988              1556303599.574            0                         963                       1.0000000000E+000         0.0000000000E+000         0.0000000000E+000         1.8152502903E+001         1.8294625622E+001         4.7262100171E+002         4.7674205063E+002         6.1113528949E-001         7.7640519570E-001         
2019-04-26                18:34:08.813              115.44037979              2770.569115               116.44037979              1556303648.814            0                         963                       1.0000000000E+000         0.0000000000E+000         0.0000000000E+000         1.8152502903E+001         1.8294625622E+001         4.7317519663E+002         4.7714339179E+002         6.1113528949E-001         7.7640519570E-001         
2019-04-26                18:34:58.032              115.44094944              2770.582787               116.44094944              1556303698.032            0                         963                       1.0000000000E+000         0.0000000000E+000         0.0000000000E+000         1.8152502903E+001         1.8294625622E+001         4.7382663342E+002         4.7770288966E+002         6.1113528949E-001         7.7640519570E-001         
2019-04-26                18:35:48.385              115.44153225              2770.596774               116.44153225              1556303748.386            0                         963                       1.0000000000E+000         0.0000000000E+000         0.0000000000E+000         1.8152502903E+001         1.8294625622E+001         4.7501098395E+002         4.7836055988E+002         6.1113528949E-001         7.7640519570E-001         
2019-04-26                18:36:39.703              115.44212619              2770.611029               116.44212619              1556303799.703            0                         963                       1.0000000000E+000         0.0000000000E+000         0.0000000000E+000         1.8152502903E+001         1.8294625622E+001         4.7646970227E+002         4.7955624315E+002         6.1113528949E-001         7.7640519570E-001         
2019-04-26                18:37:27.967              115.44268480              2770.624435               116.44268480              1556303847.967            0                         963                       1.0000000000E+000         0.0000000000E+000         0.0000000000E+000         1.8152502903E+001         1.8294625622E+001         4.7756026765E+002         4.8102891958E+002         6.1113528949E-001         7.7640519570E-001         
2019-04-26                18:38:17.193              115.44325455              2770.638109               116.44325455              1556303897.193            0                         963                       1.0000000000E+000         0.0000000000E+000         0.0000000000E+000         1.8152502903E+001         1.8294625622E+001         4.7819982220E+002         4.8212992030E+002         6.1113528949E-001         7.7640519570E-001         
2019-04-26                18:39:06.414              115.44382425              2770.651782               116.44382425              1556303946.415            0                         963                       1.0000000000E+000         0.0000000000E+000         0.0000000000E+000         1.8152502903E+001         1.8294625622E+001         4.7867805317E+002         4.8277559459E+002         6.1113528949E-001         7.7640519570E-001         
2019-04-26                18:39:56.786              115.44440725              2770.665774               116.44440725              1556303996.786            0                         963                       1.0000000000E+000         0.0000000000E+000         0.0000000000E+000         1.8152502903E+001         1.8294625622E+001         4.7920052540E+002         4.8325840163E+002         6.1113528949E-001         7.7640519570E-001         
2019-04-26                18:40:46.017              115.44497706              2770.679449               116.44497706              1556304046.018            0                         963                       1.0000000000E+000         0.0000000000E+000         0.0000000000E+000         1.8152502903E+001         1.8294625622E+001         4.7940572768E+002         4.8378587327E+002         6.1113528949E-001         7.7640519570E-001         
2019-04-26                18:41:35.233              115.44554669              2770.693121               116.44554669              1556304095.234            0                         963                       1.0000000000E+000         0.0000000000E+000         0.0000000000E+000         1.8152502903E+001         1.8294625622E+001         4.7924698327E+002         4.8399303907E+002         6.1113528949E-001         7.7640519570E-001         
2019-04-26                18:42:03.430              115.44587303              2770.700953               116.44587303              1556304123.430            0                         963                       2.0000000000E+000         0.0000000000E+000         0.0000000000E+000         1.7936828104E+001         1.8294625622E+001         4.7924698327E+002         4.8383277568E+002         6.1113528949E-001         7.7640519570E-001         
2019-04-26                18:42:23.539              115.44610578              2770.706539               116.44610578              1556304143.539            0                         963                       1.0000000000E+000         0.0000000000E+000         0.0000000000E+000         1.7936828104E+001         1.8294625622E+001         4.7881340809E+002         4.8383277568E+002         6.1113528949E-001         7.7640519570E-001         
2019-04-26                18:43:13.865              115.44668825              2770.720518               116.44668825              1556304193.865            0                         963                       1.0000000000E+000         0.0000000000E+000         0.0000000000E+000         1.7936828104E+001         1.8077262225E+001         4.7838079802E+002         4.8339505172E+002         6.1113528949E-001         7.7640519570E-001         
2019-04-26                18:44:03.131              115.44725847              2770.734203               116.44725847              1556304243.132            0                         963                       1.0000000000E+000         0.0000000000E+000         0.0000000000E+000         1.7936828104E+001         1.8077262225E+001         4.7781003453E+002         4.8295830212E+002         6.1113528949E-001         7.7640519570E-001         
2019-04-26                18:44:52.368              115.44782833              2770.747880               116.44782833              1556304292.368            0                         963                       1.0000000000E+000         0.0000000000E+000         0.0000000000E+000         1.7936828104E+001         1.8077262225E+001         4.7725943605E+002         4.8238207714E+002         6.1113528949E-001         7.7640519570E-001         
2019-04-26                18:45:41.592              115.44839806              2770.761553               116.44839806              1556304341.592            0                         963                       1.0000000000E+000         0.0000000000E+000         0.0000000000E+000         1.7936828104E+001         1.8077262225E+001         4.7670159077E+002         4.8182621012E+002         6.1113528949E-001         7.7640519570E-001         
2019-04-26                18:46:30.859              115.44896829              2770.775239               116.44896829              1556304390.860            0                         963                       1.0000000000E+000         0.0000000000E+000         0.0000000000E+000         1.7936828104E+001         1.8077262225E+001         4.7614151541E+002         4.8126302696E+002         6.1113528949E-001         7.7640519570E-001         
2019-04-26                18:47:20.081              115.44953797              2770.788911               116.44953797              1556304440.081            0                         963                       1.0000000000E+000         0.0000000000E+000         0.0000000000E+000         1.7936828104E+001         1.8077262225E+001         4.7547171860E+002         4.8069759239E+002         6.1113528949E-001         7.7640519570E-001         
2019-04-26                18:48:08.341              115.45009654              2770.802317               116.45009654              1556304488.341            0                         963                       1.0000000000E+000         0.0000000000E+000         0.0000000000E+000         1.7936828104E+001         1.8077262225E+001         4.7473589494E+002         4.8002138646E+002         6.1113528949E-001         7.7640519570E-001         
2019-04-26                18:48:57.566              115.45066628              2770.815991               116.45066628              1556304537.567            0                         963                       1.0000000000E+000         0.0000000000E+000         0.0000000000E+000         1.7936828104E+001         1.8077262225E+001         4.7405233636E+002         4.7927852189E+002         6.1113528949E-001         7.7640519570E-001         
2019-04-26                18:49:46.826              115.45123642              2770.829674               116.45123642              1556304586.827            0                         963                       1.0000000000E+000         0.0000000000E+000         0.0000000000E+000         1.7936828104E+001         1.8077262225E+001         4.7341722732E+002         4.7858842252E+002         6.1113528949E-001         7.7640519570E-001         
2019-04-26                18:50:36.073              115.45180641              2770.843354               116.45180641              1556304636.074            0                         963                       1.0000000000E+000         0.0000000000E+000         0.0000000000E+000         1.7936828104E+001         1.8077262225E+001         4.7267054452E+002         4.7794723627E+002         6.1113528949E-001         7.7640519570E-001         
2019-04-26                18:51:25.299              115.45237616              2770.857028               116.45237616              1556304685.300            0                         963                       1.0000000000E+000         0.0000000000E+000         0.0000000000E+000         1.7936828104E+001         1.8077262225E+001         4.7177934669E+002         4.7719340866E+002         6.1113528949E-001         7.7640519570E-001         
2019-04-26                18:52:13.555              115.45293466              2770.870432               116.45293466              1556304733.555            0                         963                       1.0000000000E+000         0.0000000000E+000         0.0000000000E+000         1.7936828104E+001         1.8077262225E+001         4.7095775907E+002         4.7629368318E+002         6.1113528949E-001         7.7640519570E-001         
2019-04-26                18:53:02.851              115.45350522              2770.884125               116.45350522              1556304782.851            0                         963                       1.0000000000E+000         0.0000000000E+000         0.0000000000E+000         1.7936828104E+001         1.8077262225E+001         4.7019972152E+002         4.7546423400E+002         6.1113528949E-001         7.7640519570E-001         
2019-04-26                18:53:52.157              115.45407589              2770.897821               116.45407589              1556304832.157            0                         963                       1.0000000000E+000         0.0000000000E+000         0.0000000000E+000         1.7936828104E+001         1.8077262225E+001         4.6954441830E+002         4.7469894298E+002         6.1113528949E-001         7.7640519570E-001         
2019-04-26                18:54:41.368              115.45464546              2770.911491               116.45464546              1556304881.368            0                         963                       1.0000000000E+000         0.0000000000E+000         0.0000000000E+000         1.7936828104E+001         1.8077262225E+001         4.6890387146E+002         4.7403736933E+002         6.1113528949E-001         7.7640519570E-001         
2019-04-26                18:55:07.775              115.45495110              2770.918826               116.45495110              1556304907.775            0                         963                       2.0000000000E+000         0.0000000000E+000         0.0000000000E+000         1.8494646439E+001         1.8077262225E+001         4.6890387146E+002         4.7339069327E+002         6.1113528949E-001         7.7640519570E-001         
2019-04-26                18:55:28.694              115.45519323              2770.924637               116.45519323              1556304928.695            0                         963                       1.0000000000E+000         0.0000000000E+000         0.0000000000E+000         1.8494646439E+001         1.8077262225E+001         4.6799428365E+002         4.7339069327E+002         6.1113528949E-001         7.7640519570E-001         
2019-04-26                18:56:18.099              115.45576505              2770.938361               116.45576505              1556304978.100            0                         963                       1.0000000000E+000         0.0000000000E+000         0.0000000000E+000         1.8494646439E+001         1.8639447927E+001         4.6736873652E+002         4.7247240184E+002         6.1113528949E-001         7.7640519570E-001         
2019-04-26                18:57:06.339              115.45632338              2770.951761               116.45632338              1556305026.340            0                         963                       1.0000000000E+000         0.0000000000E+000         0.0000000000E+000         1.8494646439E+001         1.8639447927E+001         4.6663527190E+002         4.7184086900E+002         6.1113528949E-001         7.7640519570E-001         
2019-04-26                18:57:55.618              115.45689374              2770.965450               116.45689374              1556305075.619            0                         963                       1.0000000000E+000         0.0000000000E+000         0.0000000000E+000         1.8494646439E+001         1.8639447927E+001         4.6588122939E+002         4.7110038605E+002         6.1113528949E-001         7.7640519570E-001         
2019-04-26                18:58:46.841              115.45748659              2770.979678               116.45748659              1556305126.841            0                         963                       1.0000000000E+000         0.0000000000E+000         0.0000000000E+000         1.8494646439E+001         1.8639447927E+001         4.6508977130E+002         4.7033912830E+002         6.1113528949E-001         7.7640519570E-001         
2019-04-26                18:59:37.132              115.45806867              2770.993648               116.45806867              1556305177.133            0                         963                       1.0000000000E+000         0.0000000000E+000         0.0000000000E+000         1.8494646439E+001         1.8639447927E+001         4.6434322514E+002         4.6954009695E+002         6.1113528949E-001         7.7640519570E-001         
2019-04-26                19:00:26.380              115.45863866              2771.007328               116.45863866              1556305226.380            0                         963                       1.0000000000E+000         0.0000000000E+000         0.0000000000E+000         1.8494646439E+001         1.8639447927E+001         4.6359591335E+002         4.6878640728E+002         6.1113528949E-001         7.7640519570E-001         
2019-04-26                19:01:15.608              115.45920843              2771.021002               116.45920843              1556305275.608            0                         963                       1.0000000000E+000         0.0000000000E+000         0.0000000000E+000         1.8494646439E+001         1.8639447927E+001         4.6277627718E+002         4.6803194465E+002         6.1113528949E-001         7.7640519570E-001         
2019-04-26                19:02:06.016              115.45979185              2771.035004               116.45979185              1556305326.016            0                         963                       1.0000000000E+000         0.0000000000E+000         0.0000000000E+000         1.8494646439E+001         1.8639447927E+001         4.6199713552E+002         4.6720446559E+002         6.1113528949E-001         7.7640519570E-001         
2019-04-26                19:02:55.282              115.46036207              2771.048690               116.46036207              1556305375.283            0                         963                       1.0000000000E+000         0.0000000000E+000         0.0000000000E+000         1.8494646439E+001         1.8639447927E+001         4.6131439390E+002         4.6641786853E+002         6.1113528949E-001         7.7640519570E-001         
2019-04-26                19:02:58.082              115.46039448              2771.049467               116.46039448              1556305378.083            0                         963                       3.0000000000E+000         0.0000000000E+000         0.0000000000E+000         1.8494646439E+001         1.8638879525E+001         4.6131439390E+002         4.6571126321E+002         6.0637181131E-001         7.7046683091E-001         
2019-04-26                19:03:08.846              115.46051906              2771.052457               116.46051906              1556305388.847            0                         963                       2.0000000000E+000         0.0000000000E+000         0.0000000000E+000         1.8277882716E+001         1.8638879525E+001         4.6131439390E+002         4.6571126321E+002         6.0637181131E-001         7.7046683091E-001         
2019-04-26                19:03:29.157              115.46075413              2771.058099               116.46075413              1556305409.157            0                         963                       1.0000000000E+000         0.0000000000E+000         0.0000000000E+000         1.8277882716E+001         1.8638879525E+001         4.6076871650E+002         4.6571126321E+002         6.0637181131E-001         7.7046683091E-001         
2019-04-26                19:04:18.430              115.46132442              2771.071786               116.46132442              1556305458.430            0                         963                       1.0000000000E+000         0.0000000000E+000         0.0000000000E+000         1.8277882716E+001         1.8419863713E+001         4.6025105005E+002         4.6514307817E+002         6.0637181131E-001         7.7046683091E-001         
2019-04-26                19:04:45.608              115.46163899              2771.079336               116.46163899              1556305485.609            0                         963                       2.0000000000E+000         0.0000000000E+000         0.0000000000E+000         1.8614394977E+001         1.8419863713E+001         4.6025105005E+002         4.6462049719E+002         6.0637181131E-001         7.7046683091E-001         
2019-04-26                19:05:05.727              115.46187185              2771.084924               116.46187185              1556305505.728            0                         963                       1.0000000000E+000         0.0000000000E+000         0.0000000000E+000         1.8614394977E+001         1.8419863713E+001         4.5946209338E+002         4.6462049719E+002         6.0637181131E-001         7.7046683091E-001         
2019-04-26                19:05:56.122              115.46245513              2771.098923               116.46245513              1556305556.123            0                         963                       1.0000000000E+000         0.0000000000E+000         0.0000000000E+000         1.8614394977E+001         1.8758989972E+001         4.5901837737E+002         4.6382405046E+002         6.0637181131E-001         7.7046683091E-001         
2019-04-26                19:06:45.444              115.46302597              2771.112623               116.46302597              1556305605.444            0                         963                       1.0000000000E+000         0.0000000000E+000         0.0000000000E+000         1.8614394977E+001         1.8758989972E+001         4.5847145370E+002         4.6337612199E+002         6.0637181131E-001         7.7046683091E-001         
2019-04-26                19:07:34.710              115.46359618              2771.126308               116.46359618              1556305654.710            0                         963                       1.0000000000E+000         0.0000000000E+000         0.0000000000E+000         1.8614394977E+001         1.8758989972E+001         4.5794774776E+002         4.6282400603E+002         6.0637181131E-001         7.7046683091E-001         
2019-04-26                19:08:23.096              115.46415622              2771.139749               116.46415622              1556305703.097            0                         963                       1.0000000000E+000         0.0000000000E+000         0.0000000000E+000         1.8614394977E+001         1.8758989972E+001         4.5753028502E+002         4.6229532824E+002         6.0637181131E-001         7.7046683091E-001         
2019-04-26                19:09:11.351              115.46471471              2771.153153               116.46471471              1556305751.351            0                         963                       1.0000000000E+000         0.0000000000E+000         0.0000000000E+000         1.8614394977E+001         1.8758989972E+001         4.5735163679E+002         4.6187390226E+002         6.0637181131E-001         7.7046683091E-001         
