DATE                      TIME                      FRAC_DAYS_SINCE_JAN1      FRAC_HRS_SINCE_JAN1       JULIAN_DAYS               EPOCH_TIME                ALARM_STATUS              INST_STATUS               species                   MPVPosition               solenoid_valves           CH4                       CH4_dry                   CO2                       CO2_dry                   H2O                       h2o_reported              
2019-12-04                03:40:29.894              336.81979044              8083.674971               337.81979044              1575430829.894            0                         963                       1.0000000000E+000         1.0000000000E+001         0.0000000000E+000         4.5326891375E+001         4.6561326469E+001         5.4246996603E+002         5.4063208238E+002         2.0886425085E+000         2.5422977160E+000         
2019-12-04                03:41:19.990              336.82037025              8083.688886               337.82037025              1575430879.990            0                         963                       1.0000000000E+000         1.0000000000E+001         0.0000000000E+000         4.5326891375E+001         4.6561326469E+001         5.7126583960E+002         5.6053943281E+002         2.0886425085E+000         2.5422977160E+000         
2019-12-04                03:42:11.144              336.82096233              8083.703096               337.82096233              1575430931.145            0                         963                       1.0000000000E+000         1.6000000000E+001         0.0000000000E+000         4.5326891375E+001         4.6561326469E+001         5.1521457429E+002         5.9029448590E+002         2.0886425085E+000         2.5422977160E+000         
2019-12-04                03:43:02.311              336.82155453              8083.717309               337.82155453              1575430982.311            0                         963                       1.0000000000E+000         1.1000000000E+001         0.0000000000E+000         4.5326891375E+001         4.6561326469E+001         5.6997995340E+002         5.3237617441E+002         2.0886425085E+000         2.5422977160E+000         
2019-12-04                03:43:52.392              336.82213418              8083.731220               337.82213418              1575431032.393            0                         963                       1.0000000000E+000         1.1000000000E+001         0.0000000000E+000         4.5326891375E+001         4.6561326469E+001         6.0959974383E+002         5.8896576732E+002         2.0886425085E+000         2.5422977160E+000         
2019-12-04                03:44:43.497              336.82272567              8083.745416               337.82272567              1575431083.498            0                         963                       1.0000000000E+000         1.2000000000E+001         0.0000000000E+000         4.5326891375E+001         4.6561326469E+001         5.2470057601E+002         6.2990527779E+002         2.0886425085E+000         2.5422977160E+000         
2019-12-04                03:45:34.698              336.82331828              8083.759639               337.82331828              1575431134.699            0                         963                       1.0000000000E+000         1.2000000000E+001         0.0000000000E+000         4.5326891375E+001         4.6561326469E+001         5.5620873093E+002         5.4217815121E+002         2.0886425085E+000         2.5422977160E+000         
2019-12-04                03:46:25.851              336.82391032              8083.773848               337.82391032              1575431185.852            0                         963                       1.0000000000E+000         1.2000000000E+001         0.0000000000E+000         4.5326891375E+001         4.6561326469E+001         5.9164819128E+002         5.7473583071E+002         2.0886425085E+000         2.5422977160E+000         
2019-12-04                03:47:17.026              336.82450263              8083.788063               337.82450263              1575431237.027            0                         963                       1.0000000000E+000         1.3000000000E+001         0.0000000000E+000         4.5326891375E+001         4.6561326469E+001         5.2654455475E+002         6.1135576590E+002         2.0886425085E+000         2.5422977160E+000         
2019-12-04                03:48:07.118              336.82508240              8083.801977               337.82508240              1575431287.119            0                         963                       1.0000000000E+000         1.3000000000E+001         0.0000000000E+000         4.5326891375E+001         4.6561326469E+001         4.9051843383E+002         5.4408355218E+002         2.0886425085E+000         2.5422977160E+000         
2019-12-04                03:48:58.285              336.82567459              8083.816190               337.82567459              1575431338.285            0                         963                       1.0000000000E+000         1.3000000000E+001         0.0000000000E+000         4.5326891375E+001         4.6561326469E+001         4.8316275809E+002         5.0685741498E+002         2.0886425085E+000         2.5422977160E+000         
2019-12-04                03:49:49.448              336.82626677              8083.830402               337.82626677              1575431389.449            0                         963                       1.0000000000E+000         1.4000000000E+001         0.0000000000E+000         4.5326891375E+001         4.6561326469E+001         4.8322628745E+002         4.9925672449E+002         2.0886425085E+000         2.5422977160E+000         
2019-12-04                03:50:39.548              336.82684662              8083.844319               337.82684662              1575431439.548            0                         963                       1.0000000000E+000         1.4000000000E+001         0.0000000000E+000         4.5326891375E+001         4.6561326469E+001         4.8297251740E+002         4.9932236999E+002         2.0886425085E+000         2.5422977160E+000         
2019-12-04                03:51:29.619              336.82742616              8083.858228               337.82742616              1575431489.620            0                         963                       1.0000000000E+000         1.4000000000E+001         0.0000000000E+000         4.5326891375E+001         4.6561326469E+001         4.8253278467E+002         4.9906014696E+002         2.0886425085E+000         2.5422977160E+000         
2019-12-04                03:52:20.783              336.82801833              8083.872440               337.82801833              1575431540.784            0                         963                       1.0000000000E+000         1.5000000000E+001         0.0000000000E+000         4.5326891375E+001         4.6561326469E+001         4.8249326661E+002         4.9860576689E+002         2.0886425085E+000         2.5422977160E+000         
2019-12-04                03:53:11.956              336.82861060              8083.886654               337.82861060              1575431591.956            0                         963                       1.0000000000E+000         1.5000000000E+001         0.0000000000E+000         4.5326891375E+001         4.6561326469E+001         4.8236005183E+002         4.9856493251E+002         2.0886425085E+000         2.5422977160E+000         
2019-12-04                03:54:03.066              336.82920216              8083.900852               337.82920216              1575431643.067            0                         963                       1.0000000000E+000         1.5000000000E+001         0.0000000000E+000         4.5326891375E+001         4.6561326469E+001         4.8208761486E+002         4.9842728039E+002         2.0886425085E+000         2.5422977160E+000         
2019-12-04                03:54:53.150              336.82978183              8083.914764               337.82978183              1575431693.150            0                         963                       1.0000000000E+000         1.6000000000E+001         0.0000000000E+000         4.5326891375E+001         4.6561326469E+001         4.8189338072E+002         4.9814576866E+002         2.0886425085E+000         2.5422977160E+000         
2019-12-04                03:55:44.292              336.83037376              8083.928970               337.83037376              1575431744.293            0                         963                       1.0000000000E+000         1.6000000000E+001         0.0000000000E+000         4.5326891375E+001         4.6561326469E+001         4.8175569028E+002         4.9794506465E+002         2.0886425085E+000         2.5422977160E+000         
2019-12-04                03:56:35.469              336.83096608              8083.943186               337.83096608              1575431795.469            0                         963                       1.0000000000E+000         1.6000000000E+001         0.0000000000E+000         4.5326891375E+001         4.6561326469E+001         4.8160984282E+002         4.9780278780E+002         2.0886425085E+000         2.5422977160E+000         
2019-12-04                03:57:25.749              336.83154802              8083.957153               337.83154802              1575431845.749            0                         963                       1.0000000000E+000         1.6000000000E+001         0.0000000000E+000         4.5326891375E+001         4.6561326469E+001         4.8148345069E+002         4.9765208221E+002         2.0886425085E+000         2.5422977160E+000         
2019-12-04                03:58:15.842              336.83212781              8083.971067               337.83212781              1575431895.843            0                         963                       1.0000000000E+000         1.6000000000E+001         0.0000000000E+000         4.5326891375E+001         4.6561326469E+001         4.8133019779E+002         4.9752148001E+002         2.0886425085E+000         2.5422977160E+000         
2019-12-04                03:59:07.005              336.83271997              8083.985279               337.83271997              1575431947.005            0                         963                       1.0000000000E+000         1.6000000000E+001         0.0000000000E+000         4.5326891375E+001         4.6561326469E+001         4.8125008541E+002         4.9736312231E+002         2.0886425085E+000         2.5422977160E+000         
2019-12-04                03:59:58.173              336.83331219              8083.999493               337.83331219              1575431998.173            0                         963                       1.0000000000E+000         1.6000000000E+001         0.0000000000E+000         4.5326891375E+001         4.6561326469E+001         4.8118093937E+002         4.9728034142E+002         2.0886425085E+000         2.5422977160E+000         
2019-12-04                04:00:49.269              336.83390358              8084.013686               337.83390358              1575432049.269            0                         963                       1.0000000000E+000         1.6000000000E+001         0.0000000000E+000         4.5326891375E+001         4.6561326469E+001         4.8104210819E+002         4.9720889215E+002         2.0886425085E+000         2.5422977160E+000         
2019-12-04                04:01:39.335              336.83448304              8084.027593               337.83448304              1575432099.335            0                         963                       1.0000000000E+000         1.6000000000E+001         0.0000000000E+000         4.5326891375E+001         4.6561326469E+001         4.8098478173E+002         4.9706543656E+002         2.0886425085E+000         2.5422977160E+000         
2019-12-04                04:02:30.516              336.83507543              8084.041810               337.83507543              1575432150.517            0                         963                       1.0000000000E+000         1.6000000000E+001         0.0000000000E+000         4.5326891375E+001         4.6561326469E+001         4.8098857361E+002         4.9700620057E+002         2.0886425085E+000         2.5422977160E+000         
2019-12-04                04:03:21.733              336.83566821              8084.056037               337.83566821              1575432201.733            0                         963                       1.0000000000E+000         1.6000000000E+001         0.0000000000E+000         4.5326891375E+001         4.6561326469E+001         4.8096836668E+002         4.9701011876E+002         2.0886425085E+000         2.5422977160E+000         
2019-12-04                04:04:11.808              336.83624778              8084.069947               337.83624778              1575432251.808            0                         963                       1.0000000000E+000         1.6000000000E+001         0.0000000000E+000         4.5326891375E+001         4.6561326469E+001         4.8091786672E+002         4.9698923874E+002         2.0886425085E+000         2.5422977160E+000         
2019-12-04                04:05:02.907              336.83683920              8084.084141               337.83683920              1575432302.907            0                         963                       1.0000000000E+000         1.0000000000E+000         0.0000000000E+000         4.5326891375E+001         4.6561326469E+001         6.4494224881E+002         4.9693705665E+002         2.0886425085E+000         2.5422977160E+000         
2019-12-04                04:05:52.134              336.83740897              8084.097815               337.83740897              1575432352.135            0                         963                       1.0000000000E+000         1.0000000000E+000         0.0000000000E+000         4.5326891375E+001         4.6561326469E+001         6.9162440094E+002         6.6642502808E+002         2.0886425085E+000         2.5422977160E+000         
2019-12-04                04:06:43.269              336.83800081              8084.112019               337.83800081              1575432403.270            0                         963                       1.0000000000E+000         1.6000000000E+001         0.0000000000E+000         4.5326891375E+001         4.6561326469E+001         5.5013154382E+002         7.1466214482E+002         2.0886425085E+000         2.5422977160E+000         
2019-12-04                04:07:34.490              336.83859365              8084.126247               337.83859365              1575432454.491            0                         963                       1.0000000000E+000         2.0000000000E+000         0.0000000000E+000         4.5326891375E+001         4.6561326469E+001         6.7236963364E+002         5.6845621482E+002         2.0886425085E+000         2.5422977160E+000         
2019-12-04                04:08:24.778              336.83917567              8084.140216               337.83917567              1575432504.778            0                         963                       1.0000000000E+000         2.0000000000E+000         0.0000000000E+000         4.5326891375E+001         4.6561326469E+001         6.9689962001E+002         6.9476600859E+002         2.0886425085E+000         2.5422977160E+000         
2019-12-04                04:09:14.872              336.83975547              8084.154131               337.83975547              1575432554.873            0                         963                       1.0000000000E+000         1.6000000000E+001         0.0000000000E+000         4.5326891375E+001         4.6561326469E+001         5.3079304729E+002         7.2011307941E+002         2.0886425085E+000         2.5422977160E+000         
2019-12-04                04:10:06.079              336.84034815              8084.168356               337.84034815              1575432606.080            0                         963                       1.0000000000E+000         3.0000000000E+000         0.0000000000E+000         4.5326891375E+001         4.6561326469E+001         6.5792145106E+002         5.4847356038E+002         2.0886425085E+000         2.5422977160E+000         
2019-12-04                04:10:55.321              336.84091807              8084.182034               337.84091807              1575432655.321            0                         963                       1.0000000000E+000         3.0000000000E+000         0.0000000000E+000         4.5326891375E+001         4.6561326469E+001         7.0715806320E+002         6.7983656258E+002         2.0886425085E+000         2.5422977160E+000         
2019-12-04                04:11:45.398              336.84149767              8084.195944               337.84149767              1575432705.399            0                         963                       1.0000000000E+000         1.6000000000E+001         0.0000000000E+000         4.5326891375E+001         4.6561326469E+001         5.3494024939E+002         7.3071322742E+002         2.0886425085E+000         2.5422977160E+000         
2019-12-04                04:12:36.569              336.84208993              8084.210158               337.84208993              1575432756.570            0                         963                       1.0000000000E+000         4.0000000000E+000         0.0000000000E+000         4.5326891375E+001         4.6561326469E+001         6.0548723230E+002         5.5275890420E+002         2.0886425085E+000         2.5422977160E+000         
2019-12-04                04:13:27.743              336.84268221              8084.224373               337.84268221              1575432807.743            0                         963                       1.0000000000E+000         4.0000000000E+000         0.0000000000E+000         4.5326891375E+001         4.6561326469E+001         6.4030248150E+002         6.2565578008E+002         2.0886425085E+000         2.5422977160E+000         
2019-12-04                04:14:17.806              336.84326166              8084.238280               337.84326166              1575432857.807            0                         963                       1.0000000000E+000         1.6000000000E+001         0.0000000000E+000         4.5326891375E+001         4.6561326469E+001         5.1808671879E+002         6.6163071190E+002         2.0886425085E+000         2.5422977160E+000         
2019-12-04                04:15:08.964              336.84385376              8084.252490               337.84385376              1575432908.965            0                         963                       1.0000000000E+000         5.0000000000E+000         0.0000000000E+000         4.5326891375E+001         4.6561326469E+001         6.9176467090E+002         5.3534398895E+002         2.0886425085E+000         2.5422977160E+000         
2019-12-04                04:15:59.128              336.84443436              8084.266425               337.84443436              1575432959.129            0                         963                       1.0000000000E+000         5.0000000000E+000         0.0000000000E+000         4.5326891375E+001         4.6561326469E+001         7.6584160596E+002         7.1480708711E+002         2.0886425085E+000         2.5422977160E+000         
2019-12-04                04:16:50.346              336.84502716              8084.280652               337.84502716              1575433010.347            0                         963                       1.0000000000E+000         1.6000000000E+001         0.0000000000E+000         4.5326891375E+001         4.6561326469E+001         5.5614163811E+002         7.9135149650E+002         2.0886425085E+000         2.5422977160E+000         
2019-12-04                04:17:40.413              336.84560663              8084.294559               337.84560663              1575433060.413            0                         963                       1.0000000000E+000         6.0000000000E+000         0.0000000000E+000         4.5326891375E+001         4.6561326469E+001         5.9061390706E+002         5.7466650305E+002         2.0886425085E+000         2.5422977160E+000         
2019-12-04                04:18:30.493              336.84618627              8084.308471               337.84618627              1575433110.494            0                         963                       1.0000000000E+000         6.0000000000E+000         0.0000000000E+000         4.5326891375E+001         4.6561326469E+001         6.2636102892E+002         6.1028703007E+002         2.0886425085E+000         2.5422977160E+000         
2019-12-04                04:19:21.630              336.84677813              8084.322675               337.84677813              1575433161.630            0                         963                       1.0000000000E+000         1.6000000000E+001         0.0000000000E+000         4.5326891375E+001         4.6561326469E+001         5.1844915706E+002         6.4722487487E+002         2.0886425085E+000         2.5422977160E+000         
2019-12-04                04:20:11.726              336.84735794              8084.336591               337.84735794              1575433211.726            0                         963                       1.0000000000E+000         7.0000000000E+000         0.0000000000E+000         4.5326891375E+001         4.6561326469E+001         5.9441123597E+002         5.3571849990E+002         2.0886425085E+000         2.5422977160E+000         
2019-12-04                04:21:01.809              336.84793760              8084.350503               337.84793760              1575433261.809            0                         963                       1.0000000000E+000         7.0000000000E+000         0.0000000000E+000         4.5326891375E+001         4.6561326469E+001         6.4874699243E+002         6.1421084656E+002         2.0886425085E+000         2.5422977160E+000         
2019-12-04                04:21:51.917              336.84851757              8084.364422               337.84851757              1575433311.918            0                         963                       1.0000000000E+000         1.6000000000E+001         0.0000000000E+000         4.5326891375E+001         4.6561326469E+001         5.3786548883E+002         6.7035650625E+002         2.0886425085E+000         2.5422977160E+000         
2019-12-04                04:22:43.094              336.84910988              8084.378637               337.84910988              1575433363.094            0                         963                       1.0000000000E+000         8.0000000000E+000         0.0000000000E+000         4.5326891375E+001         4.6561326469E+001         6.2797649423E+002         5.5578158224E+002         2.0886425085E+000         2.5422977160E+000         
2019-12-04                04:23:34.262              336.84970211              8084.392851               337.84970211              1575433414.262            0                         963                       1.0000000000E+000         8.0000000000E+000         0.0000000000E+000         4.5326891375E+001         4.6561326469E+001         6.7822344623E+002         6.4889415071E+002         2.0886425085E+000         2.5422977160E+000         
2019-12-04                04:24:24.344              336.85028176              8084.406762               337.85028176              1575433464.344            0                         963                       1.0000000000E+000         1.6000000000E+001         0.0000000000E+000         4.5326891375E+001         4.6561326469E+001         5.3497855636E+002         7.0081480944E+002         2.0886425085E+000         2.5422977160E+000         
2019-12-04                04:25:14.457              336.85086177              8084.420683               337.85086177              1575433514.457            0                         963                       1.0000000000E+000         9.0000000000E+000         0.0000000000E+000         4.5326891375E+001         4.6561326469E+001         5.7282218667E+002         5.5279848715E+002         2.0886425085E+000         2.5422977160E+000         
2019-12-04                04:26:05.592              336.85145362              8084.434887               337.85145362              1575433565.593            0                         963                       1.0000000000E+000         9.0000000000E+000         0.0000000000E+000         4.5326891375E+001         4.6561326469E+001         6.0936634688E+002         5.9190267429E+002         2.0886425085E+000         2.5422977160E+000         
2019-12-04                04:26:56.765              336.85204589              8084.449101               337.85204589              1575433616.765            0                         963                       1.0000000000E+000         1.6000000000E+001         0.0000000000E+000         4.5326891375E+001         4.6561326469E+001         5.2233254291E+002         6.2966410648E+002         2.0886425085E+000         2.5422977160E+000         
2019-12-04                04:27:46.897              336.85262612              8084.463027               337.85262612              1575433666.897            0                         963                       1.0000000000E+000         1.0000000000E+001         0.0000000000E+000         4.5326891375E+001         4.6561326469E+001         5.4950780571E+002         5.3973123984E+002         2.0886425085E+000         2.5422977160E+000         
2019-12-04                04:28:36.122              336.85319587              8084.476701               337.85319587              1575433716.123            0                         963                       1.0000000000E+000         1.0000000000E+001         0.0000000000E+000         4.5326891375E+001         4.6561326469E+001         5.7977663306E+002         5.6781170023E+002         2.0886425085E+000         2.5422977160E+000         
2019-12-04                04:29:27.290              336.85378809              8084.490914               337.85378809              1575433767.291            0                         963                       1.0000000000E+000         1.6000000000E+001         0.0000000000E+000         4.5326891375E+001         4.6561326469E+001         5.1673700765E+002         5.9908877063E+002         2.0886425085E+000         2.5422977160E+000         
2019-12-04                04:30:18.526              336.85438110              8084.505146               337.85438110              1575433818.527            0                         963                       1.0000000000E+000         1.1000000000E+001         0.0000000000E+000         4.5326891375E+001         4.6561326469E+001         5.8388984138E+002         5.3394931945E+002         2.0886425085E+000         2.5422977160E+000         
2019-12-04                04:31:08.605              336.85496071              8084.519057               337.85496071              1575433868.605            0                         963                       1.0000000000E+000         1.1000000000E+001         0.0000000000E+000         4.5326891375E+001         4.6561326469E+001         6.2555964939E+002         6.0333898835E+002         2.0886425085E+000         2.5422977160E+000         
2019-12-04                04:31:58.684              336.85554032              8084.532968               337.85554032              1575433918.684            0                         963                       1.0000000000E+000         1.6000000000E+001         0.0000000000E+000         4.5326891375E+001         4.6561326469E+001         5.2855638726E+002         6.4639680170E+002         2.0886425085E+000         2.5422977160E+000         
2019-12-04                04:32:49.887              336.85613295              8084.547191               337.85613295              1575433969.887            0                         963                       1.0000000000E+000         1.2000000000E+001         0.0000000000E+000         4.5326891375E+001         4.6561326469E+001         5.7093986354E+002         5.4616239806E+002         2.0886425085E+000         2.5422977160E+000         
2019-12-04                04:33:41.036              336.85672495              8084.561399               337.85672495              1575434021.036            0                         963                       1.0000000000E+000         1.2000000000E+001         0.0000000000E+000         4.5326891375E+001         4.6561326469E+001         6.0841459518E+002         5.8995765170E+002         2.0886425085E+000         2.5422977160E+000         
2019-12-04                04:34:31.115              336.85730458              8084.575310               337.85730458              1575434071.116            0                         963                       1.0000000000E+000         1.6000000000E+001         0.0000000000E+000         4.5326891375E+001         4.6561326469E+001         5.2472203261E+002         6.2868065230E+002         2.0886425085E+000         2.5422977160E+000         
2019-12-04                04:35:22.289              336.85789687              8084.589525               337.85789687              1575434122.290            0                         963                       1.0000000000E+000         1.3000000000E+001         0.0000000000E+000         4.5326891375E+001         4.6561326469E+001         4.8747277326E+002         5.4220032252E+002         2.0886425085E+000         2.5422977160E+000         
2019-12-04                04:36:13.497              336.85848956              8084.603749               337.85848956              1575434173.498            0                         963                       1.0000000000E+000         1.3000000000E+001         0.0000000000E+000         4.5326891375E+001         4.6561326469E+001         4.8765742671E+002         5.0371030462E+002         2.0886425085E+000         2.5422977160E+000         
2019-12-04                04:37:04.710              336.85908229              8084.617975               337.85908229              1575434224.710            0                         963                       1.0000000000E+000         1.4000000000E+001         0.0000000000E+000         4.5326891375E+001         4.6561326469E+001         4.8777653773E+002         5.0390110880E+002         2.0886425085E+000         2.5422977160E+000         
2019-12-04                04:37:55.859              336.85967431              8084.632183               337.85967431              1575434275.860            0                         963                       1.0000000000E+000         1.4000000000E+001         0.0000000000E+000         4.5326891375E+001         4.6561326469E+001         4.8790986916E+002         5.0402418736E+002         2.0886425085E+000         2.5422977160E+000         
2019-12-04                04:38:45.969              336.86025427              8084.646103               337.86025427              1575434325.969            0                         963                       1.0000000000E+000         1.4000000000E+001         0.0000000000E+000         4.5326891375E+001         4.6561326469E+001         4.8811729711E+002         5.0416196001E+002         2.0886425085E+000         2.5422977160E+000         
2019-12-04                04:39:36.201              336.86083567              8084.660056               337.86083567              1575434376.202            0                         963                       1.0000000000E+000         1.5000000000E+001         0.0000000000E+000         4.5326891375E+001         4.6561326469E+001         4.8834826810E+002         5.0437629731E+002         2.0886425085E+000         2.5422977160E+000         
2019-12-04                04:40:27.372              336.86142793              8084.674270               337.86142793              1575434427.373            0                         963                       1.0000000000E+000         1.5000000000E+001         0.0000000000E+000         4.5326891375E+001         4.6561326469E+001         4.8852463337E+002         5.0461496186E+002         2.0886425085E+000         2.5422977160E+000         
2019-12-04                04:41:17.457              336.86200762              8084.688183               337.86200762              1575434477.458            0                         963                       1.0000000000E+000         1.5000000000E+001         0.0000000000E+000         4.5326891375E+001         4.6561326469E+001         4.8860353450E+002         5.0479720179E+002         2.0886425085E+000         2.5422977160E+000         
