DATE                      TIME                      FRAC_DAYS_SINCE_JAN1      FRAC_HRS_SINCE_JAN1       JULIAN_DAYS               EPOCH_TIME                ALARM_STATUS              INST_STATUS               species                   MPVPosition               solenoid_valves           CH4                       CH4_dry                   CO2                       CO2_dry                   H2O                       h2o_reported              
2019-05-10                08:42:35.598              129.02957869              3096.709889               130.02957869              1557477755.599            0                         963                       1.0000000000E+000         0.0000000000E+000         0.0000000000E+000         3.4636770455E+001         3.4953121438E+001         4.2587370575E+002         4.3070470749E+002         7.1207654483E-001         9.0184261165E-001         
2019-05-10                08:43:24.842              129.03014865              3096.723567               130.03014865              1557477804.843            0                         963                       1.0000000000E+000         0.0000000000E+000         0.0000000000E+000         3.4636770455E+001         3.4953121438E+001         4.2578327580E+002         4.3062765990E+002         7.1207654483E-001         9.0184261165E-001         
2019-05-10                08:44:14.069              129.03071839              3096.737241               130.03071839              1557477854.069            0                         963                       1.0000000000E+000         0.0000000000E+000         0.0000000000E+000         3.4636770455E+001         3.4953121438E+001         4.2571291157E+002         4.3053622050E+002         7.1207654483E-001         9.0184261165E-001         
2019-05-10                08:45:03.299              129.03128818              3096.750916               130.03128818              1557477903.299            0                         963                       1.0000000000E+000         0.0000000000E+000         0.0000000000E+000         3.4636770455E+001         3.4953121438E+001         4.2565774752E+002         4.3046507081E+002         7.1207654483E-001         9.0184261165E-001         
2019-05-10                08:45:31.344              129.03161278              3096.758707               130.03161278              1557477931.344            0                         963                       2.0000000000E+000         0.0000000000E+000         0.0000000000E+000         3.7111330430E+001         3.4953121438E+001         4.2565774752E+002         4.3040929098E+002         7.1207654483E-001         9.0184261165E-001         
2019-05-10                08:45:51.676              129.03184810              3096.764354               130.03184810              1557477951.676            0                         963                       1.0000000000E+000         0.0000000000E+000         0.0000000000E+000         3.7111330430E+001         3.4953121438E+001         4.2557546413E+002         4.3040929098E+002         7.1207654483E-001         9.0184261165E-001         
2019-05-10                08:46:41.885              129.03242924              3096.778302               130.03242924              1557478001.886            0                         963                       1.0000000000E+000         0.0000000000E+000         0.0000000000E+000         3.7111330430E+001         3.7450282524E+001         4.2555735398E+002         4.3032608906E+002         7.1207654483E-001         9.0184261165E-001         
2019-05-10                08:46:47.325              129.03249219              3096.779813               130.03249219              1557478007.325            0                         963                       3.0000000000E+000         0.0000000000E+000         0.0000000000E+000         3.7111330430E+001         3.7442907254E+001         4.2555735398E+002         4.3020438787E+002         6.8135452092E-001         8.6374564855E-001         
2019-05-10                08:47:20.569              129.03287697              3096.789047               130.03287697              1557478040.570            0                         963                       1.0000000000E+000         0.0000000000E+000         0.0000000000E+000         3.7111330430E+001         3.7442907254E+001         4.2554125193E+002         4.3020438787E+002         6.8135452092E-001         8.6374564855E-001         
2019-05-10                08:48:10.786              129.03345818              3096.802996               130.03345818              1557478090.787            0                         963                       1.0000000000E+000         0.0000000000E+000         0.0000000000E+000         3.7111330430E+001         3.7435541446E+001         4.2548621298E+002         4.3008485904E+002         6.8135452092E-001         8.6374564855E-001         
2019-05-10                08:49:01.082              129.03404031              3096.816967               130.03404031              1557478141.083            0                         963                       1.0000000000E+000         0.0000000000E+000         0.0000000000E+000         3.7111330430E+001         3.7435541446E+001         4.2543242337E+002         4.3002923242E+002         6.8135452092E-001         8.6374564855E-001         
2019-05-10                08:49:05.568              129.03409222              3096.818213               130.03409222              1557478145.568            0                         963                       3.0000000000E+000         0.0000000000E+000         0.0000000000E+000         3.7111330430E+001         3.7435244492E+001         4.2543242337E+002         4.2997070700E+002         6.8011631565E-001         8.6220873495E-001         
2019-05-10                08:49:35.733              129.03444137              3096.826593               130.03444137              1557478175.734            0                         963                       1.0000000000E+000         0.0000000000E+000         0.0000000000E+000         3.7111330430E+001         3.7435244492E+001         4.2542355024E+002         4.2997070700E+002         6.8011631565E-001         8.6220873495E-001         
2019-05-10                08:50:27.032              129.03503509              3096.840842               130.03503509              1557478227.032            0                         963                       1.0000000000E+000         0.0000000000E+000         0.0000000000E+000         3.7111330430E+001         3.7434947553E+001         4.2540195813E+002         4.2995757802E+002         6.8011631565E-001         8.6220873495E-001         
2019-05-10                08:51:17.252              129.03561634              3096.854792               130.03561634              1557478277.252            0                         963                       1.0000000000E+000         0.0000000000E+000         0.0000000000E+000         3.7111330430E+001         3.7434947553E+001         4.2535403949E+002         4.2993575580E+002         6.8011631565E-001         8.6220873495E-001         
2019-05-10                08:52:07.477              129.03619766              3096.868744               130.03619766              1557478327.478            0                         963                       1.0000000000E+000         0.0000000000E+000         0.0000000000E+000         3.7111330430E+001         3.7434947553E+001         4.2530549836E+002         4.2988732645E+002         6.8011631565E-001         8.6220873495E-001         
2019-05-10                08:52:57.720              129.03677918              3096.882700               130.03677918              1557478377.721            0                         963                       1.0000000000E+000         0.0000000000E+000         0.0000000000E+000         3.7111330430E+001         3.7434947553E+001         4.2525950779E+002         4.2983826799E+002         6.8011631565E-001         8.6220873495E-001         
2019-05-10                08:53:46.104              129.03733917              3096.896140               130.03733917              1557478426.104            0                         963                       1.0000000000E+000         0.0000000000E+000         0.0000000000E+000         3.7111330430E+001         3.7434947553E+001         4.2523999083E+002         4.2979178727E+002         6.8011631565E-001         8.6220873495E-001         
2019-05-10                08:54:36.345              129.03792067              3096.910096               130.03792067              1557478476.346            0                         963                       1.0000000000E+000         0.0000000000E+000         0.0000000000E+000         3.7111330430E+001         3.7434947553E+001         4.2522334175E+002         4.2977206230E+002         6.8011631565E-001         8.6220873495E-001         
2019-05-10                08:55:26.657              129.03850299              3096.924072               130.03850299              1557478526.658            0                         963                       1.0000000000E+000         0.0000000000E+000         0.0000000000E+000         3.7111330430E+001         3.7434947553E+001         4.2517681513E+002         4.2975523578E+002         6.8011631565E-001         8.6220873495E-001         
2019-05-10                08:56:16.992              129.03908556              3096.938053               130.03908556              1557478576.992            0                         963                       1.0000000000E+000         0.0000000000E+000         0.0000000000E+000         3.7111330430E+001         3.7434947553E+001         4.2516565871E+002         4.2970821330E+002         6.8011631565E-001         8.6220873495E-001         
2019-05-10                08:57:07.181              129.03966646              3096.951995               130.03966646              1557478627.182            0                         963                       1.0000000000E+000         0.0000000000E+000         0.0000000000E+000         3.7111330430E+001         3.7434947553E+001         4.2515915890E+002         4.2969693797E+002         6.8011631565E-001         8.6220873495E-001         
2019-05-10                08:57:57.430              129.04024803              3096.965953               130.04024803              1557478677.430            0                         963                       1.0000000000E+000         0.0000000000E+000         0.0000000000E+000         3.7111330430E+001         3.7434947553E+001         4.2513042371E+002         4.2969036889E+002         6.8011631565E-001         8.6220873495E-001         
2019-05-10                08:58:48.667              129.04084105              3096.980185               130.04084105              1557478728.667            0                         963                       1.0000000000E+000         0.0000000000E+000         0.0000000000E+000         3.7111330430E+001         3.7434947553E+001         4.2511634508E+002         4.2966132745E+002         6.8011631565E-001         8.6220873495E-001         
2019-05-10                08:59:37.892              129.04141080              3096.993859               130.04141080              1557478777.893            0                         963                       1.0000000000E+000         0.0000000000E+000         0.0000000000E+000         3.7111330430E+001         3.7434947553E+001         4.2511058193E+002         4.2964709878E+002         6.8011631565E-001         8.6220873495E-001         
2019-05-10                09:00:26.134              129.04196916              3097.007260               130.04196916              1557478826.135            0                         963                       1.0000000000E+000         0.0000000000E+000         0.0000000000E+000         3.7111330430E+001         3.7434947553E+001         4.2510643312E+002         4.2964127420E+002         6.8011631565E-001         8.6220873495E-001         
2019-05-10                09:01:15.367              129.04253897              3097.020935               130.04253897              1557478875.367            0                         963                       1.0000000000E+000         0.0000000000E+000         0.0000000000E+000         3.7111330430E+001         3.7434947553E+001         4.2513912644E+002         4.2963708117E+002         6.8011631565E-001         8.6220873495E-001         
2019-05-10                09:01:42.546              129.04285354              3097.028485               130.04285354              1557478902.546            0                         963                       2.0000000000E+000         0.0000000000E+000         0.0000000000E+000         3.6132733336E+001         3.7434947553E+001         4.2513912644E+002         4.2967012293E+002         6.8011631565E-001         8.6220873495E-001         
2019-05-10                09:02:02.686              129.04308664              3097.034079               130.04308664              1557478922.686            0                         963                       1.0000000000E+000         0.0000000000E+000         0.0000000000E+000         3.6132733336E+001         3.7434947553E+001         4.2516197195E+002         4.2967012293E+002         6.8011631565E-001         8.6220873495E-001         
2019-05-10                09:02:52.039              129.04365787              3097.047789               130.04365787              1557478972.040            0                         963                       1.0000000000E+000         0.0000000000E+000         0.0000000000E+000         3.6132733336E+001         3.6447816925E+001         4.2518606996E+002         4.2969321192E+002         6.8011631565E-001         8.6220873495E-001         
2019-05-10                09:03:42.348              129.04424014              3097.061763               130.04424014              1557479022.348            0                         963                       1.0000000000E+000         0.0000000000E+000         0.0000000000E+000         3.6132733336E+001         3.6447816925E+001         4.2521950710E+002         4.2971756676E+002         6.8011631565E-001         8.6220873495E-001         
2019-05-10                09:04:32.697              129.04482288              3097.075749               130.04482288              1557479072.697            0                         963                       1.0000000000E+000         0.0000000000E+000         0.0000000000E+000         3.6132733336E+001         3.6447816925E+001         4.2528439984E+002         4.2975136026E+002         6.8011631565E-001         8.6220873495E-001         
2019-05-10                09:05:23.042              129.04540559              3097.089734               130.04540559              1557479123.043            0                         963                       1.0000000000E+000         0.0000000000E+000         0.0000000000E+000         3.6132733336E+001         3.6447816925E+001         4.2535094700E+002         4.2981694461E+002         6.8011631565E-001         8.6220873495E-001         
2019-05-10                09:06:13.276              129.04598699              3097.103688               130.04598699              1557479173.276            0                         963                       1.0000000000E+000         0.0000000000E+000         0.0000000000E+000         3.6132733336E+001         3.6447816925E+001         4.2540804441E+002         4.2988420101E+002         6.8011631565E-001         8.6220873495E-001         
2019-05-10                09:07:03.529              129.04656863              3097.117647               130.04656863              1557479223.530            0                         963                       1.0000000000E+000         0.0000000000E+000         0.0000000000E+000         3.6132733336E+001         3.6447816925E+001         4.2548413710E+002         4.2994190694E+002         6.8011631565E-001         8.6220873495E-001         
2019-05-10                09:07:52.861              129.04713959              3097.131350               130.04713959              1557479272.861            0                         963                       1.0000000000E+000         0.0000000000E+000         0.0000000000E+000         3.6132733336E+001         3.6447816925E+001         4.2561067911E+002         4.3001881060E+002         6.8011631565E-001         8.6220873495E-001         
2019-05-10                09:08:43.096              129.04772103              3097.145305               130.04772103              1557479323.097            0                         963                       1.0000000000E+000         0.0000000000E+000         0.0000000000E+000         3.6132733336E+001         3.6447816925E+001         4.2572611472E+002         4.3014670125E+002         6.8011631565E-001         8.6220873495E-001         
2019-05-10                09:09:12.628              129.04806284              3097.153508               130.04806284              1557479352.629            0                         963                       2.0000000000E+000         0.0000000000E+000         0.0000000000E+000         3.3748604276E+001         3.6447816925E+001         4.2572611472E+002         4.3026336715E+002         6.8011631565E-001         8.6220873495E-001         
2019-05-10                09:09:32.380              129.04829144              3097.158994               130.04829144              1557479372.380            0                         963                       1.0000000000E+000         0.0000000000E+000         0.0000000000E+000         3.3748604276E+001         3.6447816925E+001         4.2585306497E+002         4.3026336715E+002         6.8011631565E-001         8.6220873495E-001         
2019-05-10                09:10:22.596              129.04887265              3097.172944               130.04887265              1557479422.597            0                         963                       1.0000000000E+000         0.0000000000E+000         0.0000000000E+000         3.3748604276E+001         3.4042897854E+001         4.2592767894E+002         4.3039167039E+002         6.8011631565E-001         8.6220873495E-001         
2019-05-10                09:11:11.874              129.04944299              3097.186632               130.04944299              1557479471.874            0                         963                       1.0000000000E+000         0.0000000000E+000         0.0000000000E+000         3.3748604276E+001         3.4042897854E+001         4.2601755542E+002         4.3046707957E+002         6.8011631565E-001         8.6220873495E-001         
2019-05-10                09:12:01.140              129.05001319              3097.200317               130.05001319              1557479521.140            0                         963                       1.0000000000E+000         0.0000000000E+000         0.0000000000E+000         3.3748604276E+001         3.4042897854E+001         4.2613385541E+002         4.3055791392E+002         6.8011631565E-001         8.6220873495E-001         
2019-05-10                09:12:51.507              129.05059616              3097.214308               130.05059616              1557479571.508            0                         963                       1.0000000000E+000         0.0000000000E+000         0.0000000000E+000         3.3748604276E+001         3.4042897854E+001         4.2622964582E+002         4.3067545340E+002         6.8011631565E-001         8.6220873495E-001         
2019-05-10                09:13:39.733              129.05115433              3097.227704               130.05115433              1557479619.734            0                         963                       1.0000000000E+000         0.0000000000E+000         0.0000000000E+000         3.3748604276E+001         3.4042897854E+001         4.2633387523E+002         4.3077226472E+002         6.8011631565E-001         8.6220873495E-001         
2019-05-10                09:14:29.937              129.05173539              3097.241649               130.05173539              1557479669.938            0                         963                       1.0000000000E+000         0.0000000000E+000         0.0000000000E+000         3.3748604276E+001         3.4042897854E+001         4.2642952195E+002         4.3087760497E+002         6.8011631565E-001         8.6220873495E-001         
2019-05-10                09:15:19.203              129.05230560              3097.255334               130.05230560              1557479719.204            0                         963                       1.0000000000E+000         0.0000000000E+000         0.0000000000E+000         3.3748604276E+001         3.4042897854E+001         4.2651937728E+002         4.3097427106E+002         6.8011631565E-001         8.6220873495E-001         
2019-05-10                09:16:08.427              129.05287531              3097.269008               130.05287531              1557479768.427            0                         963                       1.0000000000E+000         0.0000000000E+000         0.0000000000E+000         3.3748604276E+001         3.4042897854E+001         4.2663983533E+002         4.3106508404E+002         6.8011631565E-001         8.6220873495E-001         
2019-05-10                09:16:57.648              129.05344501              3097.282680               130.05344501              1557479817.649            0                         963                       1.0000000000E+000         0.0000000000E+000         0.0000000000E+000         3.3748604276E+001         3.4042897854E+001         4.2675525262E+002         4.3118682590E+002         6.8011631565E-001         8.6220873495E-001         
2019-05-10                09:17:27.160              129.05378657              3097.290878               130.05378657              1557479847.160            0                         963                       2.0000000000E+000         0.0000000000E+000         0.0000000000E+000         5.3846063420E+002         3.4042897854E+001         4.2675525262E+002         4.3130347326E+002         6.8011631565E-001         8.6220873495E-001         
2019-05-10                09:17:46.891              129.05401495              3097.296359               130.05401495              1557479866.892            0                         963                       1.0000000000E+000         0.0000000000E+000         0.0000000000E+000         5.3846063420E+002         3.4042897854E+001         4.2690451224E+002         4.3130347326E+002         6.8011631565E-001         8.6220873495E-001         
2019-05-10                09:17:52.259              129.05407707              3097.297850               130.05407707              1557479872.259            0                         963                       3.0000000000E+000         0.0000000000E+000         0.0000000000E+000         5.3846063420E+002         5.4317054247E+002         4.2690451224E+002         4.3146831868E+002         6.8426634926E-001         8.6735948467E-001         
2019-05-10                09:18:03.588              129.05420821              3097.300997               130.05420821              1557479883.589            0                         963                       2.0000000000E+000         0.0000000000E+000         0.0000000000E+000         5.3133382188E+002         5.4317054247E+002         4.2690451224E+002         4.3146831868E+002         6.8426634926E-001         8.6735948467E-001         
2019-05-10                09:18:23.523              129.05443894              3097.306534               130.05443894              1557479903.524            0                         963                       1.0000000000E+000         0.0000000000E+000         0.0000000000E+000         5.3133382188E+002         5.4317054247E+002         4.2703487772E+002         4.3146831868E+002         6.8426634926E-001         8.6735948467E-001         
2019-05-10                09:19:12.880              129.05501019              3097.320244               130.05501019              1557479952.880            0                         963                       1.0000000000E+000         0.0000000000E+000         0.0000000000E+000         5.3133382188E+002         5.3599564319E+002         4.2715727871E+002         4.3161407960E+002         6.8426634926E-001         8.6735948467E-001         
2019-05-10                09:20:03.053              129.05559090              3097.334182               130.05559090              1557480003.054            0                         963                       1.0000000000E+000         0.0000000000E+000         0.0000000000E+000         5.3133382188E+002         5.3599564319E+002         4.2734743041E+002         4.3173779313E+002         6.8426634926E-001         8.6735948467E-001         
2019-05-10                09:20:53.240              129.05617176              3097.348122               130.05617176              1557480053.240            0                         963                       1.0000000000E+000         0.0000000000E+000         0.0000000000E+000         5.3133382188E+002         5.3599564319E+002         4.2760031239E+002         4.3192998387E+002         6.8426634926E-001         8.6735948467E-001         
2019-05-10                09:21:43.477              129.05675322              3097.362077               130.05675322              1557480103.478            0                         963                       1.0000000000E+000         0.0000000000E+000         0.0000000000E+000         5.3133382188E+002         5.3599564319E+002         4.2786380012E+002         4.3218557757E+002         6.8426634926E-001         8.6735948467E-001         
2019-05-10                09:21:46.164              129.05678431              3097.362823               130.05678431              1557480106.164            0                         963                       3.0000000000E+000         0.0000000000E+000         0.0000000000E+000         5.3133382188E+002         5.3600807205E+002         4.2786380012E+002         4.3246412582E+002         6.8788597075E-001         8.7185087391E-001         
2019-05-10                09:22:18.243              129.05715560              3097.371734               130.05715560              1557480138.244            0                         963                       1.0000000000E+000         0.0000000000E+000         0.0000000000E+000         5.3133382188E+002         5.3600807205E+002         4.2808135654E+002         4.3246412582E+002         6.8788597075E-001         8.7185087391E-001         
2019-05-10                09:23:07.479              129.05772545              3097.385411               130.05772545              1557480187.479            0                         963                       1.0000000000E+000         0.0000000000E+000         0.0000000000E+000         5.3133382188E+002         5.3602050280E+002         4.2832306823E+002         4.3269626455E+002         6.8788597075E-001         8.7185087391E-001         
2019-05-10                09:23:56.687              129.05829499              3097.399080               130.05829499              1557480236.687            0                         963                       1.0000000000E+000         0.0000000000E+000         0.0000000000E+000         5.3133382188E+002         5.3602050280E+002         4.2867037620E+002         4.3294058200E+002         6.8788597075E-001         8.7185087391E-001         
2019-05-10                09:23:59.348              129.05832579              3097.399819               130.05832579              1557480239.348            0                         963                       3.0000000000E+000         0.0000000000E+000         0.0000000000E+000         5.3133382188E+002         5.3603254962E+002         4.2867037620E+002         4.3330351547E+002         6.9139402607E-001         8.7620289592E-001         
2019-05-10                09:24:09.141              129.05843914              3097.402539               130.05843914              1557480249.142            0                         963                       2.0000000000E+000         0.0000000000E+000         0.0000000000E+000         3.9056530081E+001         5.3603254962E+002         4.2867037620E+002         4.3330351547E+002         6.9139402607E-001         8.7620289592E-001         
2019-05-10                09:24:29.282              129.05867226              3097.408134               130.05867226              1557480269.283            0                         963                       1.0000000000E+000         0.0000000000E+000         0.0000000000E+000         3.9056530081E+001         5.3603254962E+002         4.2899269765E+002         4.3330351547E+002         6.9139402607E-001         8.7620289592E-001         
2019-05-10                09:24:36.121              129.05875141              3097.410034               130.05875141              1557480276.122            0                         963                       3.0000000000E+000         0.0000000000E+000         0.0000000000E+000         3.9056530081E+001         3.9402642872E+001         4.2899269765E+002         4.3363906097E+002         6.9075926821E-001         8.7541549612E-001         
2019-05-10                09:25:09.730              129.05914039              3097.419369               130.05914039              1557480309.730            0                         963                       1.0000000000E+000         0.0000000000E+000         0.0000000000E+000         3.9056530081E+001         3.9402642872E+001         4.2927357940E+002         4.3363906097E+002         6.9075926821E-001         8.7541549612E-001         
2019-05-10                09:25:59.954              129.05972170              3097.433321               130.05972170              1557480359.955            0                         963                       1.0000000000E+000         0.0000000000E+000         0.0000000000E+000         3.9056530081E+001         3.9402482629E+001         4.2960463361E+002         4.3392083183E+002         6.9075926821E-001         8.7541549612E-001         
2019-05-10                09:26:50.349              129.06030498              3097.447319               130.06030498              1557480410.350            0                         963                       1.0000000000E+000         0.0000000000E+000         0.0000000000E+000         3.9056530081E+001         3.9402482629E+001         4.3001729478E+002         4.3425546998E+002         6.9075926821E-001         8.7541549612E-001         
2019-05-10                09:27:40.621              129.06088682              3097.461284               130.06088682              1557480460.621            0                         963                       1.0000000000E+000         0.0000000000E+000         0.0000000000E+000         3.9056530081E+001         3.9402482629E+001         4.3043991405E+002         4.3467259856E+002         6.9075926821E-001         8.7541549612E-001         
2019-05-10                09:28:30.865              129.06146834              3097.475240               130.06146834              1557480510.865            0                         963                       1.0000000000E+000         0.0000000000E+000         0.0000000000E+000         3.9056530081E+001         3.9402482629E+001         4.3087912409E+002         4.3509979305E+002         6.9075926821E-001         8.7541549612E-001         
2019-05-10                09:29:20.118              129.06203841              3097.488922               130.06203841              1557480560.119            0                         963                       1.0000000000E+000         0.0000000000E+000         0.0000000000E+000         3.9056530081E+001         3.9402482629E+001         4.3134665142E+002         4.3554375791E+002         6.9075926821E-001         8.7541549612E-001         
2019-05-10                09:30:10.362              129.06261994              3097.502879               130.06261994              1557480610.363            0                         963                       1.0000000000E+000         0.0000000000E+000         0.0000000000E+000         3.9056530081E+001         3.9402482629E+001         4.3181693184E+002         4.3601634662E+002         6.9075926821E-001         8.7541549612E-001         
2019-05-10                09:31:00.604              129.06320144              3097.516834               130.06320144              1557480660.604            0                         963                       1.0000000000E+000         0.0000000000E+000         0.0000000000E+000         3.9056530081E+001         3.9402482629E+001         4.3234629415E+002         4.3649171823E+002         6.9075926821E-001         8.7541549612E-001         
2019-05-10                09:31:51.818              129.06379419              3097.531061               130.06379419              1557480711.818            0                         963                       1.0000000000E+000         0.0000000000E+000         0.0000000000E+000         3.9056530081E+001         3.9402482629E+001         4.3291380156E+002         4.3702681134E+002         6.9075926821E-001         8.7541549612E-001         
2019-05-10                09:32:41.079              129.06436435              3097.544744               130.06436435              1557480761.080            0                         963                       1.0000000000E+000         0.0000000000E+000         0.0000000000E+000         3.9056530081E+001         3.9402482629E+001         4.3350166647E+002         4.3760046249E+002         6.9075926821E-001         8.7541549612E-001         
2019-05-10                09:33:31.246              129.06494499              3097.558680               130.06494499              1557480811.247            0                         963                       1.0000000000E+000         0.0000000000E+000         0.0000000000E+000         3.9056530081E+001         3.9402482629E+001         4.3414604676E+002         4.3819469155E+002         6.9075926821E-001         8.7541549612E-001         
2019-05-10                09:34:20.493              129.06551497              3097.572359               130.06551497              1557480860.493            0                         963                       1.0000000000E+000         0.0000000000E+000         0.0000000000E+000         3.9056530081E+001         3.9402482629E+001         4.3480342597E+002         4.3884604781E+002         6.9075926821E-001         8.7541549612E-001         
2019-05-10                09:35:09.842              129.06608615              3097.586067               130.06608615              1557480909.843            0                         963                       1.0000000000E+000         0.0000000000E+000         0.0000000000E+000         3.9056530081E+001         3.9402482629E+001         4.3544015174E+002         4.3951054370E+002         6.9075926821E-001         8.7541549612E-001         
2019-05-10                09:35:59.086              129.06665610              3097.599746               130.06665610              1557480959.087            0                         963                       1.0000000000E+000         0.0000000000E+000         0.0000000000E+000         3.9056530081E+001         3.9402482629E+001         4.3607874518E+002         4.4015416257E+002         6.9075926821E-001         8.7541549612E-001         
2019-05-10                09:36:48.282              129.06722549              3097.613412               130.06722549              1557481008.282            0                         963                       1.0000000000E+000         0.0000000000E+000         0.0000000000E+000         3.9056530081E+001         3.9402482629E+001         4.3674996575E+002         4.4079966933E+002         6.9075926821E-001         8.7541549612E-001         
2019-05-10                09:37:17.792              129.06756704              3097.621609               130.06756704              1557481037.792            0                         963                       2.0000000000E+000         0.0000000000E+000         0.0000000000E+000         5.3888738258E+002         3.9402482629E+001         4.3674996575E+002         4.4147815644E+002         6.9075926821E-001         8.7541549612E-001         
2019-05-10                09:37:37.545              129.06779566              3097.627096               130.06779566              1557481057.545            0                         963                       1.0000000000E+000         0.0000000000E+000         0.0000000000E+000         5.3888738258E+002         3.9402482629E+001         4.3751897067E+002         4.4147815644E+002         6.9075926821E-001         8.7541549612E-001         
2019-05-10                09:38:05.924              129.06812413              3097.634979               130.06812413              1557481085.925            0                         963                       2.0000000000E+000         0.0000000000E+000         0.0000000000E+000         5.3316380191E+002         5.4366070634E+002         4.3751897067E+002         4.4225548648E+002         6.9075926821E-001         8.7541549612E-001         
2019-05-10                09:38:25.828              129.06835450              3097.640508               130.06835450              1557481105.829            0                         963                       1.0000000000E+000         0.0000000000E+000         0.0000000000E+000         5.3316380191E+002         5.4366070634E+002         4.3814088783E+002         4.4225548648E+002         6.9075926821E-001         8.7541549612E-001         
2019-05-10                09:39:16.029              129.06893552              3097.654453               130.06893552              1557481156.029            0                         963                       1.0000000000E+000         0.0000000000E+000         0.0000000000E+000         5.3316380191E+002         5.3788642768E+002         4.3869402544E+002         4.4288413643E+002         6.9075926821E-001         8.7541549612E-001         
2019-05-10                09:40:06.256              129.06951686              3097.668405               130.06951686              1557481206.257            0                         963                       1.0000000000E+000         0.0000000000E+000         0.0000000000E+000         5.3316380191E+002         5.3788642768E+002         4.3937322020E+002         4.4344326223E+002         6.9075926821E-001         8.7541549612E-001         
2019-05-10                09:40:56.492              129.07009829              3097.682359               130.07009829              1557481256.492            0                         963                       1.0000000000E+000         0.0000000000E+000         0.0000000000E+000         5.3316380191E+002         5.3788642768E+002         4.4004367242E+002         4.4412980985E+002         6.9075926821E-001         8.7541549612E-001         
2019-05-10                09:41:45.911              129.07067027              3097.696086               130.07067027              1557481305.911            0                         963                       1.0000000000E+000         0.0000000000E+000         0.0000000000E+000         5.3316380191E+002         5.3788642768E+002         4.4063059568E+002         4.4480752028E+002         6.9075926821E-001         8.7541549612E-001         
2019-05-10                09:42:34.138              129.07122845              3097.709483               130.07122845              1557481354.138            0                         963                       1.0000000000E+000         0.0000000000E+000         0.0000000000E+000         5.3316380191E+002         5.3788642768E+002         4.4122385508E+002         4.4540079750E+002         6.9075926821E-001         8.7541549612E-001         
2019-05-10                09:43:24.334              129.07180942              3097.723426               130.07180942              1557481404.334            0                         963                       1.0000000000E+000         0.0000000000E+000         0.0000000000E+000         5.3316380191E+002         5.3788642768E+002         4.4183520595E+002         4.4600047943E+002         6.9075926821E-001         8.7541549612E-001         
