DATE                      TIME                      FRAC_DAYS_SINCE_JAN1      FRAC_HRS_SINCE_JAN1       JULIAN_DAYS               EPOCH_TIME                ALARM_STATUS              INST_STATUS               species                   MPVPosition               solenoid_valves           CH4                       CH4_dry                   CO2                       CO2_dry                   H2O                       h2o_reported              
2019-09-12                13:32:12.737              254.23070299              6101.536872               255.23070299              1568295132.738            0                         963                       1.0000000000E+000         1.6000000000E+001         0.0000000000E+000         4.6753501106E+001         4.7531693988E+001         4.8074697528E+002         4.9035261980E+002         1.2888441786E+000         1.6044844284E+000         
2019-09-12                13:33:02.816              254.23128260              6101.550782               255.23128260              1568295182.817            0                         963                       1.0000000000E+000         1.6000000000E+001         0.0000000000E+000         4.6753501106E+001         4.7531693988E+001         4.8089213337E+002         4.9052920671E+002         1.2888441786E+000         1.6044844284E+000         
2019-09-12                13:33:52.901              254.23186229              6101.564695               255.23186229              1568295232.902            0                         963                       1.0000000000E+000         1.6000000000E+001         0.0000000000E+000         4.6753501106E+001         4.7531693988E+001         4.8105528436E+002         4.9067731847E+002         1.2888441786E+000         1.6044844284E+000         
2019-09-12                13:34:44.086              254.23245471              6101.578913               255.23245471              1568295284.087            0                         963                       1.0000000000E+000         1.6000000000E+001         0.0000000000E+000         4.6753501106E+001         4.7531693988E+001         4.8121158804E+002         4.9084378926E+002         1.2888441786E+000         1.6044844284E+000         
2019-09-12                13:35:35.226              254.23304660              6101.593118               255.23304660              1568295335.226            0                         963                       1.0000000000E+000         1.6000000000E+001         0.0000000000E+000         4.6753501106E+001         4.7531693988E+001         4.8131674697E+002         4.9100327339E+002         1.2888441786E+000         1.6044844284E+000         
2019-09-12                13:36:25.332              254.23362653              6101.607037               255.23362653              1568295385.332            0                         963                       1.0000000000E+000         1.6000000000E+001         0.0000000000E+000         4.6753501106E+001         4.7531693988E+001         4.8142300973E+002         4.9111057210E+002         1.2888441786E+000         1.6044844284E+000         
2019-09-12                13:37:15.424              254.23420630              6101.620951               255.23420630              1568295435.424            0                         963                       1.0000000000E+000         1.6000000000E+001         0.0000000000E+000         4.6753501106E+001         4.7531693988E+001         4.8150219844E+002         4.9121899709E+002         1.2888441786E+000         1.6044844284E+000         
2019-09-12                13:38:06.592              254.23479852              6101.635164               255.23479852              1568295486.592            0                         963                       1.0000000000E+000         1.6000000000E+001         0.0000000000E+000         4.6753501106E+001         4.7531693988E+001         4.8153013934E+002         4.9129979713E+002         1.2888441786E+000         1.6044844284E+000         
2019-09-12                13:38:57.785              254.23539103              6101.649385               255.23539103              1568295537.785            0                         963                       1.0000000000E+000         1.6000000000E+001         0.0000000000E+000         4.6753501106E+001         4.7531693988E+001         4.8161362204E+002         4.9132830658E+002         1.2888441786E+000         1.6044844284E+000         
2019-09-12                13:39:47.904              254.23597112              6101.663307               255.23597112              1568295587.905            0                         963                       1.0000000000E+000         1.0000000000E+000         0.0000000000E+000         4.6753501106E+001         4.7531693988E+001         1.0685682060E+003         4.9141348798E+002         1.2888441786E+000         1.6044844284E+000         
2019-09-12                13:40:36.092              254.23652885              6101.676692               255.23652885              1568295636.093            0                         963                       1.0000000000E+000         1.0000000000E+000         0.0000000000E+000         4.6753501106E+001         4.7531693988E+001         1.2206721205E+003         1.0903114141E+003         1.2888441786E+000         1.6044844284E+000         
2019-09-12                13:41:25.332              254.23709876              6101.690370               255.23709876              1568295685.333            0                         963                       1.0000000000E+000         1.0000000000E+000         0.0000000000E+000         4.6753501106E+001         4.7531693988E+001         7.1004154396E+002         1.2455103365E+003         1.2888441786E+000         1.6044844284E+000         
2019-09-12                13:42:14.566              254.23766860              6101.704046               255.23766860              1568295734.567            0                         963                       1.0000000000E+000         2.0000000000E+000         0.0000000000E+000         4.6753501106E+001         4.7531693988E+001         8.7735956990E+002         7.2448945744E+002         1.2888441786E+000         1.6044844284E+000         
2019-09-12                13:43:04.683              254.23824865              6101.717968               255.23824865              1568295784.683            0                         963                       1.0000000000E+000         2.0000000000E+000         0.0000000000E+000         4.6753501106E+001         4.7531693988E+001         8.7802318652E+002         8.9521206778E+002         1.2888441786E+000         1.6044844284E+000         
2019-09-12                13:43:53.971              254.23881912              6101.731659               255.23881912              1568295833.972            0                         963                       1.0000000000E+000         2.0000000000E+000         0.0000000000E+000         4.6753501106E+001         4.7531693988E+001         6.0548839918E+002         8.9588918766E+002         1.2888441786E+000         1.6044844284E+000         
2019-09-12                13:44:45.144              254.23941139              6101.745873               255.23941139              1568295885.144            0                         963                       1.0000000000E+000         3.0000000000E+000         0.0000000000E+000         4.6753501106E+001         4.7531693988E+001         9.4651462466E+002         6.1780886702E+002         1.2888441786E+000         1.6044844284E+000         
2019-09-12                13:45:36.351              254.24000406              6101.760098               255.24000406              1568295936.351            0                         963                       1.0000000000E+000         3.0000000000E+000         0.0000000000E+000         4.6753501106E+001         4.7531693988E+001         1.0093152830E+003         9.6577428844E+002         1.2888441786E+000         1.6044844284E+000         
2019-09-12                13:46:26.460              254.24058404              6101.774017               255.24058404              1568295986.461            0                         963                       1.0000000000E+000         3.0000000000E+000         0.0000000000E+000         4.6753501106E+001         4.7531693988E+001         6.4862640758E+002         1.0298528135E+003         1.2888441786E+000         1.6044844284E+000         
2019-09-12                13:47:14.796              254.24114347              6101.787443               255.24114347              1568296034.796            0                         963                       1.0000000000E+000         4.0000000000E+000         0.0000000000E+000         4.6753501106E+001         4.7531693988E+001         1.5829850881E+003         6.6182464689E+002         1.2888441786E+000         1.6044844284E+000         
2019-09-12                13:48:05.986              254.24173596              6101.801663               255.24173596              1568296085.987            0                         963                       1.0000000000E+000         4.0000000000E+000         0.0000000000E+000         4.6753501106E+001         4.7531693988E+001         1.6987741273E+003         1.6151956422E+003         1.2888441786E+000         1.6044844284E+000         
2019-09-12                13:48:57.211              254.24232884              6101.815892               255.24232884              1568296137.212            0                         963                       1.0000000000E+000         4.0000000000E+000         0.0000000000E+000         4.6753501106E+001         4.7531693988E+001         7.5188808143E+002         1.7333407549E+003         1.2888441786E+000         1.6044844284E+000         
2019-09-12                13:49:47.316              254.24290876              6101.829810               255.24290876              1568296187.317            0                         963                       1.0000000000E+000         5.0000000000E+000         0.0000000000E+000         4.6753501106E+001         4.7531693988E+001         1.3717166540E+003         7.6718748756E+002         1.2888441786E+000         1.6044844284E+000         
2019-09-12                13:50:37.529              254.24348993              6101.843758               255.24348993              1568296237.530            0                         963                       1.0000000000E+000         5.0000000000E+000         0.0000000000E+000         4.6753501106E+001         4.7531693988E+001         1.4430541253E+003         1.3996283216E+003         1.2888441786E+000         1.6044844284E+000         
2019-09-12                13:51:28.721              254.24408243              6101.857978               255.24408243              1568296288.722            0                         963                       1.0000000000E+000         5.0000000000E+000         0.0000000000E+000         4.6753501106E+001         4.7531693988E+001         7.2851085045E+002         1.4724173665E+003         1.2888441786E+000         1.6044844284E+000         
2019-09-12                13:52:19.907              254.24467485              6101.872196               255.24467485              1568296339.907            0                         963                       1.0000000000E+000         6.0000000000E+000         0.0000000000E+000         4.6753501106E+001         4.7531693988E+001         1.2485770285E+003         7.4333457707E+002         1.2888441786E+000         1.6044844284E+000         
2019-09-12                13:53:08.065              254.24523225              6101.885574               255.24523225              1568296388.066            0                         963                       1.0000000000E+000         6.0000000000E+000         0.0000000000E+000         4.6753501106E+001         4.7531693988E+001         1.2994014176E+003         1.2739830531E+003         1.2888441786E+000         1.6044844284E+000         
2019-09-12                13:53:57.391              254.24580315              6101.899276               255.24580315              1568296437.392            0                         963                       1.0000000000E+000         6.0000000000E+000         0.0000000000E+000         4.6753501106E+001         4.7531693988E+001         6.8731322238E+002         1.3258416160E+003         1.2888441786E+000         1.6044844284E+000         
2019-09-12                13:54:48.576              254.24639557              6101.913494               255.24639557              1568296488.577            0                         963                       1.0000000000E+000         7.0000000000E+000         0.0000000000E+000         4.6753501106E+001         4.7531693988E+001         1.0557652077E+003         7.0129866035E+002         1.2888441786E+000         1.6044844284E+000         
2019-09-12                13:55:39.770              254.24698809              6101.927714               255.24698809              1568296539.771            0                         963                       1.0000000000E+000         7.0000000000E+000         0.0000000000E+000         4.6753501106E+001         4.7531693988E+001         1.1052482032E+003         1.0772479005E+003         1.2888441786E+000         1.6044844284E+000         
2019-09-12                13:56:29.854              254.24756775              6101.941626               255.24756775              1568296589.854            0                         963                       1.0000000000E+000         7.0000000000E+000         0.0000000000E+000         4.6753501106E+001         4.7531693988E+001         6.6936324431E+002         1.1277377752E+003         1.2888441786E+000         1.6044844284E+000         
2019-09-12                13:57:19.039              254.24813703              6101.955289               255.24813703              1568296639.039            0                         963                       1.0000000000E+000         8.0000000000E+000         0.0000000000E+000         4.6753501106E+001         4.7531693988E+001         1.1372329233E+003         6.8298343643E+002         1.2888441786E+000         1.6044844284E+000         
2019-09-12                13:58:08.305              254.24870725              6101.968974               255.24870725              1568296688.306            0                         963                       1.0000000000E+000         8.0000000000E+000         0.0000000000E+000         4.6753501106E+001         4.7531693988E+001         1.2594583800E+003         1.1603733198E+003         1.2888441786E+000         1.6044844284E+000         
2019-09-12                13:58:59.493              254.24929969              6101.983193               255.24929969              1568296739.493            0                         963                       1.0000000000E+000         8.0000000000E+000         0.0000000000E+000         4.6753501106E+001         4.7531693988E+001         7.3787435228E+002         1.2850858181E+003         1.2888441786E+000         1.6044844284E+000         
2019-09-12                13:59:48.615              254.24986824              6101.996838               255.24986824              1568296788.616            0                         963                       1.0000000000E+000         9.0000000000E+000         0.0000000000E+000         4.6753501106E+001         4.7531693988E+001         5.5299964409E+002         7.5288860728E+002         1.2888441786E+000         1.6044844284E+000         
2019-09-12                14:00:38.680              254.25044770              6102.010745               255.25044770              1568296838.681            0                         963                       1.0000000000E+000         9.0000000000E+000         0.0000000000E+000         4.6753501106E+001         4.7531693988E+001         4.7954412505E+002         5.6425207161E+002         1.2888441786E+000         1.6044844284E+000         
2019-09-12                14:01:29.865              254.25104010              6102.024963               255.25104010              1568296889.865            0                         963                       1.0000000000E+000         9.0000000000E+000         0.0000000000E+000         4.6753501106E+001         4.7531693988E+001         4.7897666035E+002         4.8930188090E+002         1.2888441786E+000         1.6044844284E+000         
2019-09-12                14:02:20.079              254.25162130              6102.038911               255.25162130              1568296940.080            0                         963                       1.0000000000E+000         1.0000000000E+001         0.0000000000E+000         4.6753501106E+001         4.7531693988E+001         4.7837426643E+002         4.8872286944E+002         1.2888441786E+000         1.6044844284E+000         
2019-09-12                14:03:09.219              254.25219003              6102.052561               255.25219003              1568296989.219            0                         963                       1.0000000000E+000         1.0000000000E+001         0.0000000000E+000         4.6753501106E+001         4.7531693988E+001         4.7779444347E+002         4.8810821802E+002         1.2888441786E+000         1.6044844284E+000         
2019-09-12                14:03:59.295              254.25276962              6102.066471               255.25276962              1568297039.295            0                         963                       1.0000000000E+000         1.0000000000E+001         0.0000000000E+000         4.6753501106E+001         4.7531693988E+001         4.7720586985E+002         4.8751659683E+002         1.2888441786E+000         1.6044844284E+000         
2019-09-12                14:04:50.469              254.25336191              6102.080686               255.25336191              1568297090.469            0                         963                       1.0000000000E+000         1.1000000000E+001         0.0000000000E+000         4.6753501106E+001         4.7531693988E+001         4.7654159677E+002         4.8691604692E+002         1.2888441786E+000         1.6044844284E+000         
2019-09-12                14:05:40.651              254.25394272              6102.094625               255.25394272              1568297140.651            0                         963                       1.0000000000E+000         1.1000000000E+001         0.0000000000E+000         4.6753501106E+001         4.7531693988E+001         4.7585441454E+002         4.8623825723E+002         1.2888441786E+000         1.6044844284E+000         
2019-09-12                14:06:29.782              254.25451138              6102.108273               255.25451138              1568297189.783            0                         963                       1.0000000000E+000         1.1000000000E+001         0.0000000000E+000         4.6753501106E+001         4.7531693988E+001         4.7515305467E+002         4.8553709222E+002         1.2888441786E+000         1.6044844284E+000         
2019-09-12                14:07:19.887              254.25509128              6102.122191               255.25509128              1568297239.887            0                         963                       1.0000000000E+000         1.2000000000E+001         0.0000000000E+000         4.6753501106E+001         4.7531693988E+001         4.7435802695E+002         4.8482146110E+002         1.2888441786E+000         1.6044844284E+000         
2019-09-12                14:08:11.051              254.25568346              6102.136403               255.25568346              1568297291.051            0                         963                       1.0000000000E+000         1.2000000000E+001         0.0000000000E+000         4.6753501106E+001         4.7531693988E+001         4.7357871190E+002         4.8401025616E+002         1.2888441786E+000         1.6044844284E+000         
2019-09-12                14:09:01.259              254.25626458              6102.150350               255.25626458              1568297341.260            0                         963                       1.0000000000E+000         1.2000000000E+001         0.0000000000E+000         4.6753501106E+001         4.7531693988E+001         4.7284940676E+002         4.8321508363E+002         1.2888441786E+000         1.6044844284E+000         
2019-09-12                14:09:50.355              254.25683281              6102.163988               255.25683281              1568297390.355            0                         963                       1.0000000000E+000         1.3000000000E+001         0.0000000000E+000         4.6753501106E+001         4.7531693988E+001         4.7218726125E+002         4.8247093859E+002         1.2888441786E+000         1.6044844284E+000         
2019-09-12                14:10:40.453              254.25741265              6102.177904               255.25741265              1568297440.453            0                         963                       1.0000000000E+000         1.3000000000E+001         0.0000000000E+000         4.6753501106E+001         4.7531693988E+001         4.7149536742E+002         4.8179531976E+002         1.2888441786E+000         1.6044844284E+000         
2019-09-12                14:11:30.634              254.25799345              6102.191843               255.25799345              1568297490.634            0                         963                       1.0000000000E+000         1.3000000000E+001         0.0000000000E+000         4.6753501106E+001         4.7531693988E+001         4.7069983752E+002         4.8108934728E+002         1.2888441786E+000         1.6044844284E+000         
2019-09-12                14:12:19.864              254.25856324              6102.205518               255.25856324              1568297539.864            0                         963                       1.0000000000E+000         1.4000000000E+001         0.0000000000E+000         4.6753501106E+001         4.7531693988E+001         4.7004175675E+002         4.8027762995E+002         1.2888441786E+000         1.6044844284E+000         
2019-09-12                14:13:08.969              254.25913159              6102.219158               255.25913159              1568297588.969            0                         963                       1.0000000000E+000         1.4000000000E+001         0.0000000000E+000         4.6753501106E+001         4.7531693988E+001         4.6933301540E+002         4.7960615857E+002         1.2888441786E+000         1.6044844284E+000         
2019-09-12                14:13:59.062              254.25971137              6102.233073               255.25971137              1568297639.062            0                         963                       1.0000000000E+000         1.4000000000E+001         0.0000000000E+000         4.6753501106E+001         4.7531693988E+001         4.6851890065E+002         4.7888299576E+002         1.2888441786E+000         1.6044844284E+000         
2019-09-12                14:14:49.269              254.26029248              6102.247019               255.26029248              1568297689.270            0                         963                       1.0000000000E+000         1.5000000000E+001         0.0000000000E+000         4.6753501106E+001         4.7531693988E+001         4.6774751992E+002         4.7805231542E+002         1.2888441786E+000         1.6044844284E+000         
2019-09-12                14:15:39.535              254.26087425              6102.260982               255.26087425              1568297739.535            0                         963                       1.0000000000E+000         1.5000000000E+001         0.0000000000E+000         4.6753501106E+001         4.7531693988E+001         4.6694696398E+002         4.7726523865E+002         1.2888441786E+000         1.6044844284E+000         
2019-09-12                14:16:28.782              254.26144425              6102.274662               255.26144425              1568297788.783            0                         963                       1.0000000000E+000         1.5000000000E+001         0.0000000000E+000         4.6753501106E+001         4.7531693988E+001         4.6618074991E+002         4.7644839300E+002         1.2888441786E+000         1.6044844284E+000         
2019-09-12                14:17:18.869              254.26202396              6102.288575               255.26202396              1568297838.870            0                         963                       1.0000000000E+000         1.6000000000E+001         0.0000000000E+000         4.6753501106E+001         4.7531693988E+001         4.6545309316E+002         4.7566658803E+002         1.2888441786E+000         1.6044844284E+000         
2019-09-12                14:18:09.213              254.26260663              6102.302559               255.26260663              1568297889.213            0                         963                       1.0000000000E+000         1.6000000000E+001         0.0000000000E+000         4.6753501106E+001         4.7531693988E+001         4.6476989209E+002         4.7492412493E+002         1.2888441786E+000         1.6044844284E+000         
2019-09-12                14:19:00.410              254.26319919              6102.316781               255.26319919              1568297940.410            0                         963                       1.0000000000E+000         1.6000000000E+001         0.0000000000E+000         4.6753501106E+001         4.7531693988E+001         4.6414597367E+002         4.7422702209E+002         1.2888441786E+000         1.6044844284E+000         
2019-09-12                14:19:50.486              254.26377877              6102.330691               255.26377877              1568297990.486            0                         963                       1.0000000000E+000         1.6000000000E+001         0.0000000000E+000         4.6753501106E+001         4.7531693988E+001         4.6353665547E+002         4.7359040819E+002         1.2888441786E+000         1.6044844284E+000         
2019-09-12                14:20:39.608              254.26434733              6102.344336               255.26434733              1568298039.609            0                         963                       1.0000000000E+000         1.6000000000E+001         0.0000000000E+000         4.6753501106E+001         4.7531693988E+001         4.6293814739E+002         4.7296869159E+002         1.2888441786E+000         1.6044844284E+000         
2019-09-12                14:21:30.767              254.26493944              6102.358547               255.26493944              1568298090.768            0                         963                       1.0000000000E+000         1.6000000000E+001         0.0000000000E+000         4.6753501106E+001         4.7531693988E+001         4.6231661507E+002         4.7235800508E+002         1.2888441786E+000         1.6044844284E+000         
2019-09-12                14:22:21.980              254.26553218              6102.372772               255.26553218              1568298141.980            0                         963                       1.0000000000E+000         1.6000000000E+001         0.0000000000E+000         4.6753501106E+001         4.7531693988E+001         4.6170086667E+002         4.7172382584E+002         1.2888441786E+000         1.6044844284E+000         
2019-09-12                14:23:12.062              254.26611184              6102.386684               255.26611184              1568298192.063            0                         963                       1.0000000000E+000         1.6000000000E+001         0.0000000000E+000         4.6753501106E+001         4.7531693988E+001         4.6112789698E+002         4.7109554819E+002         1.2888441786E+000         1.6044844284E+000         
2019-09-12                14:24:01.177              254.26668029              6102.400327               255.26668029              1568298241.177            0                         963                       1.0000000000E+000         1.6000000000E+001         0.0000000000E+000         4.6753501106E+001         4.7531693988E+001         4.6056843774E+002         4.7051091973E+002         1.2888441786E+000         1.6044844284E+000         
2019-09-12                14:24:52.381              254.26727294              6102.414551               255.26727294              1568298292.382            0                         963                       1.0000000000E+000         1.6000000000E+001         0.0000000000E+000         4.6753501106E+001         4.7531693988E+001         4.6000015238E+002         4.6994007662E+002         1.2888441786E+000         1.6044844284E+000         
2019-09-12                14:25:43.566              254.26786536              6102.428769               255.26786536              1568298343.567            0                         963                       1.0000000000E+000         1.6000000000E+001         0.0000000000E+000         4.6753501106E+001         4.7531693988E+001         4.5948993035E+002         4.6936022780E+002         1.2888441786E+000         1.6044844284E+000         
2019-09-12                14:26:33.654              254.26844508              6102.442682               255.26844508              1568298393.655            0                         963                       1.0000000000E+000         1.6000000000E+001         0.0000000000E+000         4.6753501106E+001         4.7531693988E+001         4.5899497048E+002         4.6883962378E+002         1.2888441786E+000         1.6044844284E+000         
2019-09-12                14:27:22.796              254.26901385              6102.456332               255.26901385              1568298442.797            0                         963                       1.0000000000E+000         1.0000000000E+000         0.0000000000E+000         4.6753501106E+001         4.7531693988E+001         8.7450662882E+002         4.6833459248E+002         1.2888441786E+000         1.6044844284E+000         
2019-09-12                14:28:11.953              254.26958279              6102.469987               255.26958279              1568298491.953            0                         963                       1.0000000000E+000         1.0000000000E+000         0.0000000000E+000         4.6753501106E+001         4.7531693988E+001         9.9520494243E+002         8.9230107510E+002         1.2888441786E+000         1.6044844284E+000         
2019-09-12                14:29:02.066              254.27016281              6102.483907               255.27016281              1568298542.067            0                         963                       1.0000000000E+000         1.6000000000E+001         0.0000000000E+000         4.6753501106E+001         4.7531693988E+001         6.4689995818E+002         1.0154553560E+003         1.2888441786E+000         1.6044844284E+000         
2019-09-12                14:29:50.338              254.27072152              6102.497316               255.27072152              1568298590.339            0                         963                       1.0000000000E+000         2.0000000000E+000         0.0000000000E+000         4.6753501106E+001         4.7531693988E+001         6.9593012716E+002         6.6006306772E+002         1.2888441786E+000         1.6044844284E+000         
2019-09-12                14:30:40.448              254.27130149              6102.511236               255.27130149              1568298640.449            0                         963                       1.0000000000E+000         2.0000000000E+000         0.0000000000E+000         4.6753501106E+001         4.7531693988E+001         6.9282030278E+002         7.1009090177E+002         1.2888441786E+000         1.6044844284E+000         
2019-09-12                14:31:30.673              254.27188279              6102.525187               255.27188279              1568298690.673            0                         963                       1.0000000000E+000         4.3463687151E+000         0.0000000000E+000         4.6753501106E+001         4.7531693988E+001         5.6519762751E+002         7.0691779874E+002         1.2888441786E+000         1.6044844284E+000         
2019-09-12                14:32:20.871              254.27246378              6102.539131               255.27246378              1568298740.871            0                         963                       1.0000000000E+000         3.0000000000E+000         0.0000000000E+000         4.6753501106E+001         4.7531693988E+001         8.9653355478E+002         5.7669825940E+002         1.2888441786E+000         1.6044844284E+000         
