DATE                      TIME                      FRAC_DAYS_SINCE_JAN1      FRAC_HRS_SINCE_JAN1       JULIAN_DAYS               EPOCH_TIME                ALARM_STATUS              INST_STATUS               species                   MPVPosition               solenoid_valves           CH4                       CH4_dry                   CO2                       CO2_dry                   H2O                       h2o_reported              
2019-09-12                19:40:31.433              254.48647492              6107.675398               255.48647492              1568317231.433            0                         963                       1.0000000000E+000         1.2000000000E+001         0.0000000000E+000         4.0750185355E+001         4.1433024511E+001         4.6315700097E+002         4.7297915597E+002         1.2973939190E+000         1.6147266795E+000         
2019-09-12                19:41:21.665              254.48705632              6107.689352               255.48705632              1568317281.666            0                         963                       1.0000000000E+000         1.3000000000E+001         0.0000000000E+000         4.0750185355E+001         4.1433024511E+001         4.6289123380E+002         4.7264483726E+002         1.2973939190E+000         1.6147266795E+000         
2019-09-12                19:42:11.884              254.48763756              6107.703301               255.48763756              1568317331.885            0                         963                       1.0000000000E+000         1.3000000000E+001         0.0000000000E+000         4.0750185355E+001         4.1433024511E+001         4.6268357945E+002         4.7237362581E+002         1.2973939190E+000         1.6147266795E+000         
2019-09-12                19:43:01.042              254.48820650              6107.716956               255.48820650              1568317381.042            0                         963                       1.0000000000E+000         1.3000000000E+001         0.0000000000E+000         4.0750185355E+001         4.1433024511E+001         4.6257348895E+002         4.7216171764E+002         1.2973939190E+000         1.6147266795E+000         
2019-09-12                19:43:50.157              254.48877498              6107.730599               255.48877498              1568317430.158            0                         963                       1.0000000000E+000         1.4000000000E+001         0.0000000000E+000         4.0750185355E+001         4.1433024511E+001         4.6261368535E+002         4.7204937192E+002         1.2973939190E+000         1.6147266795E+000         
2019-09-12                19:44:41.387              254.48936791              6107.744830               255.48936791              1568317481.387            0                         963                       1.0000000000E+000         1.4000000000E+001         0.0000000000E+000         4.0750185355E+001         4.1433024511E+001         4.6270666917E+002         4.7209039174E+002         1.2973939190E+000         1.6147266795E+000         
2019-09-12                19:45:32.582              254.48996044              6107.759051               255.48996044              1568317532.582            0                         963                       1.0000000000E+000         1.4000000000E+001         0.0000000000E+000         4.0750185355E+001         4.1433024511E+001         4.6284449215E+002         4.7218528035E+002         1.2973939190E+000         1.6147266795E+000         
2019-09-12                19:46:22.674              254.49054022              6107.772965               255.49054022              1568317582.675            0                         963                       1.0000000000E+000         1.5000000000E+001         0.0000000000E+000         4.0750185355E+001         4.1433024511E+001         4.6300252391E+002         4.7232592665E+002         1.2973939190E+000         1.6147266795E+000         
2019-09-12                19:46:29.503              254.49061926              6107.774862               255.49061926              1568317589.504            0                         963                       3.0000000000E+000         1.5000000000E+001         0.0000000000E+000         4.0750185355E+001         4.1432519101E+001         4.6300252391E+002         4.7248017103E+002         1.2955026473E+000         1.6124614327E+000         
2019-09-12                19:47:03.035              254.49100735              6107.784176               255.49100735              1568317623.035            0                         963                       1.0000000000E+000         1.5000000000E+001         0.0000000000E+000         4.0750185355E+001         4.1432519101E+001         4.6310659670E+002         4.7248017103E+002         1.2955026473E+000         1.6124614327E+000         
2019-09-12                19:47:53.290              254.49158902              6107.798136               255.49158902              1568317673.291            0                         963                       1.0000000000E+000         1.5000000000E+001         0.0000000000E+000         4.0750185355E+001         4.1432013729E+001         4.6320721124E+002         4.7257934847E+002         1.2955026473E+000         1.6124614327E+000         
2019-09-12                19:48:43.509              254.49217025              6107.812086               255.49217025              1568317723.510            0                         963                       1.0000000000E+000         1.6000000000E+001         0.0000000000E+000         4.0750185355E+001         4.1432013729E+001         4.6324837369E+002         4.7268202107E+002         1.2955026473E+000         1.6124614327E+000         
2019-09-12                19:49:33.617              254.49275020              6107.826005               255.49275020              1568317773.617            0                         963                       1.0000000000E+000         1.6000000000E+001         0.0000000000E+000         4.0750185355E+001         4.1432013729E+001         4.6320717497E+002         4.7272402549E+002         1.2955026473E+000         1.6124614327E+000         
2019-09-12                19:50:23.710              254.49332999              6107.839920               255.49332999              1568317823.711            0                         963                       1.0000000000E+000         1.6000000000E+001         0.0000000000E+000         4.0750185355E+001         4.1432013729E+001         4.6316158844E+002         4.7268198405E+002         1.2955026473E+000         1.6124614327E+000         
2019-09-12                19:51:14.914              254.49392262              6107.854143               255.49392262              1568317874.914            0                         963                       1.0000000000E+000         1.6000000000E+001         0.0000000000E+000         4.0750185355E+001         4.1432013729E+001         4.6311664826E+002         4.7263546506E+002         1.2955026473E+000         1.6124614327E+000         
2019-09-12                19:52:06.104              254.49451509              6107.868362               255.49451509              1568317926.104            0                         963                       1.0000000000E+000         1.6000000000E+001         0.0000000000E+000         4.0750185355E+001         4.1432013729E+001         4.6304468920E+002         4.7258960564E+002         1.2955026473E+000         1.6124614327E+000         
2019-09-12                19:52:56.401              254.49509725              6107.882334               255.49509725              1568317976.402            0                         963                       1.0000000000E+000         1.6000000000E+001         0.0000000000E+000         4.0750185355E+001         4.1432013729E+001         4.6295097146E+002         4.7251617467E+002         1.2955026473E+000         1.6124614327E+000         
2019-09-12                19:53:46.467              254.49567670              6107.896241               255.49567670              1568318026.467            0                         963                       1.0000000000E+000         1.6000000000E+001         0.0000000000E+000         4.0750185355E+001         4.1432013729E+001         4.6289405687E+002         4.7242053995E+002         1.2955026473E+000         1.6124614327E+000         
2019-09-12                19:54:36.799              254.49625925              6107.910222               255.49625925              1568318076.799            0                         963                       1.0000000000E+000         1.6000000000E+001         0.0000000000E+000         4.0750185355E+001         4.1432013729E+001         4.6274297520E+002         4.7236246118E+002         1.2955026473E+000         1.6124614327E+000         
2019-09-12                19:55:27.983              254.49685166              6107.924440               255.49685166              1568318127.983            0                         963                       1.0000000000E+000         1.6000000000E+001         0.0000000000E+000         4.0750185355E+001         4.1432013729E+001         4.6250769150E+002         4.7220828917E+002         1.2955026473E+000         1.6124614327E+000         
2019-09-12                19:56:18.105              254.49743177              6107.938363               255.49743177              1568318178.105            0                         963                       1.0000000000E+000         1.6000000000E+001         0.0000000000E+000         4.0750185355E+001         4.1432013729E+001         4.6244393568E+002         4.7196819278E+002         1.2955026473E+000         1.6124614327E+000         
2019-09-12                19:57:07.367              254.49800193              6107.952046               255.49800193              1568318227.367            0                         963                       1.0000000000E+000         1.6000000000E+001         0.0000000000E+000         4.0750185355E+001         4.1432013729E+001         4.6243249835E+002         4.7190313286E+002         1.2955026473E+000         1.6124614327E+000         
2019-09-12                19:57:58.552              254.49859436              6107.966265               255.49859436              1568318278.553            0                         963                       1.0000000000E+000         1.6000000000E+001         0.0000000000E+000         4.0750185355E+001         4.1432013729E+001         4.6226292239E+002         4.7189146158E+002         1.2955026473E+000         1.6124614327E+000         
2019-09-12                19:58:49.778              254.49918725              6107.980494               255.49918725              1568318329.778            0                         963                       1.0000000000E+000         1.0000000000E+000         0.0000000000E+000         4.0750185355E+001         4.1432013729E+001         1.0152711674E+003         4.7171841698E+002         1.2955026473E+000         1.6124614327E+000         
2019-09-12                19:59:39.996              254.49976848              6107.994444               255.49976848              1568318379.997            0                         963                       1.0000000000E+000         1.0000000000E+000         0.0000000000E+000         4.0750185355E+001         4.1432013729E+001         1.1493745495E+003         1.0360383338E+003         1.2955026473E+000         1.6124614327E+000         
2019-09-12                20:00:30.089              254.50034826              6108.008358               255.50034826              1568318430.090            0                         963                       1.0000000000E+000         1.0000000000E+000         0.0000000000E+000         4.0750185355E+001         4.1432013729E+001         6.6635135252E+002         1.1728847735E+003         1.2955026473E+000         1.6124614327E+000         
2019-09-12                20:01:21.405              254.50094220              6108.022613               255.50094220              1568318481.406            0                         963                       1.0000000000E+000         2.0000000000E+000         0.0000000000E+000         4.0750185355E+001         4.1432013729E+001         7.3950947424E+002         6.7998143467E+002         1.2955026473E+000         1.6124614327E+000         
2019-09-12                20:02:11.573              254.50152285              6108.036548               255.50152285              1568318531.574            0                         963                       1.0000000000E+000         2.0000000000E+000         0.0000000000E+000         4.0750185355E+001         4.1432013729E+001         7.3699905481E+002         7.5463599097E+002         1.2955026473E+000         1.6124614327E+000         
2019-09-12                20:03:01.661              254.50210257              6108.050462               255.50210257              1568318581.662            0                         963                       1.0000000000E+000         2.0000000000E+000         0.0000000000E+000         4.0750185355E+001         4.1432013729E+001         5.7303951360E+002         7.5207422142E+002         1.2955026473E+000         1.6124614327E+000         
2019-09-12                20:03:50.805              254.50267135              6108.064113               255.50267135              1568318630.805            0                         963                       1.0000000000E+000         3.0000000000E+000         0.0000000000E+000         4.0750185355E+001         4.1432013729E+001         9.9746373163E+002         5.8476092096E+002         1.2955026473E+000         1.6124614327E+000         
2019-09-12                20:04:41.072              254.50325316              6108.078076               255.50325316              1568318681.073            0                         963                       1.0000000000E+000         3.0000000000E+000         0.0000000000E+000         4.0750185355E+001         4.1432013729E+001         1.0494436740E+003         1.0178666505E+003         1.2955026473E+000         1.6124614327E+000         
2019-09-12                20:05:31.351              254.50383508              6108.092042               255.50383508              1568318731.351            0                         963                       1.0000000000E+000         3.0000000000E+000         0.0000000000E+000         4.0750185355E+001         4.1432013729E+001         6.1097748212E+002         1.0709098321E+003         1.2955026473E+000         1.6124614327E+000         
2019-09-12                20:06:21.509              254.50441561              6108.105975               255.50441561              1568318781.509            0                         963                       1.0000000000E+000         4.0000000000E+000         0.0000000000E+000         4.0750185355E+001         4.1432013729E+001         1.4604513032E+003         6.2347490295E+002         1.2955026473E+000         1.6124614327E+000         
2019-09-12                20:07:09.654              254.50497286              6108.119349               255.50497286              1568318829.655            0                         963                       1.0000000000E+000         4.0000000000E+000         0.0000000000E+000         4.0750185355E+001         4.1432013729E+001         1.5571337921E+003         1.4903245392E+003         1.2955026473E+000         1.6124614327E+000         
2019-09-12                20:07:59.871              254.50555407              6108.133298               255.50555407              1568318879.872            0                         963                       1.0000000000E+000         4.0000000000E+000         0.0000000000E+000         4.0750185355E+001         4.1432013729E+001         7.0313569179E+002         1.5889846489E+003         1.2955026473E+000         1.6124614327E+000         
2019-09-12                20:08:50.160              254.50613611              6108.147267               255.50613611              1568318930.160            0                         963                       1.0000000000E+000         5.0000000000E+000         0.0000000000E+000         4.0750185355E+001         4.1432013729E+001         1.2980044099E+003         7.1751819015E+002         1.2955026473E+000         1.6124614327E+000         
2019-09-12                20:09:40.290              254.50671633              6108.161192               255.50671633              1568318980.291            0                         963                       1.0000000000E+000         5.0000000000E+000         0.0000000000E+000         4.0750185355E+001         4.1432013729E+001         1.3535850820E+003         1.3245548276E+003         1.2955026473E+000         1.6124614327E+000         
2019-09-12                20:10:30.615              254.50729880              6108.175171               255.50729880              1568319030.616            0                         963                       1.0000000000E+000         5.0000000000E+000         0.0000000000E+000         4.0750185355E+001         4.1432013729E+001         6.8094621716E+002         1.3812723911E+003         1.2955026473E+000         1.6124614327E+000         
2019-09-12                20:11:21.799              254.50789120              6108.189389               255.50789120              1568319081.800            0                         963                       1.0000000000E+000         6.0000000000E+000         0.0000000000E+000         4.0750185355E+001         4.1432013729E+001         1.0863008649E+003         6.9487483432E+002         1.2955026473E+000         1.6124614327E+000         
2019-09-12                20:12:12.990              254.50848369              6108.203609               255.50848369              1568319132.991            0                         963                       1.0000000000E+000         6.0000000000E+000         0.0000000000E+000         4.0750185355E+001         4.1432013729E+001         1.1238192893E+003         1.1085209294E+003         1.2955026473E+000         1.6124614327E+000         
2019-09-12                20:13:03.107              254.50906374              6108.217530               255.50906374              1568319183.107            0                         963                       1.0000000000E+000         6.0000000000E+000         0.0000000000E+000         4.0750185355E+001         4.1432013729E+001         6.4093844913E+002         1.1468067855E+003         1.2955026473E+000         1.6124614327E+000         
2019-09-12                20:13:53.299              254.50964466              6108.231472               255.50964466              1568319233.299            0                         963                       1.0000000000E+000         7.0000000000E+000         0.0000000000E+000         4.0750185355E+001         4.1432013729E+001         9.4011570444E+002         6.5404871548E+002         1.2955026473E+000         1.6124614327E+000         
2019-09-12                20:14:42.517              254.51021433              6108.245144               255.51021433              1568319282.518            0                         963                       1.0000000000E+000         7.0000000000E+000         0.0000000000E+000         4.0750185355E+001         4.1432013729E+001         9.8518956289E+002         9.5934558104E+002         1.2955026473E+000         1.6124614327E+000         
2019-09-12                20:15:33.717              254.51080691              6108.259366               255.51080691              1568319333.717            0                         963                       1.0000000000E+000         7.0000000000E+000         0.0000000000E+000         4.0750185355E+001         4.1432013729E+001         6.3311045232E+002         1.0053414161E+003         1.2955026473E+000         1.6124614327E+000         
2019-09-12                20:16:23.848              254.51138714              6108.273291               255.51138714              1568319383.849            0                         963                       1.0000000000E+000         8.0000000000E+000         0.0000000000E+000         4.0750185355E+001         4.1432013729E+001         1.0237777919E+003         6.4606059858E+002         1.2955026473E+000         1.6124614327E+000         
2019-09-12                20:17:13.028              254.51195634              6108.286952               255.51195634              1568319433.028            0                         963                       1.0000000000E+000         8.0000000000E+000         0.0000000000E+000         4.0750185355E+001         4.1432013729E+001         1.1233425954E+003         1.0447189596E+003         1.2955026473E+000         1.6124614327E+000         
2019-09-12                20:18:04.247              254.51254917              6108.301180               255.51254917              1568319484.248            0                         963                       1.0000000000E+000         1.6000000000E+001         0.0000000000E+000         4.0750185355E+001         4.1432013729E+001         6.8307916417E+002         1.1463203410E+003         1.2955026473E+000         1.6124614327E+000         
2019-09-12                20:18:54.426              254.51312993              6108.315118               255.51312993              1568319534.426            0                         963                       1.0000000000E+000         9.0000000000E+000         0.0000000000E+000         4.0750185355E+001         4.1432013729E+001         5.2552160501E+002         6.9705141033E+002         1.2955026473E+000         1.6124614327E+000         
2019-09-12                20:19:44.512              254.51370963              6108.329031               255.51370963              1568319584.512            0                         963                       1.0000000000E+000         9.0000000000E+000         0.0000000000E+000         4.0750185355E+001         4.1432013729E+001         4.6037624277E+002         5.3627104316E+002         1.2955026473E+000         1.6124614327E+000         
2019-09-12                20:20:34.628              254.51428968              6108.342952               255.51428968              1568319634.628            0                         963                       1.0000000000E+000         1.6000000000E+001         0.0000000000E+000         4.0750185355E+001         4.1432013729E+001         4.6045686074E+002         4.6979314570E+002         1.2955026473E+000         1.6124614327E+000         
2019-09-12                20:21:25.786              254.51488178              6108.357163               255.51488178              1568319685.786            0                         963                       1.0000000000E+000         1.0000000000E+001         0.0000000000E+000         4.0750185355E+001         4.1432013729E+001         4.6061808994E+002         4.6987541270E+002         1.2955026473E+000         1.6124614327E+000         
2019-09-12                20:22:16.924              254.51547367              6108.371368               255.51547367              1568319736.925            0                         963                       1.0000000000E+000         1.0000000000E+001         0.0000000000E+000         4.0750185355E+001         4.1432013729E+001         4.6082246109E+002         4.7003993981E+002         1.2955026473E+000         1.6124614327E+000         
2019-09-12                20:23:07.019              254.51605346              6108.385283               255.51605346              1568319787.019            0                         963                       1.0000000000E+000         1.6000000000E+001         0.0000000000E+000         4.0750185355E+001         4.1432013729E+001         4.6173347256E+002         4.7024849133E+002         1.2955026473E+000         1.6124614327E+000         
2019-09-12                20:23:57.099              254.51663310              6108.399194               255.51663310              1568319837.100            0                         963                       1.0000000000E+000         1.1000000000E+001         0.0000000000E+000         4.0750185355E+001         4.1432013729E+001         4.6197275066E+002         4.7117813736E+002         1.2955026473E+000         1.6124614327E+000         
2019-09-12                20:24:47.326              254.51721443              6108.413146               255.51721443              1568319887.327            0                         963                       1.0000000000E+000         1.1000000000E+001         0.0000000000E+000         4.0750185355E+001         4.1432013729E+001         4.6151929991E+002         4.7142230984E+002         1.2955026473E+000         1.6124614327E+000         
2019-09-12                20:25:38.510              254.51780684              6108.427364               255.51780684              1568319938.511            0                         963                       1.0000000000E+000         1.6000000000E+001         0.0000000000E+000         4.0750185355E+001         4.1432013729E+001         4.6183780143E+002         4.7095958385E+002         1.2955026473E+000         1.6124614327E+000         
2019-09-12                20:26:28.615              254.51838675              6108.441282               255.51838675              1568319988.615            0                         963                       1.0000000000E+000         1.2000000000E+001         0.0000000000E+000         4.0750185355E+001         4.1432013729E+001         4.6216611509E+002         4.7128460025E+002         1.2955026473E+000         1.6124614327E+000         
2019-09-12                20:27:17.803              254.51895606              6108.454946               255.51895606              1568320037.804            0                         963                       1.0000000000E+000         1.2000000000E+001         0.0000000000E+000         4.0750185355E+001         4.1432013729E+001         4.6245957683E+002         4.7161962950E+002         1.2955026473E+000         1.6124614327E+000         
2019-09-12                20:28:08.029              254.51953738              6108.468897               255.51953738              1568320088.030            0                         963                       1.0000000000E+000         1.6000000000E+001         0.0000000000E+000         4.0750185355E+001         4.1432013729E+001         4.6275055893E+002         4.7191909394E+002         1.2955026473E+000         1.6124614327E+000         
2019-09-12                20:28:59.213              254.52012979              6108.483115               255.52012979              1568320139.214            0                         963                       1.0000000000E+000         1.3000000000E+001         0.0000000000E+000         4.0750185355E+001         4.1432013729E+001         4.6296687317E+002         4.7221602803E+002         1.2955026473E+000         1.6124614327E+000         
2019-09-12                20:29:49.296              254.52070946              6108.497027               255.52070946              1568320189.297            0                         963                       1.0000000000E+000         1.3000000000E+001         0.0000000000E+000         4.0750185355E+001         4.1432013729E+001         4.6311920656E+002         4.7243676693E+002         1.2955026473E+000         1.6124614327E+000         
2019-09-12                20:30:38.529              254.52127927              6108.510703               255.52127927              1568320238.529            0                         963                       1.0000000000E+000         1.6000000000E+001         0.0000000000E+000         4.0750185355E+001         4.1432013729E+001         4.6327711793E+002         4.7259221627E+002         1.2955026473E+000         1.6124614327E+000         
2019-09-12                20:31:29.729              254.52187186              6108.524925               255.52187186              1568320289.729            0                         963                       1.0000000000E+000         1.4000000000E+001         0.0000000000E+000         4.0750185355E+001         4.1432013729E+001         4.6339908413E+002         4.7275335768E+002         1.2955026473E+000         1.6124614327E+000         
2019-09-12                20:32:20.928              254.52246446              6108.539147               255.52246446              1568320340.929            0                         963                       1.0000000000E+000         1.4000000000E+001         0.0000000000E+000         4.0750185355E+001         4.1432013729E+001         4.6348906884E+002         4.7287781868E+002         1.2955026473E+000         1.6124614327E+000         
2019-09-12                20:33:11.013              254.52304414              6108.553059               255.52304414              1568320391.014            0                         963                       1.0000000000E+000         1.6000000000E+001         0.0000000000E+000         4.0750185355E+001         4.1432013729E+001         4.6352520492E+002         4.7296964400E+002         1.2955026473E+000         1.6124614327E+000         
2019-09-12                20:34:01.101              254.52362385              6108.566973               255.52362385              1568320441.101            0                         963                       1.0000000000E+000         1.5000000000E+001         0.0000000000E+000         4.0750185355E+001         4.1432013729E+001         4.6348536431E+002         4.7300651924E+002         1.2955026473E+000         1.6124614327E+000         
2019-09-12                20:34:52.273              254.52421612              6108.581187               255.52421612              1568320492.273            0                         963                       1.0000000000E+000         1.5000000000E+001         0.0000000000E+000         4.0750185355E+001         4.1432013729E+001         4.6347269268E+002         4.7296586370E+002         1.2955026473E+000         1.6124614327E+000         
2019-09-12                20:35:42.471              254.52479713              6108.595131               255.52479713              1568320542.472            0                         963                       1.0000000000E+000         1.6000000000E+001         0.0000000000E+000         4.0750185355E+001         4.1432013729E+001         4.6345692293E+002         4.7295293288E+002         1.2955026473E+000         1.6124614327E+000         
2019-09-12                20:35:46.010              254.52483809              6108.596114               255.52483809              1568320546.011            0                         963                       3.0000000000E+000         1.6000000000E+001         0.0000000000E+000         4.0750185355E+001         4.1434206038E+001         4.6345692293E+002         4.7296734132E+002         1.3037074176E+000         1.6222868583E+000         
2019-09-12                20:36:18.867              254.52521837              6108.605241               255.52521837              1568320578.867            0                         963                       1.0000000000E+000         1.6000000000E+001         0.0000000000E+000         4.0750185355E+001         4.1434206038E+001         4.6339219145E+002         4.7296734132E+002         1.3037074176E+000         1.6222868583E+000         
2019-09-12                20:37:07.105              254.52577669              6108.618641               255.52577669              1568320627.106            0                         963                       1.0000000000E+000         1.6000000000E+001         0.0000000000E+000         4.0750185355E+001         4.1436399066E+001         4.6335295242E+002         4.7293178819E+002         1.3037074176E+000         1.6222868583E+000         
2019-09-12                20:37:58.305              254.52636927              6108.632863               255.52636927              1568320678.305            0                         963                       1.0000000000E+000         1.6000000000E+001         0.0000000000E+000         4.0750185355E+001         4.1436399066E+001         4.6328697408E+002         4.7289174137E+002         1.3037074176E+000         1.6222868583E+000         
2019-09-12                20:38:49.483              254.52696161              6108.647079               255.52696161              1568320729.483            0                         963                       1.0000000000E+000         1.6000000000E+001         0.0000000000E+000         4.0750185355E+001         4.1436399066E+001         4.6315832091E+002         4.7282440476E+002         1.3037074176E+000         1.6222868583E+000         
2019-09-12                20:39:38.637              254.52753052              6108.660733               255.52753052              1568320778.637            0                         963                       1.0000000000E+000         1.6000000000E+001         0.0000000000E+000         4.0750185355E+001         4.1436399066E+001         4.6299317804E+002         4.7269310308E+002         1.3037074176E+000         1.6222868583E+000         
2019-09-12                20:40:27.739              254.52809883              6108.674372               255.52809883              1568320827.739            0                         963                       1.0000000000E+000         1.6000000000E+001         0.0000000000E+000         4.0750185355E+001         4.1436399066E+001         4.6284079050E+002         4.7252456051E+002         1.3037074176E+000         1.6222868583E+000         
2019-09-12                20:41:18.924              254.52869125              6108.688590               255.52869125              1568320878.924            0                         963                       1.0000000000E+000         1.6000000000E+001         0.0000000000E+000         4.0750185355E+001         4.1436399066E+001         4.6265221480E+002         4.7236903585E+002         1.3037074176E+000         1.6222868583E+000         
