DATE                      TIME                      FRAC_DAYS_SINCE_JAN1      FRAC_HRS_SINCE_JAN1       JULIAN_DAYS               EPOCH_TIME                ALARM_STATUS              INST_STATUS               species                   MPVPosition               solenoid_valves           CH4                       CH4_dry                   CO2                       CO2_dry                   H2O                       h2o_reported              
2019-04-30                19:10:39.680              119.46573705              2867.177689               120.46573705              1556651439.681            0                         963                       1.0000000000E+000         0.0000000000E+000         0.0000000000E+000         1.9124071532E+001         1.9225225634E+001         4.5567525180E+002         4.5884584790E+002         4.1382594963E-001         5.2897856360E-001         
2019-04-30                19:11:28.907              119.46630679              2867.191363               120.46630679              1556651488.907            0                         963                       1.0000000000E+000         0.0000000000E+000         0.0000000000E+000         1.9124071532E+001         1.9225225634E+001         4.5545457573E+002         4.5862077407E+002         4.1382594963E-001         5.2897856360E-001         
2019-04-30                19:12:17.141              119.46686506              2867.204761               120.46686506              1556651537.141            0                         963                       1.0000000000E+000         0.0000000000E+000         0.0000000000E+000         1.9124071532E+001         1.9225225634E+001         4.5524264212E+002         4.5839867154E+002         4.1382594963E-001         5.2897856360E-001         
2019-04-30                19:13:06.365              119.46743479              2867.218435               120.46743479              1556651586.366            0                         963                       1.0000000000E+000         0.0000000000E+000         0.0000000000E+000         1.9124071532E+001         1.9225225634E+001         4.5500259341E+002         4.5818536797E+002         4.1382594963E-001         5.2897856360E-001         
2019-04-30                19:13:55.647              119.46800517              2867.232124               120.46800517              1556651635.647            0                         963                       1.0000000000E+000         0.0000000000E+000         0.0000000000E+000         1.9124071532E+001         1.9225225634E+001         4.5466173486E+002         4.5794376756E+002         4.1382594963E-001         5.2897856360E-001         
2019-04-30                19:14:44.826              119.46857439              2867.245785               120.46857439              1556651684.827            0                         963                       1.0000000000E+000         0.0000000000E+000         0.0000000000E+000         1.9124071532E+001         1.9225225634E+001         4.5424594842E+002         4.5760070568E+002         4.1382594963E-001         5.2897856360E-001         
2019-04-30                19:15:12.005              119.46888895              2867.253335               120.46888895              1556651712.005            0                         963                       2.0000000000E+000         0.0000000000E+000         0.0000000000E+000         2.0512157346E+001         1.9225225634E+001         4.5424594842E+002         4.5718223156E+002         4.1382594963E-001         5.2897856360E-001         
2019-04-30                19:15:32.128              119.46912186              2867.258925               120.46912186              1556651732.129            0                         963                       1.0000000000E+000         0.0000000000E+000         0.0000000000E+000         2.0512157346E+001         1.9225225634E+001         4.5381843033E+002         4.5718223156E+002         4.1382594963E-001         5.2897856360E-001         
2019-04-30                19:16:21.365              119.46969174              2867.272602               120.46969174              1556651781.366            0                         963                       1.0000000000E+000         0.0000000000E+000         0.0000000000E+000         2.0512157346E+001         2.0620653534E+001         4.5352979187E+002         4.5675194996E+002         4.1382594963E-001         5.2897856360E-001         
2019-04-30                19:17:10.605              119.47026164              2867.286279               120.47026164              1556651830.606            0                         963                       1.0000000000E+000         0.0000000000E+000         0.0000000000E+000         2.0512157346E+001         2.0620653534E+001         4.5317638334E+002         4.5646144571E+002         4.1382594963E-001         5.2897856360E-001         
2019-04-30                19:18:00.884              119.47084356              2867.300246               120.47084356              1556651880.884            0                         963                       1.0000000000E+000         0.0000000000E+000         0.0000000000E+000         2.0512157346E+001         2.0620653534E+001         4.5281908220E+002         4.5610575273E+002         4.1382594963E-001         5.2897856360E-001         
2019-04-30                19:18:49.279              119.47140370              2867.313689               120.47140370              1556651929.280            0                         963                       1.0000000000E+000         0.0000000000E+000         0.0000000000E+000         2.0512157346E+001         2.0620653534E+001         4.5254366850E+002         4.5574614196E+002         4.1382594963E-001         5.2897856360E-001         
2019-04-30                19:19:37.539              119.47196226              2867.327094               120.47196226              1556651977.539            0                         963                       1.0000000000E+000         0.0000000000E+000         0.0000000000E+000         2.0512157346E+001         2.0620653534E+001         4.5240217614E+002         4.5546894797E+002         4.1382594963E-001         5.2897856360E-001         
2019-04-30                19:20:26.779              119.47253216              2867.340772               120.47253216              1556652026.779            0                         963                       1.0000000000E+000         0.0000000000E+000         0.0000000000E+000         2.0512157346E+001         2.0620653534E+001         4.5231798251E+002         4.5532654098E+002         4.1382594963E-001         5.2897856360E-001         
2019-04-30                19:21:18.061              119.47312571              2867.355017               120.47312571              1556652078.061            0                         963                       1.0000000000E+000         0.0000000000E+000         0.0000000000E+000         2.0512157346E+001         2.0620653534E+001         4.5222743928E+002         4.5524180312E+002         4.1382594963E-001         5.2897856360E-001         
2019-04-30                19:21:46.052              119.47344968              2867.362792               120.47344968              1556652106.052            0                         963                       2.0000000000E+000         0.0000000000E+000         0.0000000000E+000         1.9820906021E+001         2.0620653534E+001         4.5222743928E+002         4.5515067462E+002         4.1382594963E-001         5.2897856360E-001         
2019-04-30                19:22:06.371              119.47368486              2867.368437               120.47368486              1556652126.372            0                         963                       1.0000000000E+000         0.0000000000E+000         0.0000000000E+000         1.9820906021E+001         2.0620653534E+001         4.5208934905E+002         4.5515067462E+002         4.1382594963E-001         5.2897856360E-001         
2019-04-30                19:22:55.602              119.47425466              2867.382112               120.47425466              1556652175.603            0                         963                       1.0000000000E+000         0.0000000000E+000         0.0000000000E+000         1.9820906021E+001         1.9925745932E+001         4.5202199823E+002         4.5501169176E+002         4.1382594963E-001         5.2897856360E-001         
2019-04-30                19:23:44.894              119.47482517              2867.395804               120.47482517              1556652224.895            0                         963                       1.0000000000E+000         0.0000000000E+000         0.0000000000E+000         1.9820906021E+001         1.9925745932E+001         4.5191369964E+002         4.5494390557E+002         4.1382594963E-001         5.2897856360E-001         
2019-04-30                19:24:34.171              119.47539550              2867.409492               120.47539550              1556652274.171            0                         963                       1.0000000000E+000         0.0000000000E+000         0.0000000000E+000         1.9820906021E+001         1.9925745932E+001         4.5178631580E+002         4.5483490693E+002         4.1382594963E-001         5.2897856360E-001         
2019-04-30                19:25:23.470              119.47596609              2867.423186               120.47596609              1556652323.470            0                         963                       1.0000000000E+000         0.0000000000E+000         0.0000000000E+000         1.9820906021E+001         1.9925745932E+001         4.5162269099E+002         4.5470669967E+002         4.1382594963E-001         5.2897856360E-001         
2019-04-30                19:26:12.703              119.47653593              2867.436862               120.47653593              1556652372.704            0                         963                       1.0000000000E+000         0.0000000000E+000         0.0000000000E+000         1.9820906021E+001         1.9925745932E+001         4.5160233580E+002         4.5454201718E+002         4.1382594963E-001         5.2897856360E-001         
2019-04-30                19:27:00.993              119.47709484              2867.450276               120.47709484              1556652420.994            0                         963                       1.0000000000E+000         0.0000000000E+000         0.0000000000E+000         1.9820906021E+001         1.9925745932E+001         4.5194186151E+002         4.5452153041E+002         4.1382594963E-001         5.2897856360E-001         
2019-04-30                19:27:50.302              119.47766554              2867.463973               120.47766554              1556652470.303            0                         963                       1.0000000000E+000         0.0000000000E+000         0.0000000000E+000         1.9820906021E+001         1.9925745932E+001         4.5237306534E+002         4.5486325084E+002         4.1382594963E-001         5.2897856360E-001         
2019-04-30                19:28:38.552              119.47822398              2867.477376               120.47822398              1556652518.552            0                         963                       1.0000000000E+000         0.0000000000E+000         0.0000000000E+000         1.9820906021E+001         1.9925745932E+001         4.5263502353E+002         4.5529724201E+002         4.1382594963E-001         5.2897856360E-001         
2019-04-30                19:29:27.780              119.47879376              2867.491050               120.47879376              1556652567.781            0                         963                       1.0000000000E+000         0.0000000000E+000         0.0000000000E+000         1.9820906021E+001         1.9925745932E+001         4.5281994299E+002         4.5556089352E+002         4.1382594963E-001         5.2897856360E-001         
2019-04-30                19:30:17.022              119.47936368              2867.504728               120.47936368              1556652617.022            0                         963                       1.0000000000E+000         0.0000000000E+000         0.0000000000E+000         1.9820906021E+001         1.9925745932E+001         4.5290856995E+002         4.5574700831E+002         4.1382594963E-001         5.2897856360E-001         
2019-04-30                19:31:06.364              119.47993477              2867.518434               120.47993477              1556652666.364            0                         963                       1.0000000000E+000         0.0000000000E+000         0.0000000000E+000         1.9820906021E+001         1.9925745932E+001         4.5290072306E+002         4.5583620817E+002         4.1382594963E-001         5.2897856360E-001         
2019-04-30                19:31:34.572              119.48026126              2867.526270               120.48026126              1556652694.573            0                         963                       2.0000000000E+000         0.0000000000E+000         0.0000000000E+000         1.9596100016E+001         1.9925745932E+001         4.5290072306E+002         4.5582831055E+002         4.1382594963E-001         5.2897856360E-001         
2019-04-30                19:31:54.700              119.48049421              2867.531861               120.48049421              1556652714.700            0                         963                       1.0000000000E+000         0.0000000000E+000         0.0000000000E+000         1.9596100016E+001         1.9925745932E+001         4.5291670606E+002         4.5582831055E+002         4.1382594963E-001         5.2897856360E-001         
2019-04-30                19:32:43.917              119.48106385              2867.545533               120.48106385              1556652763.917            0                         963                       1.0000000000E+000         0.0000000000E+000         0.0000000000E+000         1.9596100016E+001         1.9699750846E+001         4.5293189469E+002         4.5584439687E+002         4.1382594963E-001         5.2897856360E-001         
2019-04-30                19:33:33.155              119.48163375              2867.559210               120.48163375              1556652813.156            0                         963                       1.0000000000E+000         0.0000000000E+000         0.0000000000E+000         1.9596100016E+001         1.9699750846E+001         4.5293811640E+002         4.5585968368E+002         4.1382594963E-001         5.2897856360E-001         
2019-04-30                19:34:23.418              119.48221550              2867.573172               120.48221550              1556652863.419            0                         963                       1.0000000000E+000         0.0000000000E+000         0.0000000000E+000         1.9596100016E+001         1.9699750846E+001         4.5299517037E+002         4.5586594561E+002         4.1382594963E-001         5.2897856360E-001         
2019-04-30                19:35:12.677              119.48278562              2867.586855               120.48278562              1556652912.678            0                         963                       1.0000000000E+000         0.0000000000E+000         0.0000000000E+000         1.9596100016E+001         1.9699750846E+001         4.5303709807E+002         4.5592336838E+002         4.1382594963E-001         5.2897856360E-001         
2019-04-30                19:36:01.908              119.48335543              2867.600530               120.48335543              1556652961.909            0                         963                       1.0000000000E+000         0.0000000000E+000         0.0000000000E+000         1.9596100016E+001         1.9699750846E+001         4.5300894252E+002         4.5596556710E+002         4.1382594963E-001         5.2897856360E-001         
2019-04-30                19:36:50.165              119.48391396              2867.613935               120.48391396              1556653010.166            0                         963                       1.0000000000E+000         0.0000000000E+000         0.0000000000E+000         1.9596100016E+001         1.9699750846E+001         4.5294177953E+002         4.5593722956E+002         4.1382594963E-001         5.2897856360E-001         
2019-04-30                19:37:39.454              119.48448443              2867.627626               120.48448443              1556653059.455            0                         963                       1.0000000000E+000         0.0000000000E+000         0.0000000000E+000         1.9596100016E+001         1.9699750846E+001         4.5282873552E+002         4.5586963242E+002         4.1382594963E-001         5.2897856360E-001         
2019-04-30                19:38:28.717              119.48505461              2867.641311               120.48505461              1556653108.718            0                         963                       1.0000000000E+000         0.0000000000E+000         0.0000000000E+000         1.9596100016E+001         1.9699750846E+001         4.5274276770E+002         4.5575585767E+002         4.1382594963E-001         5.2897856360E-001         
2019-04-30                19:39:16.950              119.48561286              2867.654709               120.48561286              1556653156.951            0                         963                       1.0000000000E+000         0.0000000000E+000         0.0000000000E+000         1.9596100016E+001         1.9699750846E+001         4.5265999806E+002         4.5566933416E+002         4.1382594963E-001         5.2897856360E-001         
2019-04-30                19:40:06.148              119.48618228              2867.668375               120.48618228              1556653206.149            0                         963                       1.0000000000E+000         0.0000000000E+000         0.0000000000E+000         1.9596100016E+001         1.9699750846E+001         4.5252676566E+002         4.5558602949E+002         4.1382594963E-001         5.2897856360E-001         
2019-04-30                19:40:32.012              119.48648162              2867.675559               120.48648162              1556653232.012            0                         963                       2.0000000000E+000         0.0000000000E+000         0.0000000000E+000         2.0452857658E+001         1.9699750846E+001         4.5252676566E+002         4.5545193586E+002         4.1382594963E-001         5.2897856360E-001         
2019-04-30                19:40:52.450              119.48671817              2867.681236               120.48671817              1556653252.450            0                         963                       1.0000000000E+000         0.0000000000E+000         0.0000000000E+000         2.0452857658E+001         1.9699750846E+001         4.5241648985E+002         4.5545193586E+002         4.1382594963E-001         5.2897856360E-001         
2019-04-30                19:41:43.630              119.48731053              2867.695453               120.48731053              1556653303.630            0                         963                       1.0000000000E+000         0.0000000000E+000         0.0000000000E+000         2.0452857658E+001         2.0561040188E+001         4.5254083904E+002         4.5534094722E+002         4.1382594963E-001         5.2897856360E-001         
2019-04-30                19:42:33.875              119.48789207              2867.709410               120.48789207              1556653353.875            0                         963                       1.0000000000E+000         0.0000000000E+000         0.0000000000E+000         2.0452857658E+001         2.0561040188E+001         4.5247871038E+002         4.5546610021E+002         4.1382594963E-001         5.2897856360E-001         
2019-04-30                19:43:23.108              119.48846191              2867.723086               120.48846191              1556653403.109            0                         963                       1.0000000000E+000         0.0000000000E+000         0.0000000000E+000         2.0452857658E+001         2.0561040188E+001         4.5222651052E+002         4.5540356994E+002         4.1382594963E-001         5.2897856360E-001         
2019-04-30                19:44:13.464              119.48904473              2867.737074               120.48904473              1556653453.465            0                         963                       1.0000000000E+000         0.0000000000E+000         0.0000000000E+000         2.0452857658E+001         2.0561040188E+001         4.5204894594E+002         4.5514973985E+002         4.1382594963E-001         5.2897856360E-001         
2019-04-30                19:45:04.717              119.48963794              2867.751311               120.48963794              1556653504.718            0                         963                       1.0000000000E+000         0.0000000000E+000         0.0000000000E+000         2.0452857658E+001         2.0561040188E+001         4.5205030522E+002         4.5497102747E+002         4.1382594963E-001         5.2897856360E-001         
2019-04-30                19:45:54.038              119.49020877              2867.765011               120.49020877              1556653554.038            0                         963                       1.0000000000E+000         0.0000000000E+000         0.0000000000E+000         2.0452857658E+001         2.0561040188E+001         4.5195877871E+002         4.5497239555E+002         4.1382594963E-001         5.2897856360E-001         
2019-04-30                19:46:43.257              119.49077845              2867.778683               120.49077845              1556653603.258            0                         963                       1.0000000000E+000         0.0000000000E+000         0.0000000000E+000         2.0452857658E+001         2.0561040188E+001         4.5173373419E+002         4.5488027740E+002         4.1382594963E-001         5.2897856360E-001         
2019-04-30                19:47:33.500              119.49135995              2867.792639               120.49135995              1556653653.500            0                         963                       1.0000000000E+000         0.0000000000E+000         0.0000000000E+000         2.0452857658E+001         2.0561040188E+001         4.5152141874E+002         4.5465377817E+002         4.1382594963E-001         5.2897856360E-001         
2019-04-30                19:48:22.894              119.49193166              2867.806360               120.49193166              1556653702.895            0                         963                       1.0000000000E+000         0.0000000000E+000         0.0000000000E+000         2.0452857658E+001         2.0561040188E+001         4.5128358322E+002         4.5444009030E+002         4.1382594963E-001         5.2897856360E-001         
2019-04-30                19:49:11.168              119.49249038              2867.819769               120.49249038              1556653751.169            0                         963                       1.0000000000E+000         0.0000000000E+000         0.0000000000E+000         2.0452857658E+001         2.0561040188E+001         4.5106751656E+002         4.5420071738E+002         4.1382594963E-001         5.2897856360E-001         
2019-04-30                19:50:00.404              119.49306024              2867.833446               120.49306024              1556653800.405            0                         963                       1.0000000000E+000         0.0000000000E+000         0.0000000000E+000         2.0452857658E+001         2.0561040188E+001         4.5087038442E+002         4.5398325406E+002         4.1382594963E-001         5.2897856360E-001         
2019-04-30                19:50:49.635              119.49363005              2867.847121               120.49363005              1556653849.636            0                         963                       1.0000000000E+000         0.0000000000E+000         0.0000000000E+000         2.0452857658E+001         2.0561040188E+001         4.5061003237E+002         4.5378484764E+002         4.1382594963E-001         5.2897856360E-001         
2019-04-30                19:51:39.881              119.49421160              2867.861078               120.49421160              1556653899.882            0                         963                       1.0000000000E+000         0.0000000000E+000         0.0000000000E+000         2.0452857658E+001         2.0561040188E+001         4.5032523312E+002         4.5352281265E+002         4.1382594963E-001         5.2897856360E-001         
2019-04-30                19:52:29.125              119.49478155              2867.874757               120.49478155              1556653949.126            0                         963                       1.0000000000E+000         0.0000000000E+000         0.0000000000E+000         2.0452857658E+001         2.0561040188E+001         4.5003226178E+002         4.5323617243E+002         4.1382594963E-001         5.2897856360E-001         
2019-04-30                19:53:18.345              119.49535123              2867.888429               120.49535123              1556653998.346            0                         963                       1.0000000000E+000         0.0000000000E+000         0.0000000000E+000         2.0452857658E+001         2.0561040188E+001         4.4979138379E+002         4.5294130730E+002         4.1382594963E-001         5.2897856360E-001         
2019-04-30                19:54:07.750              119.49592304              2867.902153               120.49592304              1556654047.751            0                         963                       1.0000000000E+000         0.0000000000E+000         0.0000000000E+000         2.0452857658E+001         2.0561040188E+001         4.4962422464E+002         4.5269887225E+002         4.1382594963E-001         5.2897856360E-001         
2019-04-30                19:54:34.941              119.49623775              2867.909706               120.49623775              1556654074.942            0                         963                       2.0000000000E+000         0.0000000000E+000         0.0000000000E+000         2.0103199069E+001         2.0561040188E+001         4.4962422464E+002         4.5253063258E+002         4.1382594963E-001         5.2897856360E-001         
2019-04-30                19:54:55.069              119.49647071              2867.915297               120.49647071              1556654095.069            0                         963                       1.0000000000E+000         0.0000000000E+000         0.0000000000E+000         2.0103199069E+001         2.0561040188E+001         4.4936022105E+002         4.5253063258E+002         4.1382594963E-001         5.2897856360E-001         
2019-04-30                19:55:44.312              119.49704065              2867.928976               120.49704065              1556654144.312            0                         963                       1.0000000000E+000         0.0000000000E+000         0.0000000000E+000         2.0103199069E+001         2.0209532129E+001         4.4928017292E+002         4.5226492245E+002         4.1382594963E-001         5.2897856360E-001         
2019-04-30                19:56:32.671              119.49760036              2867.942409               120.49760036              1556654192.671            0                         963                       1.0000000000E+000         0.0000000000E+000         0.0000000000E+000         2.0103199069E+001         2.0209532129E+001         4.4938992143E+002         4.5218435688E+002         4.1382594963E-001         5.2897856360E-001         
2019-04-30                19:57:23.010              119.49818300              2867.956392               120.49818300              1556654243.011            0                         963                       1.0000000000E+000         0.0000000000E+000         0.0000000000E+000         2.0103199069E+001         2.0209532129E+001         4.4968433120E+002         4.5229481482E+002         4.1382594963E-001         5.2897856360E-001         
2019-04-30                19:58:12.381              119.49875441              2867.970106               120.49875441              1556654292.381            0                         963                       1.0000000000E+000         0.0000000000E+000         0.0000000000E+000         2.0103199069E+001         2.0209532129E+001         4.4976422680E+002         4.5259112767E+002         4.1382594963E-001         5.2897856360E-001         
2019-04-30                19:59:01.621              119.49932433              2867.983784               120.49932433              1556654341.622            0                         963                       1.0000000000E+000         0.0000000000E+000         0.0000000000E+000         2.0103199069E+001         2.0209532129E+001         4.4965240687E+002         4.5267153972E+002         4.1382594963E-001         5.2897856360E-001         
2019-04-30                19:59:50.867              119.49989429              2867.997463               120.49989429              1556654390.867            0                         963                       1.0000000000E+000         0.0000000000E+000         0.0000000000E+000         2.0103199069E+001         2.0209532129E+001         4.4950483760E+002         4.5255899698E+002         4.1382594963E-001         5.2897856360E-001         
2019-04-30                20:00:40.145              119.50046465              2868.011152               120.50046465              1556654440.146            0                         963                       1.0000000000E+000         0.0000000000E+000         0.0000000000E+000         2.0103199069E+001         2.0209532129E+001         4.4930390325E+002         4.5241047381E+002         4.1382594963E-001         5.2897856360E-001         
2019-04-30                20:01:29.375              119.50103444              2868.024827               120.50103444              1556654489.376            0                         963                       1.0000000000E+000         0.0000000000E+000         0.0000000000E+000         2.0103199069E+001         2.0209532129E+001         4.4914307207E+002         4.5220824061E+002         4.1382594963E-001         5.2897856360E-001         
2019-04-30                20:02:18.640              119.50160463              2868.038511               120.50160463              1556654538.640            0                         963                       1.0000000000E+000         0.0000000000E+000         0.0000000000E+000         2.0103199069E+001         2.0209532129E+001         4.4903624421E+002         4.5204636979E+002         4.1382594963E-001         5.2897856360E-001         
2019-04-30                20:03:07.855              119.50217426              2868.052182               120.50217426              1556654587.856            0                         963                       1.0000000000E+000         0.0000000000E+000         0.0000000000E+000         2.0103199069E+001         2.0209532129E+001         4.4893313568E+002         4.5193885139E+002         4.1382594963E-001         5.2897856360E-001         
2019-04-30                20:03:57.102              119.50274425              2868.065862               120.50274425              1556654637.103            0                         963                       1.0000000000E+000         0.0000000000E+000         0.0000000000E+000         2.0103199069E+001         2.0209532129E+001         4.4876696365E+002         4.5183507636E+002         4.1382594963E-001         5.2897856360E-001         
2019-04-30                20:04:45.345              119.50330262              2868.079263               120.50330262              1556654685.346            0                         963                       1.0000000000E+000         0.0000000000E+000         0.0000000000E+000         2.0103199069E+001         2.0209532129E+001         4.4861445703E+002         4.5166783018E+002         4.1382594963E-001         5.2897856360E-001         
2019-04-30                20:05:34.568              119.50387231              2868.092936               120.50387231              1556654734.568            0                         963                       1.0000000000E+000         0.0000000000E+000         0.0000000000E+000         2.0103199069E+001         2.0209532129E+001         4.4851305300E+002         4.5151433775E+002         4.1382594963E-001         5.2897856360E-001         
2019-04-30                20:06:23.795              119.50444207              2868.106610               120.50444207              1556654783.795            0                         963                       1.0000000000E+000         0.0000000000E+000         0.0000000000E+000         2.0103199069E+001         2.0209532129E+001         4.4834590574E+002         4.5141227824E+002         4.1382594963E-001         5.2897856360E-001         
2019-04-30                20:07:13.081              119.50501251              2868.120300               120.50501251              1556654833.081            0                         963                       1.0000000000E+000         0.0000000000E+000         0.0000000000E+000         2.0103199069E+001         2.0209532129E+001         4.4803756457E+002         4.5124405052E+002         4.1382594963E-001         5.2897856360E-001         
2019-04-30                20:08:01.372              119.50557145              2868.133715               120.50557145              1556654881.373            0                         963                       1.0000000000E+000         0.0000000000E+000         0.0000000000E+000         2.0103199069E+001         2.0209532129E+001         4.4770431593E+002         4.5093371620E+002         4.1382594963E-001         5.2897856360E-001         
2019-04-30                20:08:50.561              119.50614075              2868.147378               120.50614075              1556654930.561            0                         963                       1.0000000000E+000         0.0000000000E+000         0.0000000000E+000         2.0103199069E+001         2.0209532129E+001         4.4751911713E+002         4.5059831342E+002         4.1382594963E-001         5.2897856360E-001         
2019-04-30                20:09:39.819              119.50671088              2868.161061               120.50671088              1556654979.820            0                         963                       1.0000000000E+000         0.0000000000E+000         0.0000000000E+000         2.0103199069E+001         2.0209532129E+001         4.4744197480E+002         4.5041191748E+002         4.1382594963E-001         5.2897856360E-001         
2019-04-30                20:10:07.013              119.50702561              2868.168615               120.50702561              1556655007.013            0                         963                       2.0000000000E+000         0.0000000000E+000         0.0000000000E+000         1.9640677771E+001         2.0209532129E+001         4.4744197480E+002         4.5033427649E+002         4.1382594963E-001         5.2897856360E-001         
2019-04-30                20:10:27.122              119.50725837              2868.174201               120.50725837              1556655027.123            0                         963                       1.0000000000E+000         0.0000000000E+000         0.0000000000E+000         1.9640677771E+001         2.0209532129E+001         4.4733355620E+002         4.5033427649E+002         4.1382594963E-001         5.2897856360E-001         
2019-04-30                20:11:16.451              119.50782931              2868.187903               120.50782931              1556655076.452            0                         963                       1.0000000000E+000         0.0000000000E+000         0.0000000000E+000         1.9640677771E+001         1.9744564389E+001         4.4717514480E+002         4.5022515707E+002         4.1382594963E-001         5.2897856360E-001         
