DATE                      TIME                      FRAC_DAYS_SINCE_JAN1      FRAC_HRS_SINCE_JAN1       JULIAN_DAYS               EPOCH_TIME                ALARM_STATUS              INST_STATUS               species                   MPVPosition               solenoid_valves           CH4                       CH4_dry                   CO2                       CO2_dry                   H2O                       h2o_reported              
2019-05-29                01:01:05.632              147.70909297              3545.018231               148.70909297              1559091665.633            0                         963                       1.0000000000E+000         7.0000000000E+000         0.0000000000E+000         1.5200766837E+002         1.5438381241E+002         9.4966499664E+002         6.7216637488E+002         1.2115309511E+000         1.5116427493E+000         
2019-05-29                01:01:56.848              147.70968574              3545.032458               148.70968574              1559091716.848            0                         963                       1.0000000000E+000         7.0000000000E+000         0.0000000000E+000         1.5200766837E+002         1.5438381241E+002         1.0893624623E+003         9.6781219047E+002         1.2115309511E+000         1.5116427493E+000         
2019-05-29                01:02:48.029              147.71027812              3545.046675               148.71027812              1559091768.030            0                         963                       1.0000000000E+000         8.0000000000E+000         0.0000000000E+000         1.5200766837E+002         1.5438381241E+002         8.6014094662E+002         1.1101791417E+003         1.2115309511E+000         1.5116427493E+000         
2019-05-29                01:03:38.296              147.71085991              3545.060638               148.71085991              1559091818.296            0                         963                       1.0000000000E+000         8.0000000000E+000         0.0000000000E+000         1.5200766837E+002         1.5438381241E+002         9.9510892118E+002         8.7657742111E+002         1.2115309511E+000         1.5116427493E+000         
2019-05-29                01:04:26.607              147.71141906              3545.074058               148.71141906              1559091866.607            0                         963                       1.0000000000E+000         8.0000000000E+000         0.0000000000E+000         1.5200766837E+002         1.5438381241E+002         9.6471228334E+002         1.0141245051E+003         1.2115309511E+000         1.5116427493E+000         
2019-05-29                01:05:15.844              147.71198894              3545.087734               148.71198894              1559091915.844            0                         963                       1.0000000000E+000         9.0000000000E+000         0.0000000000E+000         1.5200766837E+002         1.5438381241E+002         7.0457912174E+002         9.8314701650E+002         1.2115309511E+000         1.5116427493E+000         
2019-05-29                01:06:06.048              147.71257000              3545.101680               148.71257000              1559091966.048            0                         963                       1.0000000000E+000         9.0000000000E+000         0.0000000000E+000         1.5200766837E+002         1.5438381241E+002         8.3520502162E+002         7.1804295787E+002         1.2115309511E+000         1.5116427493E+000         
2019-05-29                01:06:55.286              147.71313990              3545.115357               148.71313990              1559092015.287            0                         963                       1.0000000000E+000         9.0000000000E+000         0.0000000000E+000         1.5200766837E+002         1.5438381241E+002         9.0249593073E+002         8.5116499431E+002         1.2115309511E+000         1.5116427493E+000         
2019-05-29                01:07:23.648              147.71346816              3545.123236               148.71346816              1559092043.649            0                         963                       2.0000000000E+000         1.5454545455E+001         0.0000000000E+000         4.4278777241E+001         1.5438381241E+002         9.0249593073E+002         9.1974176863E+002         1.2115309511E+000         1.5116427493E+000         
2019-05-29                01:07:43.671              147.71369990              3545.128798               148.71369990              1559092063.671            0                         963                       1.0000000000E+000         1.0000000000E+001         0.0000000000E+000         4.4278777241E+001         1.5438381241E+002         6.3699782254E+002         9.1974176863E+002         1.2115309511E+000         1.5116427493E+000         
2019-05-29                01:08:32.924              147.71426995              3545.142479               148.71426995              1559092112.924            0                         963                       1.0000000000E+000         1.0000000000E+001         0.0000000000E+000         4.4278777241E+001         4.4970931484E+001         5.5960880495E+002         6.4917024439E+002         1.2115309511E+000         1.5116427493E+000         
2019-05-29                01:09:23.296              147.71485297              3545.156471               148.71485297              1559092163.297            0                         963                       1.0000000000E+000         1.0000000000E+001         0.0000000000E+000         4.4278777241E+001         4.4970931484E+001         5.5902980594E+002         5.7030239637E+002         1.2115309511E+000         1.5116427493E+000         
2019-05-29                01:10:12.660              147.71542431              3545.170183               148.71542431              1559092212.660            0                         963                       1.0000000000E+000         1.1000000000E+001         0.0000000000E+000         4.4278777241E+001         4.4970931484E+001         5.5676260927E+002         5.6971233323E+002         1.2115309511E+000         1.5116427493E+000         
2019-05-29                01:11:03.828              147.71601654              3545.184397               148.71601654              1559092263.829            0                         963                       1.0000000000E+000         1.1000000000E+001         0.0000000000E+000         4.4278777241E+001         4.4970931484E+001         5.5544006389E+002         5.6740181260E+002         1.2115309511E+000         1.5116427493E+000         
2019-05-29                01:11:54.990              147.71660869              3545.198609               148.71660869              1559092314.991            0                         963                       1.0000000000E+000         1.1000000000E+001         0.0000000000E+000         4.4278777241E+001         4.4970931484E+001         5.5412012866E+002         5.6605399464E+002         1.2115309511E+000         1.5116427493E+000         
2019-05-29                01:12:46.164              147.71720098              3545.212824               148.71720098              1559092366.165            0                         963                       1.0000000000E+000         1.2000000000E+001         0.0000000000E+000         4.4278777241E+001         4.4970931484E+001         5.5377845196E+002         5.6470883670E+002         1.2115309511E+000         1.5116427493E+000         
2019-05-29                01:13:35.424              147.71777112              3545.226507               148.71777112              1559092415.425            0                         963                       1.0000000000E+000         1.2000000000E+001         0.0000000000E+000         4.4278777241E+001         4.4970931484E+001         5.5184772604E+002         5.6436063088E+002         1.2115309511E+000         1.5116427493E+000         
2019-05-29                01:14:24.654              147.71834091              3545.240182               148.71834091              1559092464.655            0                         963                       1.0000000000E+000         1.2000000000E+001         0.0000000000E+000         4.4278777241E+001         4.4970931484E+001         5.4808067032E+002         5.6239301063E+002         1.2115309511E+000         1.5116427493E+000         
2019-05-29                01:15:14.809              147.71892140              3545.254114               148.71892140              1559092514.809            0                         963                       1.0000000000E+000         1.3000000000E+001         0.0000000000E+000         4.4278777241E+001         4.4970931484E+001         5.5054439967E+002         5.5855397006E+002         1.2115309511E+000         1.5116427493E+000         
2019-05-29                01:16:05.996              147.71951384              3545.268332               148.71951384              1559092565.996            0                         963                       1.0000000000E+000         1.3000000000E+001         0.0000000000E+000         4.4278777241E+001         4.4970931484E+001         5.4867847593E+002         5.6106477893E+002         1.2115309511E+000         1.5116427493E+000         
2019-05-29                01:16:55.236              147.72008375              3545.282010               148.72008375              1559092615.236            0                         963                       1.0000000000E+000         1.3000000000E+001         0.0000000000E+000         4.4278777241E+001         4.4970931484E+001         5.4254228674E+002         5.5916319916E+002         1.2115309511E+000         1.5116427493E+000         
2019-05-29                01:17:46.407              147.72067601              3545.296224               148.72067601              1559092666.407            0                         963                       1.0000000000E+000         1.4000000000E+001         0.0000000000E+000         4.4278777241E+001         4.4970931484E+001         5.4144315647E+002         5.5290975325E+002         1.2115309511E+000         1.5116427493E+000         
2019-05-29                01:18:37.599              147.72126852              3545.310444               148.72126852              1559092717.600            0                         963                       1.0000000000E+000         1.4000000000E+001         0.0000000000E+000         4.4278777241E+001         4.4970931484E+001         5.3988425753E+002         5.5178961964E+002         1.2115309511E+000         1.5116427493E+000         
2019-05-29                01:19:26.851              147.72183855              3545.324125               148.72183855              1559092766.851            0                         963                       1.0000000000E+000         1.4000000000E+001         0.0000000000E+000         4.4278777241E+001         4.4970931484E+001         5.3806190993E+002         5.5020093162E+002         1.2115309511E+000         1.5116427493E+000         
2019-05-29                01:20:16.109              147.72240868              3545.337808               148.72240868              1559092816.110            0                         963                       1.0000000000E+000         1.5000000000E+001         0.0000000000E+000         4.4278777241E+001         4.4970931484E+001         5.3747626707E+002         5.4834376070E+002         1.2115309511E+000         1.5116427493E+000         
2019-05-29                01:21:04.348              147.72296699              3545.351208               148.72296699              1559092864.348            0                         963                       1.0000000000E+000         1.5000000000E+001         0.0000000000E+000         4.4278777241E+001         4.4970931484E+001         5.3650151049E+002         5.4774692676E+002         1.2115309511E+000         1.5116427493E+000         
2019-05-29                01:21:53.562              147.72353661              3545.364879               148.72353661              1559092913.563            0                         963                       1.0000000000E+000         1.5000000000E+001         0.0000000000E+000         4.4278777241E+001         4.4970931484E+001         5.3510310271E+002         5.4675354351E+002         1.2115309511E+000         1.5116427493E+000         
2019-05-29                01:22:44.753              147.72412910              3545.379098               148.72412910              1559092964.754            0                         963                       1.0000000000E+000         1.6000000000E+001         0.0000000000E+000         4.4278777241E+001         4.4970931484E+001         5.3437408692E+002         5.4532841348E+002         1.2115309511E+000         1.5116427493E+000         
2019-05-29                01:23:34.046              147.72469961              3545.392791               148.72469961              1559093014.046            0                         963                       1.0000000000E+000         1.6000000000E+001         0.0000000000E+000         4.4278777241E+001         4.4970931484E+001         5.3356837456E+002         5.4458546691E+002         1.2115309511E+000         1.5116427493E+000         
2019-05-29                01:24:23.315              147.72526985              3545.406476               148.72526985              1559093063.315            0                         963                       1.0000000000E+000         1.6000000000E+001         0.0000000000E+000         4.4278777241E+001         4.4970931484E+001         5.3263469787E+002         5.4376435815E+002         1.2115309511E+000         1.5116427493E+000         
2019-05-29                01:25:12.584              147.72584009              3545.420162               148.72584009              1559093112.584            0                         963                       1.0000000000E+000         1.6000000000E+001         0.0000000000E+000         4.4278777241E+001         4.4970931484E+001         5.3191794822E+002         5.4281283978E+002         1.2115309511E+000         1.5116427493E+000         
2019-05-29                01:26:02.789              147.72642118              3545.434108               148.72642118              1559093162.790            0                         963                       1.0000000000E+000         1.6000000000E+001         0.0000000000E+000         4.4278777241E+001         4.4970931484E+001         5.3118097876E+002         5.4208239373E+002         1.2115309511E+000         1.5116427493E+000         
2019-05-29                01:26:32.342              147.72676322              3545.442317               148.72676322              1559093192.342            0                         963                       2.0000000000E+000         1.6000000000E+001         0.0000000000E+000         1.0076466112E+002         4.4970931484E+001         5.3118097876E+002         5.4133134148E+002         1.2115309511E+000         1.5116427493E+000         
2019-05-29                01:26:52.092              147.72699182              3545.447804               148.72699182              1559093212.093            0                         963                       1.0000000000E+000         1.6000000000E+001         0.0000000000E+000         1.0076466112E+002         4.4970931484E+001         5.3030472905E+002         5.4133134148E+002         1.2115309511E+000         1.5116427493E+000         
2019-05-29                01:27:42.365              147.72757368              3545.461768               148.72757368              1559093262.366            0                         963                       1.0000000000E+000         1.6000000000E+001         0.0000000000E+000         1.0076466112E+002         1.0233978789E+002         5.2990098650E+002         5.4043834747E+002         1.2115309511E+000         1.5116427493E+000         
2019-05-29                01:28:33.545              147.72816603              3545.475985               148.72816603              1559093313.545            0                         963                       1.0000000000E+000         1.6000000000E+001         0.0000000000E+000         1.0076466112E+002         1.0233978789E+002         5.2955674368E+002         5.4002688980E+002         1.2115309511E+000         1.5116427493E+000         
2019-05-29                01:29:22.802              147.72873613              3545.489667               148.72873613              1559093362.802            0                         963                       1.0000000000E+000         1.6000000000E+001         0.0000000000E+000         1.0076466112E+002         1.0233978789E+002         5.2937192232E+002         5.3967606882E+002         1.2115309511E+000         1.5116427493E+000         
2019-05-29                01:30:13.115              147.72931846              3545.503643               148.72931846              1559093413.115            0                         963                       1.0000000000E+000         1.6000000000E+001         0.0000000000E+000         1.0076466112E+002         1.0233978789E+002         5.2938392163E+002         5.3948771570E+002         1.2115309511E+000         1.5116427493E+000         
2019-05-29                01:31:01.401              147.72987734              3545.517056               148.72987734              1559093461.402            0                         963                       1.0000000000E+000         1.6000000000E+001         0.0000000000E+000         1.0076466112E+002         1.0233978789E+002         5.2956263231E+002         5.3949994431E+002         1.2115309511E+000         1.5116427493E+000         
2019-05-29                01:31:52.614              147.73047007              3545.531282               148.73047007              1559093512.614            0                         963                       1.0000000000E+000         1.6000000000E+001         0.0000000000E+000         1.0076466112E+002         1.0233978789E+002         5.2959332523E+002         5.3968206998E+002         1.2115309511E+000         1.5116427493E+000         
2019-05-29                01:32:41.897              147.73104047              3545.544971               148.73104047              1559093561.897            0                         963                       1.0000000000E+000         1.0000000000E+000         0.0000000000E+000         1.0076466112E+002         1.0233978789E+002         7.9143822993E+002         5.3971334940E+002         1.2115309511E+000         1.5116427493E+000         
2019-05-29                01:33:30.272              147.73160037              3545.558409               148.73160037              1559093610.272            0                         963                       1.0000000000E+000         1.0000000000E+000         0.0000000000E+000         1.0076466112E+002         1.0233978789E+002         9.4628289439E+002         8.0656186091E+002         1.2115309511E+000         1.5116427493E+000         
2019-05-29                01:34:18.542              147.73215906              3545.571817               148.73215906              1559093658.543            0                         963                       1.0000000000E+000         1.0000000000E+000         0.0000000000E+000         1.0076466112E+002         1.0233978789E+002         7.6263559968E+002         9.6436545947E+002         1.2115309511E+000         1.5116427493E+000         
2019-05-29                01:35:07.805              147.73272922              3545.585501               148.73272922              1559093707.805            0                         963                       1.0000000000E+000         2.0000000000E+000         0.0000000000E+000         1.0076466112E+002         1.0233978789E+002         6.0830287922E+002         7.7720883982E+002         1.2115309511E+000         1.5116427493E+000         
2019-05-29                01:35:59.043              147.73332227              3545.599734               148.73332227              1559093759.044            0                         963                       1.0000000000E+000         2.0000000000E+000         0.0000000000E+000         1.0076466112E+002         1.0233978789E+002         6.6330346341E+002         6.1992696803E+002         1.2115309511E+000         1.5116427493E+000         
2019-05-29                01:36:48.315              147.73389255              3545.613421               148.73389255              1559093808.316            0                         963                       1.0000000000E+000         2.0000000000E+000         0.0000000000E+000         1.0076466112E+002         1.0233978789E+002         7.1690359137E+002         6.7597856101E+002         1.2115309511E+000         1.5116427493E+000         
2019-05-29                01:37:37.575              147.73446269              3545.627104               148.73446269              1559093857.576            0                         963                       1.0000000000E+000         3.0000000000E+000         0.0000000000E+000         1.0076466112E+002         1.0233978789E+002         5.8328557864E+002         7.3060293638E+002         1.2115309511E+000         1.5116427493E+000         
2019-05-29                01:38:26.861              147.73503311              3545.640795               148.73503311              1559093906.861            0                         963                       1.0000000000E+000         3.0000000000E+000         0.0000000000E+000         1.0076466112E+002         1.0233978789E+002         5.2862994670E+002         5.9443161066E+002         1.2115309511E+000         1.5116427493E+000         
2019-05-29                01:39:18.035              147.73562541              3545.655010               148.73562541              1559093958.035            0                         963                       1.0000000000E+000         3.0000000000E+000         0.0000000000E+000         1.0076466112E+002         1.0233978789E+002         5.3026968195E+002         5.3873156164E+002         1.2115309511E+000         1.5116427493E+000         
2019-05-29                01:40:07.285              147.73619543              3545.668690               148.73619543              1559094007.285            0                         963                       1.0000000000E+000         4.0000000000E+000         0.0000000000E+000         1.0076466112E+002         1.0233978789E+002         5.3207616185E+002         5.4040263066E+002         1.2115309511E+000         1.5116427493E+000         
2019-05-29                01:40:55.576              147.73675436              3545.682105               148.73675436              1559094055.577            0                         963                       1.0000000000E+000         4.0000000000E+000         0.0000000000E+000         1.0076466112E+002         1.0233978789E+002         6.9356705087E+002         5.4224363067E+002         1.2115309511E+000         1.5116427493E+000         
2019-05-29                01:41:44.828              147.73732440              3545.695786               148.73732440              1559094104.828            0                         963                       1.0000000000E+000         4.0000000000E+000         0.0000000000E+000         1.0076466112E+002         1.0233978789E+002         7.8160627839E+002         7.0682045682E+002         1.2115309511E+000         1.5116427493E+000         
2019-05-29                01:42:36.032              147.73791704              3545.710009               148.73791704              1559094156.032            0                         963                       1.0000000000E+000         5.0000000000E+000         0.0000000000E+000         1.0076466112E+002         1.0233978789E+002         6.1957007568E+002         7.9654203014E+002         1.2115309511E+000         1.5116427493E+000         
2019-05-29                01:43:26.282              147.73849863              3545.723967               148.73849863              1559094206.282            0                         963                       1.0000000000E+000         5.0000000000E+000         0.0000000000E+000         1.0076466112E+002         1.0233978789E+002         7.5231293525E+002         6.3140946989E+002         1.2115309511E+000         1.5116427493E+000         
2019-05-29                01:44:14.670              147.73905868              3545.737408               148.73905868              1559094254.670            0                         963                       1.0000000000E+000         5.0000000000E+000         0.0000000000E+000         1.0076466112E+002         1.0233978789E+002         8.7574890348E+002         7.6668891911E+002         1.2115309511E+000         1.5116427493E+000         
2019-05-29                01:45:04.861              147.73963961              3545.751351               148.73963961              1559094304.862            0                         963                       1.0000000000E+000         1.1530726257E+001         0.0000000000E+000         1.0076466112E+002         1.0233978789E+002         6.5896512036E+002         8.9248363116E+002         1.2115309511E+000         1.5116427493E+000         
2019-05-29                01:45:56.038              147.74023192              3545.765566               148.74023192              1559094356.038            0                         963                       1.0000000000E+000         6.0000000000E+000         0.0000000000E+000         1.0076466112E+002         1.0233978789E+002         6.8252485961E+002         6.7155731636E+002         1.2115309511E+000         1.5116427493E+000         
2019-05-29                01:46:45.280              147.74080186              3545.779245               148.74080186              1559094405.281            0                         963                       1.0000000000E+000         6.0000000000E+000         0.0000000000E+000         1.0076466112E+002         1.0233978789E+002         7.7027556504E+002         6.9556725979E+002         1.2115309511E+000         1.5116427493E+000         
2019-05-29                01:47:34.681              147.74137363              3545.792967               148.74137363              1559094454.682            0                         963                       1.0000000000E+000         7.0000000000E+000         0.0000000000E+000         1.0076466112E+002         1.0233978789E+002         6.3457537912E+002         7.8499479765E+002         1.2115309511E+000         1.5116427493E+000         
2019-05-29                01:48:24.984              147.74195584              3545.806940               148.74195584              1559094504.985            0                         963                       1.0000000000E+000         7.0000000000E+000         0.0000000000E+000         1.0076466112E+002         1.0233978789E+002         9.7492528262E+002         6.4670151039E+002         1.2115309511E+000         1.5116427493E+000         
2019-05-29                01:49:14.266              147.74252624              3545.820630               148.74252624              1559094554.267            0                         963                       1.0000000000E+000         7.0000000000E+000         0.0000000000E+000         1.0076466112E+002         1.0233978789E+002         1.1414450418E+003         9.9355517647E+002         1.2115309511E+000         1.5116427493E+000         
2019-05-29                01:49:17.930              147.74256863              3545.821647               148.74256863              1559094557.930            0                         963                       3.0000000000E+000         7.0000000000E+000         0.0000000000E+000         1.0076466112E+002         1.0290270289E+002         1.1414450418E+003         1.1710587995E+003         2.0707686317E+000         2.5217698739E+000         
2019-05-29                01:49:49.941              147.74293914              3545.830539               148.74293914              1559094589.942            0                         963                       1.0000000000E+000         1.6000000000E+001         0.0000000000E+000         1.0076466112E+002         1.0290270289E+002         7.3159866901E+002         1.1710587995E+003         2.0707686317E+000         2.5217698739E+000         
2019-05-29                01:50:41.161              147.74353197              3545.844767               148.74353197              1559094641.162            0                         963                       1.0000000000E+000         8.0000000000E+000         0.0000000000E+000         1.0076466112E+002         1.0348481816E+002         1.0446491841E+003         7.5575386355E+002         2.0707686317E+000         2.5217698739E+000         
2019-05-29                01:51:32.395              147.74412495              3545.858999               148.74412495              1559094692.396            0                         963                       1.0000000000E+000         8.0000000000E+000         0.0000000000E+000         1.0076466112E+002         1.0348481816E+002         1.1634630907E+003         1.0791403680E+003         2.0707686317E+000         2.5217698739E+000         
2019-05-29                01:52:21.661              147.74469516              3545.872684               148.74469516              1559094741.662            0                         963                       1.0000000000E+000         1.6000000000E+001         0.0000000000E+000         1.0076466112E+002         1.0348481816E+002         6.9317701332E+002         1.2018771536E+003         2.0707686317E+000         2.5217698739E+000         
2019-05-29                01:53:12.868              147.74528784              3545.886908               148.74528784              1559094792.869            0                         963                       1.0000000000E+000         9.0000000000E+000         0.0000000000E+000         1.0076466112E+002         1.0348481816E+002         9.4109646276E+002         7.1606363998E+002         2.0707686317E+000         2.5217698739E+000         
2019-05-29                01:53:15.548              147.74531884              3545.887652               148.74531884              1559094795.548            0                         963                       3.0000000000E+000         9.0000000000E+000         0.0000000000E+000         1.0076466112E+002         1.0374787636E+002         9.4109646276E+002         9.7517830920E+002         2.4624872701E+000         2.9674107972E+000         
2019-05-29                01:53:46.525              147.74567737              3545.896257               148.74567737              1559094826.525            0                         963                       1.0000000000E+000         9.0000000000E+000         0.0000000000E+000         1.0076466112E+002         1.0374787636E+002         1.0892014524E+003         9.7517830920E+002         2.4624872701E+000         2.9674107972E+000         
2019-05-29                01:54:34.835              147.74623652              3545.909676               148.74623652              1559094874.835            0                         963                       1.0000000000E+000         1.6000000000E+001         0.0000000000E+000         1.0076466112E+002         1.0401482661E+002         7.9111633432E+002         1.1321831172E+003         2.4624872701E+000         2.9674107972E+000         
2019-05-29                01:55:26.078              147.74682961              3545.923911               148.74682961              1559094926.078            0                         963                       1.0000000000E+000         1.0000000000E+001         0.0000000000E+000         1.0076466112E+002         1.0401482661E+002         6.3981384517E+002         8.2233507448E+002         2.4624872701E+000         2.9674107972E+000         
2019-05-29                01:56:16.288              147.74741074              3545.937858               148.74741074              1559094976.288            0                         963                       1.0000000000E+000         1.0000000000E+001         0.0000000000E+000         1.0076466112E+002         1.0401482661E+002         5.6539405643E+002         6.6506194247E+002         2.4624872701E+000         2.9674107972E+000         
2019-05-29                01:56:21.667              147.74747300              3545.939352               148.74747300              1559094981.667            0                         963                       3.0000000000E+000         1.0000000000E+001         0.0000000000E+000         1.0076466112E+002         1.0312162613E+002         5.6539405643E+002         5.8156629521E+002         1.1602747718E+000         1.4498681266E+000         
2019-05-29                01:56:53.901              147.74784608              3545.948306               148.74784608              1559095013.901            0                         963                       1.0000000000E+000         1.0000000000E+001         0.0000000000E+000         1.0076466112E+002         1.0312162613E+002         5.6464451922E+002         5.8156629521E+002         1.1602747718E+000         1.4498681266E+000         
2019-05-29                01:57:43.144              147.74841603              3545.961985               148.74841603              1559095063.145            0                         963                       1.0000000000E+000         1.1000000000E+001         0.0000000000E+000         1.0076466112E+002         1.0227222964E+002         5.6365355980E+002         5.7497130501E+002         1.1602747718E+000         1.4498681266E+000         
2019-05-29                01:58:34.355              147.74900874              3545.976210               148.74900874              1559095114.355            0                         963                       1.0000000000E+000         1.1000000000E+001         0.0000000000E+000         1.0076466112E+002         1.0227222964E+002         5.6245299705E+002         5.7396222193E+002         1.1602747718E+000         1.4498681266E+000         
2019-05-29                01:59:23.676              147.74957958              3545.989910               148.74957958              1559095163.676            0                         963                       1.0000000000E+000         1.1000000000E+001         0.0000000000E+000         1.0076466112E+002         1.0227222964E+002         5.6124472325E+002         5.7273970208E+002         1.1602747718E+000         1.4498681266E+000         
2019-05-29                01:59:26.382              147.74961091              3545.990662               148.74961091              1559095166.383            0                         963                       3.0000000000E+000         1.1000000000E+001         0.0000000000E+000         1.0076466112E+002         1.0227207602E+002         5.6124472325E+002         5.7150828362E+002         1.1600415227E+000         1.4495866013E+000         
2019-05-29                01:59:58.361              147.74998103              3545.999545               148.74998103              1559095198.361            0                         963                       1.0000000000E+000         1.6000000000E+001         0.0000000000E+000         1.0076466112E+002         1.0227207602E+002         5.6041807686E+002         5.7150828362E+002         1.1600415227E+000         1.4495866013E+000         
2019-05-29                02:00:47.638              147.75055138              3546.013233               148.75055138              1559095247.639            0                         963                       1.0000000000E+000         1.2000000000E+001         0.0000000000E+000         1.0076466112E+002         1.0227192240E+002         5.5974781963E+002         5.7066547525E+002         1.1600415227E+000         1.4495866013E+000         
2019-05-29                02:01:35.927              147.75111027              3546.026646               148.75111027              1559095295.927            0                         963                       1.0000000000E+000         1.2000000000E+001         0.0000000000E+000         1.0076466112E+002         1.0227192240E+002         5.5898038825E+002         5.6998296217E+002         1.1600415227E+000         1.4495866013E+000         
