DATE                      TIME                      FRAC_DAYS_SINCE_JAN1      FRAC_HRS_SINCE_JAN1       JULIAN_DAYS               EPOCH_TIME                ALARM_STATUS              INST_STATUS               species                   MPVPosition               solenoid_valves           CH4                       CH4_dry                   CO2                       CO2_dry                   H2O                       h2o_reported              
2019-03-27                17:02:07.992              85.37648139               2049.035553               86.37648139               1553706127.992            0                         963                       1.0000000000E+000         1.0000000000E+001         0.0000000000E+000         8.3407366209E+000         8.4161610177E+000         4.5545105313E+002         4.6011397852E+002         7.0507950660E-001         8.9317207508E-001         
2019-03-27                17:02:57.256              85.37705157               2049.049238               86.37705157               1553706177.256            0                         963                       1.0000000000E+000         1.0000000000E+001         0.0000000000E+000         8.3407366209E+000         8.4161610177E+000         4.5584074804E+002         4.6048478963E+002         7.0507950660E-001         8.9317207508E-001         
2019-03-27                17:03:46.474              85.37762124               2049.062910               86.37762124               1553706226.475            0                         963                       1.0000000000E+000         1.6000000000E+001         0.0000000000E+000         8.3407366209E+000         8.4161610177E+000         4.5605228068E+002         4.6087879153E+002         7.0507950660E-001         8.9317207508E-001         
2019-03-27                17:04:35.687              85.37819082               2049.076580               86.37819082               1553706275.687            0                         963                       1.0000000000E+000         1.1000000000E+001         0.0000000000E+000         8.3407366209E+000         8.4161610177E+000         4.5614389538E+002         4.6109266207E+002         7.0507950660E-001         8.9317207508E-001         
2019-03-27                17:04:40.994              85.37825226               2049.078054               86.37825226               1553706280.995            0                         963                       3.0000000000E+000         1.1000000000E+001         0.0000000000E+000         8.3407366209E+000         8.4127986672E+000         4.5614389538E+002         4.6096049819E+002         6.4276870689E-001         8.1579743423E-001         
2019-03-27                17:04:52.345              85.37838362               2049.081207               86.37838362               1553706292.345            0                         963                       2.0000000000E+000         1.1000000000E+001         0.0000000000E+000         8.2695052438E+000         8.4127986672E+000         4.5614389538E+002         4.6096049819E+002         6.4276870689E-001         8.1579743423E-001         
2019-03-27                17:05:12.263              85.37861417               2049.086740               86.37861417               1553706312.264            0                         963                       1.0000000000E+000         1.1000000000E+001         0.0000000000E+000         8.2695052438E+000         8.4127986672E+000         4.5620269278E+002         4.6096049819E+002         6.4276870689E-001         8.1579743423E-001         
2019-03-27                17:06:01.500              85.37918404               2049.100417               86.37918404               1553706361.501            0                         963                       1.0000000000E+000         1.6000000000E+001         0.0000000000E+000         8.2695052438E+000         8.3376269161E+000         4.5621235048E+002         4.6079568795E+002         6.4276870689E-001         8.1579743423E-001         
2019-03-27                17:06:27.813              85.37948859               2049.107726               86.37948859               1553706387.814            0                         963                       2.0000000000E+000         1.3666666667E+001         0.0000000000E+000         8.1442451214E+000         8.3376269161E+000         4.5621235048E+002         4.6080544288E+002         6.4276870689E-001         8.1579743423E-001         
2019-03-27                17:06:47.927              85.37972138               2049.113313               86.37972138               1553706407.927            0                         963                       1.0000000000E+000         1.2000000000E+001         0.0000000000E+000         8.1442451214E+000         8.3376269161E+000         4.5648567651E+002         4.6080544288E+002         6.4276870689E-001         8.1579743423E-001         
2019-03-27                17:07:15.229              85.38003737               2049.120897               86.38003737               1553706435.229            0                         963                       2.0000000000E+000         1.2000000000E+001         0.0000000000E+000         8.0749356246E+000         8.2113349389E+000         4.5648567651E+002         4.6108152073E+002         6.4276870689E-001         8.1579743423E-001         
2019-03-27                17:07:35.338              85.38027012               2049.126483               86.38027012               1553706455.338            0                         963                       1.0000000000E+000         1.2000000000E+001         0.0000000000E+000         8.0749356246E+000         8.2113349389E+000         4.5656656065E+002         4.6108152073E+002         6.4276870689E-001         8.1579743423E-001         
2019-03-27                17:08:03.246              85.38059314               2049.134235               86.38059314               1553706483.247            0                         963                       2.0000000000E+000         1.2333333333E+001         0.0000000000E+000         8.2805931183E+000         8.1414544915E+000         4.5656656065E+002         4.6116321921E+002         6.4276870689E-001         8.1579743423E-001         
2019-03-27                17:08:23.743              85.38083036               2049.139929               86.38083036               1553706503.743            0                         963                       1.0000000000E+000         1.6000000000E+001         0.0000000000E+000         8.2805931183E+000         8.1414544915E+000         4.5503596396E+002         4.6116321921E+002         6.4276870689E-001         8.1579743423E-001         
2019-03-27                17:08:51.038              85.38114627               2049.147511               86.38114627               1553706531.038            0                         963                       2.0000000000E+000         1.4687500000E+001         0.0000000000E+000         5.2711574135E+001         8.3488061292E+000         4.5503596396E+002         4.5961721265E+002         6.4276870689E-001         8.1579743423E-001         
2019-03-27                17:09:11.171              85.38137929               2049.153103               86.38137929               1553706551.171            0                         963                       1.0000000000E+000         1.3000000000E+001         0.0000000000E+000         5.2711574135E+001         8.3488061292E+000         4.5742457678E+002         4.5961721265E+002         6.4276870689E-001         8.1579743423E-001         
2019-03-27                17:10:00.411              85.38194920               2049.166781               86.38194920               1553706600.411            0                         963                       1.0000000000E+000         1.3000000000E+001         0.0000000000E+000         5.2711574135E+001         5.3145796072E+001         4.5749414400E+002         4.6202987374E+002         6.4276870689E-001         8.1579743423E-001         
2019-03-27                17:10:49.638              85.38251896               2049.180455               86.38251896               1553706649.638            0                         963                       1.0000000000E+000         1.5279329609E+001         0.0000000000E+000         5.2711574135E+001         5.3145796072E+001         4.5744454360E+002         4.6210014135E+002         6.4276870689E-001         8.1579743423E-001         
2019-03-27                17:11:38.901              85.38308914               2049.194139               86.38308914               1553706698.902            0                         963                       1.0000000000E+000         1.4000000000E+001         0.0000000000E+000         5.2711574135E+001         5.3145796072E+001         4.5741273814E+002         4.6205004158E+002         6.4276870689E-001         8.1579743423E-001         
2019-03-27                17:12:27.174              85.38364786               2049.207549               86.38364786               1553706747.175            0                         963                       1.0000000000E+000         1.4000000000E+001         0.0000000000E+000         5.2711574135E+001         5.3145796072E+001         4.5756419452E+002         4.6201791591E+002         6.4276870689E-001         8.1579743423E-001         
2019-03-27                17:12:54.428              85.38396330               2049.215119               86.38396330               1553706774.429            0                         963                       2.0000000000E+000         1.4000000000E+001         0.0000000000E+000         8.1321260826E+000         5.3145796072E+001         4.5756419452E+002         4.6217089714E+002         6.4276870689E-001         8.1579743423E-001         
2019-03-27                17:13:14.546              85.38419613               2049.220707               86.38419613               1553706794.546            0                         963                       1.0000000000E+000         1.4000000000E+001         0.0000000000E+000         8.1321260826E+000         5.3145796072E+001         4.5796714555E+002         4.6217089714E+002         6.4276870689E-001         8.1579743423E-001         
2019-03-27                17:13:41.796              85.38451154               2049.228277               86.38451154               1553706821.797            0                         963                       2.0000000000E+000         1.5729166667E+001         0.0000000000E+000         8.0634784879E+000         8.1991160671E+000         4.5796714555E+002         4.6257790503E+002         6.4276870689E-001         8.1579743423E-001         
2019-03-27                17:14:01.910              85.38474433               2049.233864               86.38474433               1553706841.910            0                         963                       1.0000000000E+000         1.5000000000E+001         0.0000000000E+000         8.0634784879E+000         8.1991160671E+000         4.5837350074E+002         4.6257790503E+002         6.4276870689E-001         8.1579743423E-001         
2019-03-27                17:14:29.216              85.38506037               2049.241449               86.38506037               1553706869.216            0                         963                       2.0000000000E+000         1.5000000000E+001         0.0000000000E+000         1.1084120353E+002         8.1299029744E+000         4.5837350074E+002         4.6298835136E+002         6.4276870689E-001         8.1579743423E-001         
2019-03-27                17:14:49.332              85.38529319               2049.247037               86.38529319               1553706889.332            0                         963                       1.0000000000E+000         1.5000000000E+001         0.0000000000E+000         1.1084120353E+002         8.1299029744E+000         4.5865281271E+002         4.6298835136E+002         6.4276870689E-001         8.1579743423E-001         
2019-03-27                17:15:17.855              85.38562332               2049.254960               86.38562332               1553706917.855            0                         963                       2.0000000000E+000         1.5000000000E+001         0.0000000000E+000         8.1600356836E+000         1.1175427970E+002         4.5865281271E+002         4.6327047540E+002         6.4276870689E-001         8.1579743423E-001         
2019-03-27                17:15:37.782              85.38585397               2049.260495               86.38585397               1553706937.783            0                         963                       1.0000000000E+000         1.5000000000E+001         0.0000000000E+000         8.1600356836E+000         1.1175427970E+002         4.5872874456E+002         4.6327047540E+002         6.4276870689E-001         8.1579743423E-001         
2019-03-27                17:16:27.003              85.38642366               2049.274168               86.38642366               1553706987.004            0                         963                       1.0000000000E+000         1.6000000000E+001         0.0000000000E+000         8.1600356836E+000         8.2272555789E+000         4.5882872407E+002         4.6334717172E+002         6.4276870689E-001         8.1579743423E-001         
2019-03-27                17:17:16.230              85.38699340               2049.287842               86.38699340               1553707036.230            0                         963                       1.0000000000E+000         1.6000000000E+001         0.0000000000E+000         8.1600356836E+000         8.2272555789E+000         4.5917102247E+002         4.6344815782E+002         6.4276870689E-001         8.1579743423E-001         
2019-03-27                17:18:05.480              85.38756343               2049.301522               86.38756343               1553707085.480            0                         963                       1.0000000000E+000         1.6000000000E+001         0.0000000000E+000         8.1600356836E+000         8.2272555789E+000         4.5971145304E+002         4.6379390244E+002         6.4276870689E-001         8.1579743423E-001         
2019-03-27                17:18:54.740              85.38813358               2049.315206               86.38813358               1553707134.741            0                         963                       1.0000000000E+000         1.6000000000E+001         0.0000000000E+000         8.1600356836E+000         8.2272555789E+000         4.6038658123E+002         4.6433977400E+002         6.4276870689E-001         8.1579743423E-001         
2019-03-27                17:19:23.236              85.38846338               2049.323121               86.38846338               1553707163.236            0                         963                       2.0000000000E+000         1.6000000000E+001         0.0000000000E+000         9.1091348647E+001         8.2272555789E+000         4.6038658123E+002         4.6502169930E+002         6.4276870689E-001         8.1579743423E-001         
2019-03-27                17:19:43.167              85.38869407               2049.328658               86.38869407               1553707183.168            0                         963                       1.0000000000E+000         1.6000000000E+001         0.0000000000E+000         9.1091348647E+001         8.2272555789E+000         4.6125743824E+002         4.6502169930E+002         6.4276870689E-001         8.1579743423E-001         
2019-03-27                17:20:10.436              85.38900968               2049.336232               86.38900968               1553707210.436            0                         963                       2.0000000000E+000         1.6000000000E+001         0.0000000000E+000         8.2693616140E+000         9.1841731508E+001         4.6125743824E+002         4.6590132400E+002         6.4276870689E-001         8.1579743423E-001         
2019-03-27                17:20:30.542              85.38924238               2049.341817               86.38924238               1553707230.542            0                         963                       1.0000000000E+000         1.6000000000E+001         0.0000000000E+000         8.2693616140E+000         9.1841731508E+001         4.6173783351E+002         4.6590132400E+002         6.4276870689E-001         8.1579743423E-001         
2019-03-27                17:21:19.798              85.38981248               2049.355499               86.38981248               1553707279.798            0                         963                       1.0000000000E+000         1.6000000000E+001         0.0000000000E+000         8.2693616140E+000         8.3374821032E+000         4.6220569959E+002         4.6638655583E+002         6.4276870689E-001         8.1579743423E-001         
2019-03-27                17:22:09.032              85.39038233               2049.369176               86.39038233               1553707329.033            0                         963                       1.0000000000E+000         1.6000000000E+001         0.0000000000E+000         8.2693616140E+000         8.3374821032E+000         4.6298437449E+002         4.6685913234E+002         6.4276870689E-001         8.1579743423E-001         
2019-03-27                17:22:58.266              85.39095215               2049.382852               86.39095215               1553707378.266            0                         963                       1.0000000000E+000         1.6000000000E+001         0.0000000000E+000         8.2693616140E+000         8.3374821032E+000         4.6368943299E+002         4.6764564684E+002         6.4276870689E-001         8.1579743423E-001         
2019-03-27                17:23:47.500              85.39152200               2049.396528               86.39152200               1553707427.501            0                         963                       1.0000000000E+000         1.6000000000E+001         0.0000000000E+000         8.2693616140E+000         8.3374821032E+000         4.6415823341E+002         4.6835780379E+002         6.4276870689E-001         8.1579743423E-001         
2019-03-27                17:24:11.000              85.39179398               2049.403056               86.39179398               1553707451.000            0                         963                       2.0000000000E+000         1.6000000000E+001         0.0000000000E+000         2.1387718880E+000         8.3374821032E+000         4.6415823341E+002         4.6883132403E+002         6.4276870689E-001         8.1579743423E-001         
2019-03-27                17:24:32.913              85.39204760               2049.409143               86.39204760               1553707472.913            0                         963                       1.0000000000E+000         1.6000000000E+001         0.0000000000E+000         2.1387718880E+000         8.3374821032E+000         4.6450040995E+002         4.6883132403E+002         6.4276870689E-001         8.1579743423E-001         
2019-03-27                17:24:59.233              85.39235225               2049.416454               86.39235225               1553707499.234            0                         963                       2.0000000000E+000         1.6000000000E+001         0.0000000000E+000         8.1188703521E+000         2.1563904411E+000         4.6450040995E+002         4.6917694556E+002         6.4276870689E-001         8.1579743423E-001         
2019-03-27                17:25:19.344              85.39258500               2049.422040               86.39258500               1553707519.344            0                         963                       1.0000000000E+000         1.6000000000E+001         0.0000000000E+000         8.1188703521E+000         2.1563904411E+000         4.6489490666E+002         4.6917694556E+002         6.4276870689E-001         8.1579743423E-001         
2019-03-27                17:26:08.588              85.39315497               2049.435719               86.39315497               1553707568.589            0                         963                       1.0000000000E+000         1.6000000000E+001         0.0000000000E+000         8.1188703521E+000         8.1857511400E+000         4.6552180981E+002         4.6957541403E+002         6.4276870689E-001         8.1579743423E-001         
2019-03-27                17:26:57.908              85.39372580               2049.449419               86.39372580               1553707617.909            0                         963                       1.0000000000E+000         1.0000000000E+000         0.0000000000E+000         8.1188703521E+000         8.1857511400E+000         7.6324457147E+002         4.7020862876E+002         6.4276870689E-001         8.1579743423E-001         
2019-03-27                17:27:46.252              85.39428532               2049.462848               86.39428532               1553707666.252            0                         963                       1.0000000000E+000         1.0000000000E+000         0.0000000000E+000         8.1188703521E+000         8.1857511400E+000         8.5771777479E+002         7.7092882824E+002         6.4276870689E-001         8.1579743423E-001         
2019-03-27                17:28:35.536              85.39485575               2049.476538               86.39485575               1553707715.537            0                         963                       1.0000000000E+000         1.6000000000E+001         0.0000000000E+000         8.1188703521E+000         8.1857511400E+000         5.6164729130E+002         8.6635317669E+002         6.4276870689E-001         8.1579743423E-001         
2019-03-27                17:29:24.855              85.39542657               2049.490238               86.39542657               1553707764.856            0                         963                       1.0000000000E+000         2.0000000000E+000         0.0000000000E+000         8.1188703521E+000         8.1857511400E+000         7.5048290256E+002         5.6730189032E+002         6.4276870689E-001         8.1579743423E-001         
2019-03-27                17:30:14.111              85.39599666               2049.503920               86.39599666               1553707814.111            0                         963                       1.0000000000E+000         2.0000000000E+000         0.0000000000E+000         8.1188703521E+000         8.1857511400E+000         8.6175137209E+002         7.5803867635E+002         6.4276870689E-001         8.1579743423E-001         
2019-03-27                17:30:42.029              85.39631978               2049.511675               86.39631978               1553707842.029            0                         963                       2.0000000000E+000         6.3750000000E+000         0.0000000000E+000         1.1317808861E+002         8.1857511400E+000         8.6175137209E+002         8.7042738377E+002         6.4276870689E-001         8.1579743423E-001         
2019-03-27                17:31:02.549              85.39655729               2049.517375               86.39655729               1553707862.550            0                         963                       1.0000000000E+000         1.6000000000E+001         0.0000000000E+000         1.1317808861E+002         8.1857511400E+000         5.6329998610E+002         8.7042738377E+002         6.4276870689E-001         8.1579743423E-001         
2019-03-27                17:31:31.075              85.39688745               2049.525299               86.39688745               1553707891.076            0                         963                       2.0000000000E+000         3.0000000000E+000         0.0000000000E+000         8.1575911258E+000         1.1411041532E+002         5.6329998610E+002         5.6897122426E+002         6.4276870689E-001         8.1579743423E-001         
2019-03-27                17:31:51.019              85.39711828               2049.530839               86.39711828               1553707911.019            0                         963                       1.0000000000E+000         3.0000000000E+000         0.0000000000E+000         8.1575911258E+000         1.1411041532E+002         1.3033217794E+003         5.6897122426E+002         6.4276870689E-001         8.1579743423E-001         
2019-03-27                17:32:40.328              85.39768899               2049.544536               86.39768899               1553707960.329            0                         963                       1.0000000000E+000         3.0000000000E+000         0.0000000000E+000         8.1575911258E+000         8.2247908836E+000         1.5522427359E+003         1.3164434701E+003         6.4276870689E-001         8.1579743423E-001         
2019-03-27                17:33:29.598              85.39825925               2049.558222               86.39825925               1553708009.599            0                         963                       1.0000000000E+000         1.6000000000E+001         0.0000000000E+000         8.1575911258E+000         8.2247908836E+000         7.7873222805E+002         1.5678705336E+003         6.4276870689E-001         8.1579743423E-001         
2019-03-27                17:34:18.897              85.39882983               2049.571916               86.39882983               1553708058.897            0                         963                       1.0000000000E+000         4.0000000000E+000         0.0000000000E+000         8.1575911258E+000         8.2247908836E+000         9.4402701489E+002         7.8657241274E+002         6.4276870689E-001         8.1579743423E-001         
2019-03-27                17:34:45.230              85.39913461               2049.579231               86.39913461               1553708085.230            0                         963                       2.0000000000E+000         4.0000000000E+000         0.0000000000E+000         8.1262603675E+000         8.2247908836E+000         9.4402701489E+002         9.5353136809E+002         6.4276870689E-001         8.1579743423E-001         
2019-03-27                17:35:05.348              85.39936747               2049.584819               86.39936747               1553708105.349            0                         963                       1.0000000000E+000         4.0000000000E+000         0.0000000000E+000         8.1262603675E+000         8.2247908836E+000         8.8153363097E+002         9.5353136809E+002         6.4276870689E-001         8.1579743423E-001         
2019-03-27                17:35:32.637              85.39968330               2049.592399               86.39968330               1553708132.637            0                         963                       2.0000000000E+000         5.5000000000E+000         0.0000000000E+000         7.9514272421E+000         8.1932020320E+000         8.8153363097E+002         8.9040880811E+002         6.4276870689E-001         8.1579743423E-001         
2019-03-27                17:35:52.744              85.39991603               2049.597985               86.39991603               1553708152.745            0                         963                       1.0000000000E+000         1.6000000000E+001         0.0000000000E+000         7.9514272421E+000         8.1932020320E+000         6.0343352200E+002         8.9040880811E+002         6.4276870689E-001         8.1579743423E-001         
2019-03-27                17:36:20.835              85.40024115               2049.605788               86.40024115               1553708180.835            0                         963                       2.0000000000E+000         1.0148936170E+001         0.0000000000E+000         1.1051653843E+002         8.0169286845E+000         6.0343352200E+002         6.0950881988E+002         6.4276870689E-001         8.1579743423E-001         
2019-03-27                17:36:41.151              85.40047630               2049.611431               86.40047630               1553708201.152            0                         963                       1.0000000000E+000         5.0000000000E+000         0.0000000000E+000         1.1051653843E+002         8.0169286845E+000         9.9880028665E+002         6.0950881988E+002         6.4276870689E-001         8.1579743423E-001         
2019-03-27                17:37:30.456              85.40104694               2049.625127               86.40104694               1553708250.456            0                         963                       1.0000000000E+000         5.0000000000E+000         0.0000000000E+000         1.1051653843E+002         1.1142694010E+002         1.1389689530E+003         1.0088560907E+003         6.4276870689E-001         8.1579743423E-001         
2019-03-27                17:38:19.690              85.40161679               2049.638803               86.40161679               1553708299.691            0                         963                       1.0000000000E+000         1.6000000000E+001         2.0000000000E+000         1.1051653843E+002         1.1142694010E+002         7.0245111119E+002         1.1504359587E+003         6.4276870689E-001         8.1579743423E-001         
2019-03-27                17:38:46.990              85.40193275               2049.646386               86.40193275               1553708326.990            0                         963                       2.0000000000E+000         1.1416666667E+001         1.0833333333E+000         7.9747018669E+000         1.1142694010E+002         7.0245111119E+002         7.0952330654E+002         6.4276870689E-001         8.1579743423E-001         
2019-03-27                17:39:07.117              85.40216571               2049.651977               86.40216571               1553708347.117            0                         963                       1.0000000000E+000         6.0000000000E+000         0.0000000000E+000         7.9747018669E+000         1.1142694010E+002         8.5333375135E+002         7.0952330654E+002         6.4276870689E-001         8.1579743423E-001         
2019-03-27                17:39:34.418              85.40248170               2049.659561               86.40248170               1553708374.419            0                         963                       2.0000000000E+000         6.0000000000E+000         0.0000000000E+000         1.1021928484E+002         8.0403950385E+000         8.5333375135E+002         8.6192501541E+002         6.4276870689E-001         8.1579743423E-001         
2019-03-27                17:39:54.529              85.40271446               2049.665147               86.40271446               1553708394.529            0                         963                       1.0000000000E+000         6.0000000000E+000         0.0000000000E+000         1.1021928484E+002         8.0403950385E+000         7.4685161873E+002         8.6192501541E+002         6.4276870689E-001         8.1579743423E-001         
2019-03-27                17:40:21.828              85.40303042               2049.672730               86.40303042               1553708421.828            0                         963                       2.0000000000E+000         6.0000000000E+000         0.0000000000E+000         8.0414754780E+000         1.1112723783E+002         7.4685161873E+002         7.5437083318E+002         6.4276870689E-001         8.1579743423E-001         
2019-03-27                17:40:41.950              85.40326331               2049.678319               86.40326331               1553708441.950            0                         963                       1.0000000000E+000         6.0000000000E+000         0.0000000000E+000         8.0414754780E+000         1.1112723783E+002         5.6390811721E+002         7.5437083318E+002         6.4276870689E-001         8.1579743423E-001         
2019-03-27                17:41:31.286              85.40383434               2049.692024               86.40383434               1553708491.287            0                         963                       1.0000000000E+000         7.0000000000E+000         0.0000000000E+000         8.0414754780E+000         8.1077187104E+000         1.7890666557E+003         5.6958547795E+002         6.4276870689E-001         8.1579743423E-001         
2019-03-27                17:42:18.644              85.40438245               2049.705179               86.40438245               1553708538.644            0                         963                       1.0000000000E+000         7.0000000000E+000         0.0000000000E+000         8.0414754780E+000         8.1077187104E+000         1.9804182384E+003         1.8070787689E+003         6.4276870689E-001         8.1579743423E-001         
2019-03-27                17:43:07.905              85.40495262               2049.718863               86.40495262               1553708587.906            0                         963                       1.0000000000E+000         7.0000000000E+000         0.0000000000E+000         8.0414754780E+000         8.1077187104E+000         8.0679087423E+002         2.0003568568E+003         6.4276870689E-001         8.1579743423E-001         
2019-03-27                17:43:56.279              85.40551249               2049.732300               86.40551249               1553708636.279            0                         963                       1.0000000000E+000         8.0000000000E+000         0.0000000000E+000         8.0414754780E+000         8.1077187104E+000         1.2802424259E+003         8.1491355007E+002         6.4276870689E-001         8.1579743423E-001         
2019-03-27                17:44:44.621              85.40607200               2049.745728               86.40607200               1553708684.621            0                         963                       1.0000000000E+000         8.0000000000E+000         0.0000000000E+000         8.0414754780E+000         8.1077187104E+000         1.3285625482E+003         1.2931317564E+003         6.4276870689E-001         8.1579743423E-001         
2019-03-27                17:45:10.486              85.40637138               2049.752913               86.40637138               1553708710.487            0                         963                       2.0000000000E+000         8.0000000000E+000         0.0000000000E+000         2.9939893665E+001         8.1077187104E+000         1.3285625482E+003         1.3419383600E+003         6.4276870689E-001         8.1579743423E-001         
2019-03-27                17:45:30.960              85.40660834               2049.758600               86.40660834               1553708730.961            0                         963                       1.0000000000E+000         8.0000000000E+000         0.0000000000E+000         2.9939893665E+001         8.1077187104E+000         6.4314105431E+002         1.3419383600E+003         6.4276870689E-001         8.1579743423E-001         
2019-03-27                17:45:56.454              85.40690341               2049.765682               86.40690341               1553708756.455            0                         963                       2.0000000000E+000         1.5625000000E+001         0.0000000000E+000         2.1476335433E+000         3.0186529414E+001         6.4314105431E+002         6.4961612297E+002         6.4276870689E-001         8.1579743423E-001         
2019-03-27                17:46:17.299              85.40714468               2049.771472               86.40714468               1553708777.300            0                         963                       1.0000000000E+000         9.0000000000E+000         0.0000000000E+000         2.1476335433E+000         3.0186529414E+001         6.1496846487E+002         6.4961612297E+002         6.4276870689E-001         8.1579743423E-001         
2019-03-27                17:46:44.232              85.40745639               2049.778953               86.40745639               1553708804.232            0                         963                       2.0000000000E+000         9.0000000000E+000         0.0000000000E+000         7.9014882863E+000         2.1653250960E+000         6.1496846487E+002         6.2115989521E+002         6.4276870689E-001         8.1579743423E-001         
2019-03-27                17:47:04.726              85.40769359               2049.784646               86.40769359               1553708824.726            0                         963                       1.0000000000E+000         9.0000000000E+000         0.0000000000E+000         7.9014882863E+000         2.1653250960E+000         4.8593958807E+002         6.2115989521E+002         6.4276870689E-001         8.1579743423E-001         
2019-03-27                17:47:32.029              85.40800959               2049.792230               86.40800959               1553708852.029            0                         963                       2.0000000000E+000         9.0000000000E+000         0.0000000000E+000         8.1967014406E+000         7.9665783467E+000         4.8593958807E+002         4.9083197082E+002         6.4276870689E-001         8.1579743423E-001         
2019-03-27                17:47:52.142              85.40824240               2049.797817               86.40824240               1553708872.143            0                         963                       1.0000000000E+000         9.0000000000E+000         0.0000000000E+000         8.1967014406E+000         7.9665783467E+000         4.8638878709E+002         4.9083197082E+002         6.4276870689E-001         8.1579743423E-001         
2019-03-27                17:48:20.043              85.40856532               2049.805568               86.40856532               1553708900.044            0                         963                       2.0000000000E+000         1.2937500000E+001         0.0000000000E+000         8.1622979316E+000         8.2642233773E+000         4.8638878709E+002         4.9128569232E+002         6.4276870689E-001         8.1579743423E-001         
2019-03-27                17:48:40.562              85.40880281               2049.811267               86.40880281               1553708920.563            0                         963                       1.0000000000E+000         1.6000000000E+001         0.0000000000E+000         8.1622979316E+000         8.2642233773E+000         4.8666733888E+002         4.9128569232E+002         6.4276870689E-001         8.1579743423E-001         
2019-03-27                17:49:29.834              85.40937308               2049.824954               86.40937308               1553708969.834            0                         963                       1.0000000000E+000         1.0000000000E+001         0.0000000000E+000         8.1622979316E+000         8.2295364626E+000         4.8689034826E+002         4.9156704853E+002         6.4276870689E-001         8.1579743423E-001         
2019-03-27                17:50:19.069              85.40994293               2049.838630               86.40994293               1553709019.069            0                         963                       1.0000000000E+000         1.0000000000E+001         0.0000000000E+000         8.1622979316E+000         8.2295364626E+000         4.8699846530E+002         4.9179230315E+002         6.4276870689E-001         8.1579743423E-001         
2019-03-27                17:51:08.295              85.41051267               2049.852304               86.41051267               1553709068.295            0                         963                       1.0000000000E+000         1.6000000000E+001         0.0000000000E+000         8.1622979316E+000         8.2295364626E+000         4.8695913160E+002         4.9190150870E+002         6.4276870689E-001         8.1579743423E-001         
2019-03-27                17:51:34.599              85.41081713               2049.859611               86.41081713               1553709094.600            0                         963                       2.0000000000E+000         1.1000000000E+001         0.0000000000E+000         8.1611972330E+000         8.2295364626E+000         4.8695913160E+002         4.9186177899E+002         6.4276870689E-001         8.1579743423E-001         
2019-03-27                17:51:54.717              85.41104998               2049.865199               86.41104998               1553709114.718            0                         963                       1.0000000000E+000         1.1000000000E+001         0.0000000000E+000         8.1611972330E+000         8.2295364626E+000         4.8660031620E+002         4.9186177899E+002         6.4276870689E-001         8.1579743423E-001         
2019-03-27                17:52:22.029              85.41136608               2049.872786               86.41136608               1553709142.029            0                         963                       2.0000000000E+000         1.1000000000E+001         0.0000000000E+000         8.0008272834E+000         8.2284266968E+000         4.8660031620E+002         4.9149935108E+002         6.4276870689E-001         8.1579743423E-001         
2019-03-27                17:52:42.137              85.41159881               2049.878371               86.41159881               1553709162.137            0                         963                       1.0000000000E+000         1.1000000000E+001         0.0000000000E+000         8.0008272834E+000         8.2284266968E+000         4.8683264861E+002         4.9149935108E+002         6.4276870689E-001         8.1579743423E-001         
2019-03-27                17:53:09.392              85.41191427               2049.885942               86.41191427               1553709189.393            0                         963                       2.0000000000E+000         1.2770833333E+001         0.0000000000E+000         1.1215037604E+002         8.0667356682E+000         4.8683264861E+002         4.9173402258E+002         6.4276870689E-001         8.1579743423E-001         
2019-03-27                17:53:29.519              85.41214722               2049.891533               86.41214722               1553709209.520            0                         963                       1.0000000000E+000         1.6000000000E+001         0.0000000000E+000         1.1215037604E+002         8.0667356682E+000         4.8676977466E+002         4.9173402258E+002         6.4276870689E-001         8.1579743423E-001         
2019-03-27                17:54:18.855              85.41271824               2049.905238               86.41271824               1553709258.856            0                         963                       1.0000000000E+000         1.2000000000E+001         0.0000000000E+000         1.1215037604E+002         1.1307423677E+002         4.8646154648E+002         4.9167051563E+002         6.4276870689E-001         8.1579743423E-001         
2019-03-27                17:55:08.148              85.41328876               2049.918930               86.41328876               1553709308.149            0                         963                       1.0000000000E+000         1.2000000000E+001         0.0000000000E+000         1.1215037604E+002         1.1307423677E+002         4.8632932177E+002         4.9135918424E+002         6.4276870689E-001         8.1579743423E-001         
2019-03-27                17:55:35.434              85.41360457               2049.926510               86.41360457               1553709335.435            0                         963                       2.0000000000E+000         1.3083333333E+001         0.0000000000E+000         8.2056201820E+000         1.1307423677E+002         4.8632932177E+002         4.9122562831E+002         6.4276870689E-001         8.1579743423E-001         
2019-03-27                17:55:55.546              85.41383734               2049.932096               86.41383734               1553709355.546            0                         963                       1.0000000000E+000         1.6000000000E+001         0.0000000000E+000         8.2056201820E+000         1.1307423677E+002         4.8643580541E+002         4.9122562831E+002         6.4276870689E-001         8.1579743423E-001         
2019-03-27                17:56:23.443              85.41416022               2049.939845               86.41416022               1553709383.443            0                         963                       2.0000000000E+000         1.3000000000E+001         0.0000000000E+000         8.2432214667E+000         8.2732155886E+000         4.8643580541E+002         4.9133318401E+002         6.4276870689E-001         8.1579743423E-001         
2019-03-27                17:56:43.957              85.41439765               2049.945544               86.41439765               1553709403.957            0                         963                       1.0000000000E+000         1.3000000000E+001         0.0000000000E+000         8.2432214667E+000         8.2732155886E+000         4.8651117270E+002         4.9133318401E+002         6.4276870689E-001         8.1579743423E-001         
2019-03-27                17:57:12.033              85.41472262               2049.953343               86.41472262               1553709432.034            0                         963                       2.0000000000E+000         1.3000000000E+001         0.0000000000E+000         8.3635999526E+000         8.3111266212E+000         4.8651117270E+002         4.9140931009E+002         6.4276870689E-001         8.1579743423E-001         
2019-03-27                17:57:32.361              85.41495789               2049.958989               86.41495789               1553709452.362            0                         963                       1.0000000000E+000         1.3000000000E+001         0.0000000000E+000         8.3635999526E+000         8.3111266212E+000         4.8661727363E+002         4.9140931009E+002         6.4276870689E-001         8.1579743423E-001         
2019-03-27                17:58:21.644              85.41552829               2049.972679               86.41552829               1553709501.644            0                         963                       1.0000000000E+000         1.6000000000E+001         0.0000000000E+000         8.3635999526E+000         8.4324967485E+000         4.8642322877E+002         4.9151647923E+002         6.4276870689E-001         8.1579743423E-001         
2019-03-27                17:59:10.844              85.41609773               2049.986346               86.41609773               1553709550.844            0                         963                       1.0000000000E+000         1.4000000000E+001         0.0000000000E+000         8.3635999526E+000         8.4324967485E+000         4.8615856139E+002         4.9132048075E+002         6.4276870689E-001         8.1579743423E-001         
2019-03-27                18:00:00.099              85.41666782               2050.000028               86.41666782               1553709600.100            0                         963                       1.0000000000E+000         1.4000000000E+001         0.0000000000E+000         8.3635999526E+000         8.4324967485E+000         4.8588494323E+002         4.9105314873E+002         6.4276870689E-001         8.1579743423E-001         
2019-03-27                18:00:27.229              85.41698182               2050.007564               86.41698182               1553709627.229            0                         963                       2.0000000000E+000         1.4255319149E+001         0.0000000000E+000         8.1694956287E+000         8.4324967485E+000         4.8588494323E+002         4.9077677582E+002         6.4276870689E-001         8.1579743423E-001         
2019-03-27                18:00:47.546              85.41721697               2050.013207               86.41721697               1553709647.546            0                         963                       1.0000000000E+000         1.6000000000E+001         0.0000000000E+000         8.1694956287E+000         8.4324967485E+000         4.8539741356E+002         4.9077677582E+002         6.4276870689E-001         8.1579743423E-001         
2019-03-27                18:01:14.825              85.41753271               2050.020785               86.41753271               1553709674.826            0                         963                       2.0000000000E+000         1.5500000000E+001         0.0000000000E+000         5.0802379179E+001         8.2367934521E+000         4.8539741356E+002         4.9028433775E+002         6.4276870689E-001         8.1579743423E-001         
2019-03-27                18:01:34.940              85.41776552               2050.026372               86.41776552               1553709694.941            0                         963                       1.0000000000E+000         1.5000000000E+001         0.0000000000E+000         5.0802379179E+001         8.2367934521E+000         4.8533284277E+002         4.9028433775E+002         6.4276870689E-001         8.1579743423E-001         
2019-03-27                18:02:02.230              85.41808137               2050.033953               86.41808137               1553709722.230            0                         963                       2.0000000000E+000         1.5000000000E+001         0.0000000000E+000         8.2644274368E+000         5.1220873747E+001         4.8533284277E+002         4.9021911688E+002         6.4276870689E-001         8.1579743423E-001         
2019-03-27                18:02:22.346              85.41831420               2050.039541               86.41831420               1553709742.347            0                         963                       1.0000000000E+000         1.5000000000E+001         0.0000000000E+000         8.2644274368E+000         5.1220873747E+001         4.8558555692E+002         4.9021911688E+002         6.4276870689E-001         8.1579743423E-001         
2019-03-27                18:02:50.434              85.41863928               2050.047343               86.41863928               1553709770.434            0                         963                       2.0000000000E+000         1.5000000000E+001         0.0000000000E+000         4.9483627033E+001         8.3325072797E+000         4.8558555692E+002         4.9047437532E+002         6.4276870689E-001         8.1579743423E-001         
