DATE                      TIME                      FRAC_DAYS_SINCE_JAN1      FRAC_HRS_SINCE_JAN1       JULIAN_DAYS               EPOCH_TIME                ALARM_STATUS              INST_STATUS               species                   MPVPosition               solenoid_valves           CH4                       CH4_dry                   CO2                       CO2_dry                   H2O                       h2o_reported              
2019-04-13                21:59:38.109              102.58307998              2461.993919               103.58307998              1555192778.110            0                         963                       1.0000000000E+000         1.6000000000E+001         0.0000000000E+000         1.6350291065E+001         1.6513158667E+001         4.1426992093E+002         4.1936572003E+002         7.7602714033E-001         9.8092081069E-001         
2019-04-13                22:00:27.433              102.58365084              2462.007620               103.58365084              1555192827.433            0                         963                       1.0000000000E+000         1.6000000000E+001         0.0000000000E+000         1.6350291065E+001         1.6513158667E+001         4.1424747552E+002         4.1931356857E+002         7.7602714033E-001         9.8092081069E-001         
2019-04-13                22:00:54.285              102.58396163              2462.015079               103.58396163              1555192854.285            0                         963                       2.0000000000E+000         1.6000000000E+001         0.0000000000E+000         1.6081237788E+001         1.6513158667E+001         4.1424747552E+002         4.1929084989E+002         7.7602714033E-001         9.8092081069E-001         
2019-04-13                22:01:14.753              102.58419854              2462.020765               103.58419854              1555192874.754            0                         963                       1.0000000000E+000         1.6000000000E+001         0.0000000000E+000         1.6081237788E+001         1.6513158667E+001         4.1419742336E+002         4.1929084989E+002         7.7602714033E-001         9.8092081069E-001         
2019-04-13                22:02:04.005              102.58476858              2462.034446               103.58476858              1555192924.005            0                         963                       1.0000000000E+000         1.6000000000E+001         0.0000000000E+000         1.6081237788E+001         1.6241425312E+001         4.1416232041E+002         4.1924018836E+002         7.7602714033E-001         9.8092081069E-001         
2019-04-13                22:02:53.273              102.58533882              2462.048132               103.58533882              1555192973.274            0                         963                       1.0000000000E+000         1.6000000000E+001         0.0000000000E+000         1.6081237788E+001         1.6241425312E+001         4.1412409155E+002         4.1920465804E+002         7.7602714033E-001         9.8092081069E-001         
2019-04-13                22:03:42.562              102.58590928              2462.061823               103.58590928              1555193022.562            0                         963                       1.0000000000E+000         1.6000000000E+001         0.0000000000E+000         1.6081237788E+001         1.6241425312E+001         4.1407273099E+002         4.1916596375E+002         7.7602714033E-001         9.8092081069E-001         
2019-04-13                22:04:09.811              102.58622466              2462.069392               103.58622466              1555193049.811            0                         963                       2.0000000000E+000         1.6000000000E+001         0.0000000000E+000         1.6080548085E+001         1.6241425312E+001         4.1407273099E+002         4.1911397789E+002         7.7602714033E-001         9.8092081069E-001         
2019-04-13                22:04:29.928              102.58645751              2462.074980               103.58645751              1555193069.929            0                         963                       1.0000000000E+000         1.6000000000E+001         0.0000000000E+000         1.6080548085E+001         1.6241425312E+001         4.1406001333E+002         4.1911397789E+002         7.7602714033E-001         9.8092081069E-001         
2019-04-13                22:05:19.180              102.58702756              2462.088661               103.58702756              1555193119.181            0                         963                       1.0000000000E+000         1.6000000000E+001         0.0000000000E+000         1.6080548085E+001         1.6240728739E+001         4.1404925847E+002         4.1910110539E+002         7.7602714033E-001         9.8092081069E-001         
2019-04-13                22:06:08.413              102.58759737              2462.102337               103.58759737              1555193168.413            0                         963                       1.0000000000E+000         1.6000000000E+001         0.0000000000E+000         1.6080548085E+001         1.6240728739E+001         4.1403083925E+002         4.1909021960E+002         7.7602714033E-001         9.8092081069E-001         
2019-04-13                22:06:57.740              102.58816829              2462.116039               103.58816829              1555193217.740            0                         963                       1.0000000000E+000         1.6000000000E+001         0.0000000000E+000         1.6080548085E+001         1.6240728739E+001         4.1399837844E+002         4.1907157613E+002         7.7602714033E-001         9.8092081069E-001         
2019-04-13                22:07:46.980              102.58873821              2462.129717               103.58873821              1555193266.981            0                         963                       1.0000000000E+000         1.6000000000E+001         0.0000000000E+000         1.6080548085E+001         1.6240728739E+001         4.1395979804E+002         4.1903872012E+002         7.7602714033E-001         9.8092081069E-001         
2019-04-13                22:08:36.236              102.58930830              2462.143399               103.58930830              1555193316.237            0                         963                       1.0000000000E+000         1.6000000000E+001         0.0000000000E+000         1.6080548085E+001         1.6240728739E+001         4.1398528672E+002         4.1899967001E+002         7.7602714033E-001         9.8092081069E-001         
2019-04-13                22:09:25.507              102.58987856              2462.157086               103.58987856              1555193365.508            0                         963                       1.0000000000E+000         1.6000000000E+001         0.0000000000E+000         1.6080548085E+001         1.6240728739E+001         4.1402688830E+002         4.1902546901E+002         7.7602714033E-001         9.8092081069E-001         
2019-04-13                22:10:13.803              102.59043755              2462.170501               103.59043755              1555193413.804            0                         963                       1.0000000000E+000         1.6000000000E+001         0.0000000000E+000         1.6080548085E+001         1.6240728739E+001         4.1401248908E+002         4.1906757707E+002         7.7602714033E-001         9.8092081069E-001         
2019-04-13                22:11:03.032              102.59100733              2462.184176               103.59100733              1555193463.033            0                         963                       1.0000000000E+000         1.6000000000E+001         0.0000000000E+000         1.6080548085E+001         1.6240728739E+001         4.1400144090E+002         4.1905300255E+002         7.7602714033E-001         9.8092081069E-001         
2019-04-13                22:11:52.325              102.59157785              2462.197868               103.59157785              1555193512.326            0                         963                       1.0000000000E+000         1.6000000000E+001         0.0000000000E+000         1.6080548085E+001         1.6240728739E+001         4.1398330738E+002         4.1904181986E+002         7.7602714033E-001         9.8092081069E-001         
2019-04-13                22:12:41.595              102.59214810              2462.211554               103.59214810              1555193561.596            0                         963                       1.0000000000E+000         1.6000000000E+001         0.0000000000E+000         1.6080548085E+001         1.6240728739E+001         4.1396451012E+002         4.1902346557E+002         7.7602714033E-001         9.8092081069E-001         
2019-04-13                22:13:08.003              102.59245374              2462.218890               103.59245374              1555193588.003            0                         963                       2.0000000000E+000         1.6000000000E+001         0.0000000000E+000         1.5934596198E+001         1.6240728739E+001         4.1396451012E+002         4.1900443945E+002         7.7602714033E-001         9.8092081069E-001         
2019-04-13                22:13:28.930              102.59269595              2462.224703               103.59269595              1555193608.930            0                         963                       1.0000000000E+000         1.6000000000E+001         0.0000000000E+000         1.5934596198E+001         1.6240728739E+001         4.1394866828E+002         4.1900443945E+002         7.7602714033E-001         9.8092081069E-001         
2019-04-13                22:14:18.229              102.59326654              2462.238397               103.59326654              1555193658.229            0                         963                       1.0000000000E+000         1.6000000000E+001         0.0000000000E+000         1.5934596198E+001         1.6093323004E+001         4.1396894317E+002         4.1898840474E+002         7.7602714033E-001         9.8092081069E-001         
2019-04-13                22:15:07.484              102.59383663              2462.252079               103.59383663              1555193707.485            0                         963                       1.0000000000E+000         1.6000000000E+001         0.0000000000E+000         1.5934596198E+001         1.6093323004E+001         4.1399704998E+002         4.1900892647E+002         7.7602714033E-001         9.8092081069E-001         
2019-04-13                22:15:55.740              102.59439514              2462.265483               103.59439514              1555193755.740            0                         963                       1.0000000000E+000         1.6000000000E+001         0.0000000000E+000         1.5934596198E+001         1.6093323004E+001         4.1402811184E+002         4.1903737548E+002         7.7602714033E-001         9.8092081069E-001         
2019-04-13                22:16:45.017              102.59496549              2462.279172               103.59496549              1555193805.018            0                         963                       1.0000000000E+000         1.6000000000E+001         0.0000000000E+000         1.5934596198E+001         1.6093323004E+001         4.1401008005E+002         4.1906881551E+002         7.7602714033E-001         9.8092081069E-001         
2019-04-13                22:17:34.278              102.59553563              2462.292855               103.59553563              1555193854.278            0                         963                       1.0000000000E+000         1.6000000000E+001         0.0000000000E+000         1.5934596198E+001         1.6093323004E+001         4.1397434717E+002         4.1905056419E+002         7.7602714033E-001         9.8092081069E-001         
2019-04-13                22:18:23.496              102.59610528              2462.306527               103.59610528              1555193903.496            0                         963                       1.0000000000E+000         1.6000000000E+001         0.0000000000E+000         1.5934596198E+001         1.6093323004E+001         4.1400628453E+002         4.1901439627E+002         7.7602714033E-001         9.8092081069E-001         
2019-04-13                22:19:11.779              102.59666412              2462.319939               103.59666412              1555193951.780            0                         963                       1.0000000000E+000         1.6000000000E+001         0.0000000000E+000         1.5934596198E+001         1.6093323004E+001         4.1402449202E+002         4.1904672245E+002         7.7602714033E-001         9.8092081069E-001         
2019-04-13                22:20:01.079              102.59723472              2462.333633               103.59723472              1555194001.080            0                         963                       1.0000000000E+000         1.6000000000E+001         0.0000000000E+000         1.5934596198E+001         1.6093323004E+001         4.1400141605E+002         4.1906515162E+002         7.7602714033E-001         9.8092081069E-001         
2019-04-13                22:20:50.329              102.59780475              2462.347314               103.59780475              1555194050.330            0                         963                       1.0000000000E+000         1.6000000000E+001         0.0000000000E+000         1.5934596198E+001         1.6093323004E+001         4.1400153555E+002         4.1904179471E+002         7.7602714033E-001         9.8092081069E-001         
2019-04-13                22:21:38.608              102.59836353              2462.360725               103.59836353              1555194098.609            0                         963                       1.0000000000E+000         1.6000000000E+001         0.0000000000E+000         1.5934596198E+001         1.6093323004E+001         4.1400303280E+002         4.1904191566E+002         7.7602714033E-001         9.8092081069E-001         
2019-04-13                22:22:27.831              102.59893323              2462.374398               103.59893323              1555194147.831            0                         963                       1.0000000000E+000         1.6000000000E+001         0.0000000000E+000         1.5934596198E+001         1.6093323004E+001         4.1403293202E+002         4.1904343114E+002         7.7602714033E-001         9.8092081069E-001         
2019-04-13                22:23:17.023              102.59950259              2462.388062               103.59950259              1555194197.024            0                         963                       1.0000000000E+000         1.6000000000E+001         0.0000000000E+000         1.5934596198E+001         1.6093323004E+001         4.1406061481E+002         4.1907369437E+002         7.7602714033E-001         9.8092081069E-001         
2019-04-13                22:23:42.871              102.59980175              2462.395242               103.59980175              1555194222.871            0                         963                       2.0000000000E+000         1.6000000000E+001         0.0000000000E+000         1.6158723682E+001         1.6093323004E+001         4.1406061481E+002         4.1910171419E+002         7.7602714033E-001         9.8092081069E-001         
2019-04-13                22:24:03.298              102.60003817              2462.400916               103.60003817              1555194243.298            0                         963                       1.0000000000E+000         1.6000000000E+001         0.0000000000E+000         1.6158723682E+001         1.6093323004E+001         4.1402352421E+002         4.1910171419E+002         7.7602714033E-001         9.8092081069E-001         
2019-04-13                22:24:52.529              102.60060797              2462.414591               103.60060797              1555194292.529            0                         963                       1.0000000000E+000         1.6000000000E+001         0.0000000000E+000         1.6158723682E+001         1.6319683054E+001         4.1402687300E+002         4.1906417203E+002         7.7602714033E-001         9.8092081069E-001         
2019-04-13                22:25:41.742              102.60117757              2462.428262               103.60117757              1555194341.742            0                         963                       1.0000000000E+000         1.6000000000E+001         0.0000000000E+000         1.6158723682E+001         1.6319683054E+001         4.1401559214E+002         4.1906756158E+002         7.7602714033E-001         9.8092081069E-001         
2019-04-13                22:26:31.013              102.60174785              2462.441948               103.60174785              1555194391.014            0                         963                       1.0000000000E+000         1.6000000000E+001         0.0000000000E+000         1.6158723682E+001         1.6319683054E+001         4.1402156406E+002         4.1905614338E+002         7.7602714033E-001         9.8092081069E-001         
2019-04-13                22:27:20.296              102.60231825              2462.455638               103.60231825              1555194440.297            0                         963                       1.0000000000E+000         1.6000000000E+001         0.0000000000E+000         1.6158723682E+001         1.6319683054E+001         4.1401496536E+002         4.1906218801E+002         7.7602714033E-001         9.8092081069E-001         
2019-04-13                22:28:08.558              102.60287683              2462.469044               103.60287683              1555194488.558            0                         963                       1.0000000000E+000         1.6000000000E+001         0.0000000000E+000         1.6158723682E+001         1.6319683054E+001         4.1400228843E+002         4.1905550897E+002         7.7602714033E-001         9.8092081069E-001         
2019-04-13                22:28:57.813              102.60344692              2462.482726               103.60344692              1555194537.814            0                         963                       1.0000000000E+000         1.6000000000E+001         0.0000000000E+000         1.6158723682E+001         1.6319683054E+001         4.1398927370E+002         4.1904267771E+002         7.7602714033E-001         9.8092081069E-001         
2019-04-13                22:29:47.168              102.60401816              2462.496436               103.60401816              1555194587.169            0                         963                       1.0000000000E+000         1.6000000000E+001         0.0000000000E+000         1.6158723682E+001         1.6319683054E+001         4.1400394240E+002         4.1902950452E+002         7.7602714033E-001         9.8092081069E-001         
2019-04-13                22:30:15.625              102.60434751              2462.504340               103.60434751              1555194615.625            0                         963                       2.0000000000E+000         1.6000000000E+001         0.0000000000E+000         2.4111144227E+002         1.6319683054E+001         4.1400394240E+002         4.1904435181E+002         7.7602714033E-001         9.8092081069E-001         
2019-04-13                22:30:35.546              102.60457809              2462.509874               103.60457809              1555194635.547            0                         963                       1.0000000000E+000         1.6000000000E+001         0.0000000000E+000         2.4111144227E+002         1.6319683054E+001         4.1403273536E+002         4.1904435181E+002         7.7602714033E-001         9.8092081069E-001         
2019-04-13                22:31:24.776              102.60514788              2462.523549               103.60514788              1555194684.777            0                         963                       1.0000000000E+000         1.6000000000E+001         0.0000000000E+000         2.4111144227E+002         2.4351318805E+002         4.1404677104E+002         4.1907349532E+002         7.7602714033E-001         9.8092081069E-001         
2019-04-13                22:32:14.013              102.60571774              2462.537226               103.60571774              1555194734.013            0                         963                       1.0000000000E+000         1.6000000000E+001         0.0000000000E+000         2.4111144227E+002         2.4351318805E+002         4.1404741425E+002         4.1908770189E+002         7.7602714033E-001         9.8092081069E-001         
2019-04-13                22:33:03.309              102.60628831              2462.550919               103.60628831              1555194783.310            0                         963                       1.0000000000E+000         1.6000000000E+001         0.0000000000E+000         2.4111144227E+002         2.4351318805E+002         4.1404692112E+002         4.1908835293E+002         7.7602714033E-001         9.8092081069E-001         
2019-04-13                22:33:29.585              102.60659243              2462.558218               103.60659243              1555194809.586            0                         963                       2.0000000000E+000         1.6000000000E+001         0.0000000000E+000         1.6288155403E+001         2.4351318805E+002         4.1404692112E+002         4.1908785379E+002         7.7602714033E-001         9.8092081069E-001         
2019-04-13                22:33:49.713              102.60682538              2462.563809               103.60682538              1555194829.713            0                         963                       1.0000000000E+000         1.6000000000E+001         0.0000000000E+000         1.6288155403E+001         2.4351318805E+002         4.1401920615E+002         4.1908785379E+002         7.7602714033E-001         9.8092081069E-001         
2019-04-13                22:34:37.990              102.60738414              2462.577219               103.60738414              1555194877.990            0                         963                       1.0000000000E+000         1.6000000000E+001         0.0000000000E+000         1.6288155403E+001         1.6450404063E+001         4.1403613364E+002         4.1905980139E+002         7.7602714033E-001         9.8092081069E-001         
2019-04-13                22:35:27.273              102.60795456              2462.590909               103.60795456              1555194927.274            0                         963                       1.0000000000E+000         1.6000000000E+001         0.0000000000E+000         1.6288155403E+001         1.6450404063E+001         4.1405665953E+002         4.1907693497E+002         7.7602714033E-001         9.8092081069E-001         
2019-04-13                22:36:16.522              102.60852456              2462.604589               103.60852456              1555194976.522            0                         963                       1.0000000000E+000         1.6000000000E+001         0.0000000000E+000         1.6288155403E+001         1.6450404063E+001         4.1406223471E+002         4.1909771076E+002         7.7602714033E-001         9.8092081069E-001         
2019-04-13                22:37:05.778              102.60909465              2462.618272               103.60909465              1555195025.778            0                         963                       1.0000000000E+000         1.6000000000E+001         0.0000000000E+000         1.6288155403E+001         1.6450404063E+001         4.1409199872E+002         4.1910335382E+002         7.7602714033E-001         9.8092081069E-001         
2019-04-13                22:37:55.023              102.60966462              2462.631951               103.60966462              1555195075.023            0                         963                       1.0000000000E+000         1.6000000000E+001         0.0000000000E+000         1.6288155403E+001         1.6450404063E+001         4.1410578378E+002         4.1913348020E+002         7.7602714033E-001         9.8092081069E-001         
2019-04-13                22:38:44.265              102.61023455              2462.645629               103.61023455              1555195124.265            0                         963                       1.0000000000E+000         1.6000000000E+001         0.0000000000E+000         1.6288155403E+001         1.6450404063E+001         4.1408860979E+002         4.1914743309E+002         7.7602714033E-001         9.8092081069E-001         
2019-04-13                22:39:33.565              102.61080515              2462.659324               103.61080515              1555195173.565            0                         963                       1.0000000000E+000         1.6000000000E+001         0.0000000000E+000         1.6288155403E+001         1.6450404063E+001         4.1407044713E+002         4.1913005001E+002         7.7602714033E-001         9.8092081069E-001         
2019-04-13                22:40:00.292              102.61111449              2462.666748               103.61111449              1555195200.292            0                         963                       2.0000000000E+000         1.6000000000E+001         0.0000000000E+000         1.5983549981E+001         1.6450404063E+001         4.1407044713E+002         4.1911166622E+002         7.7602714033E-001         9.8092081069E-001         
2019-04-13                22:40:20.927              102.61135332              2462.672480               103.61135332              1555195220.927            0                         963                       1.0000000000E+000         1.6000000000E+001         0.0000000000E+000         1.5983549981E+001         1.6450404063E+001         4.1408382507E+002         4.1911166622E+002         7.7602714033E-001         9.8092081069E-001         
2019-04-13                22:41:10.174              102.61192331              2462.686159               103.61192331              1555195270.174            0                         963                       1.0000000000E+000         1.6000000000E+001         0.0000000000E+000         1.5983549981E+001         1.6142764423E+001         4.1409271478E+002         4.1912520703E+002         7.7602714033E-001         9.8092081069E-001         
2019-04-13                22:41:59.421              102.61249330              2462.699839               103.61249330              1555195319.421            0                         963                       1.0000000000E+000         1.6000000000E+001         0.0000000000E+000         1.5983549981E+001         1.6142764423E+001         4.1413050542E+002         4.1913420498E+002         7.7602714033E-001         9.8092081069E-001         
2019-04-13                22:42:48.743              102.61306417              2462.713540               103.61306417              1555195368.744            0                         963                       1.0000000000E+000         1.6000000000E+001         0.0000000000E+000         1.5983549981E+001         1.6142764423E+001         4.1415525514E+002         4.1917245571E+002         7.7602714033E-001         9.8092081069E-001         
2019-04-13                22:43:38.009              102.61363437              2462.727225               103.61363437              1555195418.010            0                         963                       1.0000000000E+000         1.6000000000E+001         0.0000000000E+000         1.5983549981E+001         1.6142764423E+001         4.1413948851E+002         4.1919750675E+002         7.7602714033E-001         9.8092081069E-001         
2019-04-13                22:44:27.243              102.61420420              2462.740901               103.61420420              1555195467.243            0                         963                       1.0000000000E+000         1.6000000000E+001         0.0000000000E+000         1.5983549981E+001         1.6142764423E+001         4.1416479415E+002         4.1918154816E+002         7.7602714033E-001         9.8092081069E-001         
2019-04-13                22:45:16.490              102.61477420              2462.754581               103.61477420              1555195516.491            0                         963                       1.0000000000E+000         1.6000000000E+001         0.0000000000E+000         1.5983549981E+001         1.6142764423E+001         4.1421154623E+002         4.1920716190E+002         7.7602714033E-001         9.8092081069E-001         
2019-04-13                22:45:19.115              102.61480457              2462.755310               103.61480457              1555195519.115            0                         963                       3.0000000000E+000         1.6000000000E+001         0.0000000000E+000         1.5983549981E+001         1.6148608061E+001         4.1421154623E+002         4.1943962755E+002         8.3250401255E-001         1.0505080048E+000         
2019-04-13                22:45:25.400              102.61487731              2462.757056               103.61487731              1555195525.400            0                         963                       2.0000000000E+000         1.6000000000E+001         0.0000000000E+000         2.2178165701E+000         1.6148608061E+001         4.1421154623E+002         4.1943962755E+002         8.3250401255E-001         1.0505080048E+000         
2019-04-13                22:45:48.191              102.61514111              2462.763387               103.61514111              1555195548.192            0                         963                       1.0000000000E+000         1.6000000000E+001         0.0000000000E+000         2.2178165701E+000         1.6148608061E+001         4.1418886857E+002         4.1943962755E+002         8.3250401255E-001         1.0505080048E+000         
2019-04-13                22:46:37.394              102.61571059              2462.777054               103.61571059              1555195597.395            0                         963                       1.0000000000E+000         1.6000000000E+001         0.0000000000E+000         2.2178165701E+000         2.2415321420E+000         4.1420135595E+002         4.1960223670E+002         8.3250401255E-001         1.0505080048E+000         
2019-04-13                22:47:29.904              102.61631834              2462.791640               103.61631834              1555195649.905            0                         963                       1.0000000000E+000         1.6000000000E+001         0.0000000000E+000         2.2178165701E+000         2.2415321420E+000         4.1422704620E+002         4.1961488729E+002         8.3250401255E-001         1.0505080048E+000         
2019-04-13                22:48:18.125              102.61687645              2462.805035               103.61687645              1555195698.125            0                         963                       1.0000000000E+000         1.6000000000E+001         0.0000000000E+000         2.2178165701E+000         2.2415321420E+000         4.1423864786E+002         4.1964091331E+002         8.3250401255E-001         1.0505080048E+000         
2019-04-13                22:49:10.742              102.61748544              2462.819651               103.61748544              1555195750.742            0                         963                       1.0000000000E+000         1.6000000000E+001         0.0000000000E+000         2.2178165701E+000         2.2415321420E+000         4.1424672889E+002         4.1965266660E+002         8.3250401255E-001         1.0505080048E+000         
2019-04-13                22:50:03.253              102.61809321              2462.834237               103.61809321              1555195803.253            0                         963                       1.0000000000E+000         1.6000000000E+001         0.0000000000E+000         2.2178165701E+000         2.2415321420E+000         4.1427037492E+002         4.1966085325E+002         8.3250401255E-001         1.0505080048E+000         
2019-04-13                22:50:52.536              102.61866362              2462.847927               103.61866362              1555195852.537            0                         963                       1.0000000000E+000         1.6000000000E+001         0.0000000000E+000         2.2178165701E+000         2.2415321420E+000         4.1432117202E+002         4.1968480833E+002         8.3250401255E-001         1.0505080048E+000         
2019-04-13                22:51:20.779              102.61899050              2462.855772               103.61899050              1555195880.779            0                         963                       2.0000000000E+000         1.6000000000E+001         0.0000000000E+000         1.5727845568E+001         2.2415321420E+000         4.1432117202E+002         4.1973626934E+002         8.3250401255E-001         1.0505080048E+000         
2019-04-13                22:51:40.857              102.61922288              2462.861349               103.61922288              1555195900.857            0                         963                       1.0000000000E+000         1.6000000000E+001         0.0000000000E+000         1.5727845568E+001         2.2415321420E+000         4.1433196494E+002         4.1973626934E+002         8.3250401255E-001         1.0505080048E+000         
2019-04-13                22:52:32.234              102.61981753              2462.875621               103.61981753              1555195952.235            0                         963                       1.0000000000E+000         1.6000000000E+001         0.0000000000E+000         1.5727845568E+001         1.5896026678E+001         4.1434489087E+002         4.1974720332E+002         8.3250401255E-001         1.0505080048E+000         
2019-04-13                22:53:00.721              102.62014725              2462.883534               103.62014725              1555195980.722            0                         963                       2.0000000000E+000         1.6000000000E+001         0.0000000000E+000         1.5533619957E+001         1.5896026678E+001         4.1434489087E+002         4.1976029819E+002         8.3250401255E-001         1.0505080048E+000         
2019-04-13                22:53:20.605              102.62037737              2462.889057               103.62037737              1555196000.605            0                         963                       1.0000000000E+000         1.6000000000E+001         0.0000000000E+000         1.5533619957E+001         1.5896026678E+001         4.1432912725E+002         4.1976029819E+002         8.3250401255E-001         1.0505080048E+000         
2019-04-13                22:54:09.806              102.62094684              2462.902724               103.62094684              1555196049.807            0                         963                       1.0000000000E+000         1.6000000000E+001         0.0000000000E+000         1.5533619957E+001         1.5699724172E+001         4.1434711988E+002         4.1974432854E+002         8.3250401255E-001         1.0505080048E+000         
2019-04-13                22:54:59.032              102.62151659              2462.916398               103.62151659              1555196099.033            0                         963                       1.0000000000E+000         1.6000000000E+001         0.0000000000E+000         1.5533619957E+001         1.5699724172E+001         4.1433208058E+002         4.1976255633E+002         8.3250401255E-001         1.0505080048E+000         
2019-04-13                22:55:24.894              102.62181591              2462.923582               103.62181591              1555196124.895            0                         963                       2.0000000000E+000         1.6000000000E+001         0.0000000000E+000         1.5948179292E+001         1.5699724172E+001         4.1433208058E+002         4.1974732047E+002         8.3250401255E-001         1.0505080048E+000         
2019-04-13                22:55:45.339              102.62205255              2462.929261               103.62205255              1555196145.340            0                         963                       1.0000000000E+000         1.6000000000E+001         0.0000000000E+000         1.5948179292E+001         1.5699724172E+001         4.1435228672E+002         4.1974732047E+002         8.3250401255E-001         1.0505080048E+000         
2019-04-13                22:56:34.572              102.62262237              2462.942937               103.62262237              1555196194.573            0                         963                       1.0000000000E+000         1.6000000000E+001         0.0000000000E+000         1.5948179292E+001         1.6118716477E+001         4.1433029769E+002         4.1976779070E+002         8.3250401255E-001         1.0505080048E+000         
2019-04-13                22:57:02.973              102.62295108              2462.950826               103.62295108              1555196222.973            0                         963                       2.0000000000E+000         1.6000000000E+001         0.0000000000E+000         2.4446950756E+002         1.6118716477E+001         4.1433029769E+002         4.1974551427E+002         8.3250401255E-001         1.0505080048E+000         
2019-04-13                22:57:22.849              102.62318113              2462.956347               103.62318113              1555196242.850            0                         963                       1.0000000000E+000         1.6000000000E+001         0.0000000000E+000         2.4446950756E+002         1.6118716477E+001         4.1436737617E+002         4.1974551427E+002         8.3250401255E-001         1.0505080048E+000         
2019-04-13                22:57:51.252              102.62350986              2462.964237               103.62350986              1555196271.252            0                         963                       2.0000000000E+000         1.6000000000E+001         0.0000000000E+000         2.4335571819E+002         2.4708367063E+002         4.1436737617E+002         4.1978307736E+002         8.3250401255E-001         1.0505080048E+000         
2019-04-13                22:58:11.115              102.62373976              2462.969754               103.62373976              1555196291.115            0                         963                       1.0000000000E+000         1.6000000000E+001         0.0000000000E+000         2.4335571819E+002         2.4708367063E+002         4.1441420469E+002         4.1978307736E+002         8.3250401255E-001         1.0505080048E+000         
2019-04-13                22:58:39.503              102.62406833              2462.977640               103.62406833              1555196319.504            0                         963                       2.0000000000E+000         1.6000000000E+001         0.0000000000E+000         2.4185001497E+002         2.4595797128E+002         4.1441420469E+002         4.1983051792E+002         8.3250401255E-001         1.0505080048E+000         
2019-04-13                22:58:59.382              102.62429841              2462.983162               103.62429841              1555196339.383            0                         963                       1.0000000000E+000         1.6000000000E+001         0.0000000000E+000         2.4185001497E+002         2.4595797128E+002         4.1442544345E+002         4.1983051792E+002         8.3250401255E-001         1.0505080048E+000         
2019-04-13                22:59:26.575              102.62461314              2462.990715               103.62461314              1555196366.575            0                         963                       2.0000000000E+000         1.6000000000E+001         0.0000000000E+000         1.5915506099E+001         2.4443616727E+002         4.1442544345E+002         4.1984190358E+002         8.3250401255E-001         1.0505080048E+000         
2019-04-13                22:59:46.703              102.62484610              2462.996306               103.62484610              1555196386.703            0                         963                       1.0000000000E+000         1.6000000000E+001         0.0000000000E+000         1.5915506099E+001         2.4443616727E+002         4.1445260368E+002         4.1984190358E+002         8.3250401255E-001         1.0505080048E+000         
2019-04-13                23:00:12.961              102.62515002              2463.003601               103.62515002              1555196412.962            0                         963                       2.0000000000E+000         1.6000000000E+001         0.0000000000E+000         1.6146029261E+001         1.6085693902E+001         4.1445260368E+002         4.1986941878E+002         8.3250401255E-001         1.0505080048E+000         
