DATE                      TIME                      FRAC_DAYS_SINCE_JAN1      FRAC_HRS_SINCE_JAN1       JULIAN_DAYS               EPOCH_TIME                ALARM_STATUS              INST_STATUS               species                   MPVPosition               solenoid_valves           CH4                       CH4_dry                   CO2                       CO2_dry                   H2O                       h2o_reported              
2019-04-13                09:43:56.674              102.07218373              2449.732409               103.07218373              1555148636.674            0                         963                       1.0000000000E+000         1.6000000000E+001         0.0000000000E+000         1.5771526030E+001         1.5922966279E+001         4.2295857197E+002         4.2776101072E+002         7.4830250308E-001         9.4667487897E-001         
2019-04-13                09:44:45.895              102.07275343              2449.746082               103.07275343              1555148685.896            0                         963                       1.0000000000E+000         1.6000000000E+001         0.0000000000E+000         1.5771526030E+001         1.5922966279E+001         4.2307911143E+002         4.2792236036E+002         7.4830250308E-001         9.4667487897E-001         
2019-04-13                09:45:11.193              102.07304622              2449.753109               103.07304622              1555148711.193            0                         963                       2.0000000000E+000         1.6000000000E+001         0.0000000000E+000         1.5799663751E+001         1.5922966279E+001         4.2307911143E+002         4.2804431446E+002         7.4830250308E-001         9.4667487897E-001         
2019-04-13                09:45:31.305              102.07327900              2449.758696               103.07327900              1555148731.306            0                         963                       1.0000000000E+000         1.6000000000E+001         0.0000000000E+000         1.5799663751E+001         1.5922966279E+001         4.2323943965E+002         4.2804431446E+002         7.4830250308E-001         9.4667487897E-001         
2019-04-13                09:45:58.589              102.07359479              2449.766275               103.07359479              1555148758.590            0                         963                       2.0000000000E+000         1.6000000000E+001         0.0000000000E+000         1.5668177771E+001         1.5951374182E+001         4.2323943965E+002         4.2820652427E+002         7.4830250308E-001         9.4667487897E-001         
2019-04-13                09:46:18.710              102.07382766              2449.771864               103.07382766              1555148778.710            0                         963                       1.0000000000E+000         1.6000000000E+001         0.0000000000E+000         1.5668177771E+001         1.5951374182E+001         4.2334069794E+002         4.2820652427E+002         7.4830250308E-001         9.4667487897E-001         
2019-04-13                09:47:07.971              102.07439782              2449.785548               103.07439782              1555148827.972            0                         963                       1.0000000000E+000         1.6000000000E+001         0.0000000000E+000         1.5668177771E+001         1.5818625657E+001         4.2344562424E+002         4.2830897091E+002         7.4830250308E-001         9.4667487897E-001         
2019-04-13                09:47:57.223              102.07496786              2449.799229               103.07496786              1555148877.223            0                         963                       1.0000000000E+000         1.6000000000E+001         0.0000000000E+000         1.5668177771E+001         1.5818625657E+001         4.2356548774E+002         4.2841512862E+002         7.4830250308E-001         9.4667487897E-001         
2019-04-13                09:48:46.447              102.07553759              2449.812902               103.07553759              1555148926.448            0                         963                       1.0000000000E+000         1.6000000000E+001         0.0000000000E+000         1.5668177771E+001         1.5818625657E+001         4.2366612368E+002         4.2853639882E+002         7.4830250308E-001         9.4667487897E-001         
2019-04-13                09:49:35.696              102.07610759              2449.826582               103.07610759              1555148975.696            0                         963                       1.0000000000E+000         1.6000000000E+001         0.0000000000E+000         1.5668177771E+001         1.5818625657E+001         4.2377831080E+002         4.2863821581E+002         7.4830250308E-001         9.4667487897E-001         
2019-04-13                09:50:01.990              102.07641193              2449.833886               103.07641193              1555149001.991            0                         963                       2.0000000000E+000         1.6000000000E+001         0.0000000000E+000         1.6010575436E+001         1.5818625657E+001         4.2377831080E+002         4.2875171955E+002         7.4830250308E-001         9.4667487897E-001         
2019-04-13                09:50:22.104              102.07664472              2449.839473               103.07664472              1555149022.104            0                         963                       1.0000000000E+000         1.6000000000E+001         0.0000000000E+000         1.6010575436E+001         1.5818625657E+001         4.2392204564E+002         4.2875171955E+002         7.4830250308E-001         9.4667487897E-001         
2019-04-13                09:50:50.397              102.07697219              2449.847333               103.07697219              1555149050.397            0                         963                       2.0000000000E+000         1.6000000000E+001         0.0000000000E+000         1.5854824374E+001         1.6164311069E+001         4.2392204564E+002         4.2889714125E+002         7.4830250308E-001         9.4667487897E-001         
2019-04-13                09:51:10.496              102.07720483              2449.852916               103.07720483              1555149070.497            0                         963                       1.0000000000E+000         1.6000000000E+001         0.0000000000E+000         1.5854824374E+001         1.6164311069E+001         4.2402710359E+002         4.2889714125E+002         7.4830250308E-001         9.4667487897E-001         
2019-04-13                09:51:38.601              102.07753010              2449.860723               103.07753010              1555149098.601            0                         963                       2.0000000000E+000         1.6000000000E+001         0.0000000000E+000         1.6017658484E+001         1.6007064465E+001         4.2402710359E+002         4.2900343214E+002         7.4830250308E-001         9.4667487897E-001         
2019-04-13                09:51:58.914              102.07776522              2449.866365               103.07776522              1555149118.915            0                         963                       1.0000000000E+000         1.6000000000E+001         0.0000000000E+000         1.6017658484E+001         1.6007064465E+001         4.2415046314E+002         4.2900343214E+002         7.4830250308E-001         9.4667487897E-001         
2019-04-13                09:52:48.213              102.07833581              2449.880059               103.07833581              1555149168.214            0                         963                       1.0000000000E+000         1.6000000000E+001         0.0000000000E+000         1.6017658484E+001         1.6171462129E+001         4.2425708813E+002         4.2912823942E+002         7.4830250308E-001         9.4667487897E-001         
2019-04-13                09:53:37.479              102.07890601              2449.893744               103.07890601              1555149217.479            0                         963                       1.0000000000E+000         1.6000000000E+001         0.0000000000E+000         1.6017658484E+001         1.6171462129E+001         4.2440393603E+002         4.2923611574E+002         7.4830250308E-001         9.4667487897E-001         
2019-04-13                09:54:26.717              102.07947590              2449.907422               103.07947590              1555149266.718            0                         963                       1.0000000000E+000         1.6000000000E+001         0.0000000000E+000         1.6017658484E+001         1.6171462129E+001         4.2457532663E+002         4.2938468704E+002         7.4830250308E-001         9.4667487897E-001         
2019-04-13                09:55:14.984              102.08003455              2449.920829               103.08003455              1555149314.985            0                         963                       1.0000000000E+000         1.6000000000E+001         0.0000000000E+000         1.6017658484E+001         1.6171462129E+001         4.2475509164E+002         4.2955808906E+002         7.4830250308E-001         9.4667487897E-001         
2019-04-13                09:56:04.184              102.08060398              2449.934496               103.08060398              1555149364.184            0                         963                       1.0000000000E+000         1.6000000000E+001         0.0000000000E+000         1.6017658484E+001         1.6171462129E+001         4.2490912470E+002         4.2973996376E+002         7.4830250308E-001         9.4667487897E-001         
2019-04-13                09:56:53.493              102.08117469              2449.948193               103.08117469              1555149413.493            0                         963                       1.0000000000E+000         1.6000000000E+001         0.0000000000E+000         1.6017658484E+001         1.6171462129E+001         4.2501119994E+002         4.2989580454E+002         7.4830250308E-001         9.4667487897E-001         
2019-04-13                09:57:41.750              102.08173322              2449.961597               103.08173322              1555149461.750            0                         963                       1.0000000000E+000         1.6000000000E+001         0.0000000000E+000         1.6017658484E+001         1.6171462129E+001         4.2512202702E+002         4.2999907772E+002         7.4830250308E-001         9.4667487897E-001         
2019-04-13                09:58:30.967              102.08230286              2449.975269               103.08230286              1555149510.967            0                         963                       1.0000000000E+000         1.6000000000E+001         0.0000000000E+000         1.6017658484E+001         1.6171462129E+001         4.2520877126E+002         4.3011120545E+002         7.4830250308E-001         9.4667487897E-001         
2019-04-13                09:58:56.842              102.08260234              2449.982456               103.08260234              1555149536.842            0                         963                       2.0000000000E+000         1.6000000000E+001         0.0000000000E+000         1.5784267284E+001         1.6171462129E+001         4.2520877126E+002         4.3019896771E+002         7.4830250308E-001         9.4667487897E-001         
2019-04-13                09:59:17.398              102.08284027              2449.988166               103.08284027              1555149557.399            0                         963                       1.0000000000E+000         1.6000000000E+001         0.0000000000E+000         1.5784267284E+001         1.6171462129E+001         4.2525337912E+002         4.3019896771E+002         7.4830250308E-001         9.4667487897E-001         
2019-04-13                10:00:04.755              102.08338837              2450.001321               103.08338837              1555149604.755            0                         963                       1.0000000000E+000         1.6000000000E+001         0.0000000000E+000         1.5784267284E+001         1.5935829876E+001         4.2528443725E+002         4.3024409908E+002         7.4830250308E-001         9.4667487897E-001         
2019-04-13                10:00:53.992              102.08395824              2450.014998               103.08395824              1555149653.992            0                         963                       1.0000000000E+000         1.6000000000E+001         0.0000000000E+000         1.5784267284E+001         1.5935829876E+001         4.2532715454E+002         4.3027552170E+002         7.4830250308E-001         9.4667487897E-001         
2019-04-13                10:01:43.282              102.08452873              2450.028689               103.08452873              1555149703.282            0                         963                       1.0000000000E+000         1.6000000000E+001         0.0000000000E+000         1.5784267284E+001         1.5935829876E+001         4.2538598714E+002         4.3031874032E+002         7.4830250308E-001         9.4667487897E-001         
2019-04-13                10:02:32.536              102.08509881              2450.042371               103.08509881              1555149752.537            0                         963                       1.0000000000E+000         1.6000000000E+001         0.0000000000E+000         1.5784267284E+001         1.5935829876E+001         4.2544463886E+002         4.3037826338E+002         7.4830250308E-001         9.4667487897E-001         
2019-04-13                10:03:21.792              102.08566889              2450.056053               103.08566889              1555149801.792            0                         963                       1.0000000000E+000         1.6000000000E+001         0.0000000000E+000         1.5784267284E+001         1.5935829876E+001         4.2548229127E+002         4.3043760342E+002         7.4830250308E-001         9.4667487897E-001         
2019-04-13                10:04:11.010              102.08623855              2450.069725               103.08623855              1555149851.011            0                         963                       1.0000000000E+000         1.6000000000E+001         0.0000000000E+000         1.5784267284E+001         1.5935829876E+001         4.2555303825E+002         4.3047569772E+002         7.4830250308E-001         9.4667487897E-001         
2019-04-13                10:05:00.227              102.08680819              2450.083397               103.08680819              1555149900.228            0                         963                       1.0000000000E+000         1.6000000000E+001         0.0000000000E+000         1.5784267284E+001         1.5935829876E+001         4.2563635659E+002         4.3054727498E+002         7.4830250308E-001         9.4667487897E-001         
2019-04-13                10:05:49.466              102.08737808              2450.097074               103.08737808              1555149949.466            0                         963                       1.0000000000E+000         1.6000000000E+001         0.0000000000E+000         1.5784267284E+001         1.5935829876E+001         4.2568798760E+002         4.3063157112E+002         7.4830250308E-001         9.4667487897E-001         
2019-04-13                10:06:38.690              102.08794780              2450.110747               103.08794780              1555149998.690            0                         963                       1.0000000000E+000         1.6000000000E+001         0.0000000000E+000         1.5784267284E+001         1.5935829876E+001         4.2572136062E+002         4.3068380807E+002         7.4830250308E-001         9.4667487897E-001         
2019-04-13                10:06:44.051              102.08800985              2450.112236               103.08800985              1555150004.051            0                         963                       3.0000000000E+000         1.6000000000E+001         0.0000000000E+000         1.5784267284E+001         1.5937542426E+001         4.2572136062E+002         4.3077404137E+002         7.6506780911E-001         9.6739041185E-001         
2019-04-13                10:07:16.335              102.08838352              2450.121204               103.08838352              1555150036.336            0                         963                       1.0000000000E+000         1.6000000000E+001         0.0000000000E+000         1.5784267284E+001         1.5937542426E+001         4.2578055958E+002         4.3077404137E+002         7.6506780911E-001         9.6739041185E-001         
2019-04-13                10:08:05.625              102.08895399              2450.134896               103.08895399              1555150085.625            0                         963                       1.0000000000E+000         1.6000000000E+001         0.0000000000E+000         1.5784267284E+001         1.5939256170E+001         4.2585630662E+002         4.3089045924E+002         7.6506780911E-001         9.6739041185E-001         
2019-04-13                10:08:54.875              102.08952402              2450.148576               103.08952402              1555150134.875            0                         963                       1.0000000000E+000         1.6000000000E+001         0.0000000000E+000         1.5784267284E+001         1.5939256170E+001         4.2591984325E+002         4.3096711534E+002         7.6506780911E-001         9.6739041185E-001         
2019-04-13                10:08:57.545              102.08955492              2450.149318               103.08955492              1555150137.545            0                         963                       3.0000000000E+000         1.6000000000E+001         0.0000000000E+000         1.5784267284E+001         1.5939266138E+001         4.2591984325E+002         4.3103174336E+002         7.6516534792E-001         9.6751087222E-001         
2019-04-13                10:09:29.542              102.08992527              2450.158206               103.08992527              1555150169.543            0                         963                       1.0000000000E+000         1.6000000000E+001         0.0000000000E+000         1.5784267284E+001         1.5939266138E+001         4.2596322649E+002         4.3103174336E+002         7.6516534792E-001         9.6751087222E-001         
2019-04-13                10:10:18.819              102.09049559              2450.171894               103.09049559              1555150218.819            0                         963                       1.0000000000E+000         1.6000000000E+001         0.0000000000E+000         1.5784267284E+001         1.5939276107E+001         4.2601469562E+002         4.3107597617E+002         7.6516534792E-001         9.6751087222E-001         
2019-04-13                10:11:08.069              102.09106561              2450.185575               103.09106561              1555150268.069            0                         963                       1.0000000000E+000         1.6000000000E+001         0.0000000000E+000         1.5784267284E+001         1.5939276107E+001         4.2610407665E+002         4.3112806308E+002         7.6516534792E-001         9.6751087222E-001         
2019-04-13                10:11:34.904              102.09137622              2450.193029               103.09137622              1555150294.905            0                         963                       2.0000000000E+000         1.6000000000E+001         0.0000000000E+000         1.6050641656E+001         1.5939276107E+001         4.2610407665E+002         4.3121851693E+002         7.6516534792E-001         9.6751087222E-001         
2019-04-13                10:11:55.388              102.09161329              2450.198719               103.09161329              1555150315.388            0                         963                       1.0000000000E+000         1.6000000000E+001         0.0000000000E+000         1.6050641656E+001         1.5939276107E+001         4.2619902741E+002         4.3121851693E+002         7.6516534792E-001         9.6751087222E-001         
2019-04-13                10:12:45.792              102.09219668              2450.212720               103.09219668              1555150365.793            0                         963                       1.0000000000E+000         1.6000000000E+001         0.0000000000E+000         1.6050641656E+001         1.6208266399E+001         4.2625925773E+002         4.3131460737E+002         7.6516534792E-001         9.6751087222E-001         
2019-04-13                10:13:35.026              102.09276650              2450.226396               103.09276650              1555150415.026            0                         963                       1.0000000000E+000         1.6000000000E+001         0.0000000000E+000         1.6050641656E+001         1.6208266399E+001         4.2631649429E+002         4.3137556062E+002         7.6516534792E-001         9.6751087222E-001         
2019-04-13                10:14:24.259              102.09333633              2450.240072               103.09333633              1555150464.259            0                         963                       1.0000000000E+000         1.6000000000E+001         0.0000000000E+000         1.6050641656E+001         1.6208266399E+001         4.2638136307E+002         4.3143348417E+002         7.6516534792E-001         9.6751087222E-001         
2019-04-13                10:15:13.519              102.09390648              2450.253756               103.09390648              1555150513.520            0                         963                       1.0000000000E+000         1.6000000000E+001         0.0000000000E+000         1.6050641656E+001         1.6208266399E+001         4.2643806060E+002         4.3149913157E+002         7.6516534792E-001         9.6751087222E-001         
2019-04-13                10:16:02.779              102.09447661              2450.267439               103.09447661              1555150562.779            0                         963                       1.0000000000E+000         1.6000000000E+001         0.0000000000E+000         1.6050641656E+001         1.6208266399E+001         4.2650925683E+002         4.3155650963E+002         7.6516534792E-001         9.6751087222E-001         
2019-04-13                10:16:51.986              102.09504613              2450.281107               103.09504613              1555150611.986            0                         963                       1.0000000000E+000         1.6000000000E+001         0.0000000000E+000         1.6050641656E+001         1.6208266399E+001         4.2658985110E+002         4.3162856040E+002         7.6516534792E-001         9.6751087222E-001         
2019-04-13                10:17:41.194              102.09561567              2450.294776               103.09561567              1555150661.194            0                         963                       1.0000000000E+000         1.6000000000E+001         0.0000000000E+000         1.6050641656E+001         1.6208266399E+001         4.2667897901E+002         4.3171012203E+002         7.6516534792E-001         9.6751087222E-001         
2019-04-13                10:18:30.408              102.09618529              2450.308447               103.09618529              1555150710.409            0                         963                       1.0000000000E+000         1.6000000000E+001         0.0000000000E+000         1.6050641656E+001         1.6208266399E+001         4.2675617680E+002         4.3180031973E+002         7.6516534792E-001         9.6751087222E-001         
2019-04-13                10:19:20.785              102.09676834              2450.322440               103.09676834              1555150760.785            0                         963                       1.0000000000E+000         1.6000000000E+001         0.0000000000E+000         1.6050641656E+001         1.6208266399E+001         4.2683094671E+002         4.3187844411E+002         7.6516534792E-001         9.6751087222E-001         
2019-04-13                10:20:10.094              102.09733905              2450.336137               103.09733905              1555150810.094            0                         963                       1.0000000000E+000         1.6000000000E+001         0.0000000000E+000         1.6050641656E+001         1.6208266399E+001         4.2691186457E+002         4.3195411147E+002         7.6516534792E-001         9.6751087222E-001         
2019-04-13                10:20:16.193              102.09740964              2450.337831               103.09740964              1555150816.193            0                         963                       3.0000000000E+000         1.6000000000E+001         0.0000000000E+000         1.6050641656E+001         1.6208498782E+001         4.2691186457E+002         4.3204355702E+002         7.6740136084E-001         9.7027215514E-001         
2019-04-13                10:20:48.578              102.09778448              2450.346827               103.09778448              1555150848.579            0                         963                       1.0000000000E+000         1.6000000000E+001         0.0000000000E+000         1.6050641656E+001         1.6208498782E+001         4.2697798830E+002         4.3204355702E+002         7.6740136084E-001         9.7027215514E-001         
2019-04-13                10:21:14.436              102.09808375              2450.354010               103.09808375              1555150874.436            0                         963                       2.0000000000E+000         1.6000000000E+001         0.0000000000E+000         1.6351407653E+001         1.6208731186E+001         4.2697798830E+002         4.3211803393E+002         7.6740136084E-001         9.7027215514E-001         
2019-04-13                10:21:34.989              102.09832163              2450.359719               103.09832163              1555150894.989            0                         963                       1.0000000000E+000         1.6000000000E+001         0.0000000000E+000         1.6351407653E+001         1.6208731186E+001         4.2707557835E+002         4.3211803393E+002         7.6740136084E-001         9.7027215514E-001         
2019-04-13                10:22:23.401              102.09888196              2450.373167               103.09888196              1555150943.401            0                         963                       1.0000000000E+000         1.6000000000E+001         0.0000000000E+000         1.6351407653E+001         1.6512459554E+001         4.2713939647E+002         4.3221679878E+002         7.6740136084E-001         9.7027215514E-001         
2019-04-13                10:23:12.625              102.09945168              2450.386840               103.09945168              1555150992.625            0                         963                       1.0000000000E+000         1.6000000000E+001         0.0000000000E+000         1.6351407653E+001         1.6512459554E+001         4.2723423559E+002         4.3228138516E+002         7.6740136084E-001         9.7027215514E-001         
2019-04-13                10:24:01.862              102.10002156              2450.400517               103.10002156              1555151041.863            0                         963                       1.0000000000E+000         1.6000000000E+001         0.0000000000E+000         1.6351407653E+001         1.6512459554E+001         4.2731231406E+002         4.3237736597E+002         7.6740136084E-001         9.7027215514E-001         
2019-04-13                10:24:51.105              102.10059149              2450.414196               103.10059149              1555151091.105            0                         963                       1.0000000000E+000         1.6000000000E+001         0.0000000000E+000         1.6351407653E+001         1.6512459554E+001         4.2737158986E+002         4.3245638436E+002         7.6740136084E-001         9.7027215514E-001         
2019-04-13                10:25:18.660              102.10091042              2450.421850               103.10091042              1555151118.660            0                         963                       2.0000000000E+000         1.6000000000E+001         0.0000000000E+000         2.4346265105E+002         1.6512459554E+001         4.2737158986E+002         4.3251637374E+002         7.6740136084E-001         9.7027215514E-001         
2019-04-13                10:25:38.526              102.10114036              2450.427369               103.10114036              1555151138.527            0                         963                       1.0000000000E+000         1.6000000000E+001         0.0000000000E+000         2.4346265105E+002         1.6512459554E+001         4.2741266348E+002         4.3251637374E+002         7.6740136084E-001         9.7027215514E-001         
2019-04-13                10:26:27.756              102.10171015              2450.441044               103.10171015              1555151187.757            0                         963                       1.0000000000E+000         1.6000000000E+001         0.0000000000E+000         2.4346265105E+002         2.4586061725E+002         4.2749753201E+002         4.3255794181E+002         7.6740136084E-001         9.7027215514E-001         
2019-04-13                10:27:17.003              102.10228014              2450.454723               103.10228014              1555151237.004            0                         963                       1.0000000000E+000         1.6000000000E+001         0.0000000000E+000         2.4346265105E+002         2.4586061725E+002         4.2760102518E+002         4.3264383201E+002         7.6740136084E-001         9.7027215514E-001         
2019-04-13                10:28:06.221              102.10284979              2450.468395               103.10284979              1555151286.222            0                         963                       1.0000000000E+000         1.6000000000E+001         0.0000000000E+000         2.4346265105E+002         2.4586061725E+002         4.2767079934E+002         4.3274857104E+002         7.6740136084E-001         9.7027215514E-001         
2019-04-13                10:28:55.466              102.10341975              2450.482074               103.10341975              1555151335.466            0                         963                       1.0000000000E+000         1.6000000000E+001         0.0000000000E+000         2.4346265105E+002         2.4586061725E+002         4.2777578870E+002         4.3281918516E+002         7.6740136084E-001         9.7027215514E-001         
2019-04-13                10:29:44.760              102.10399029              2450.495767               103.10399029              1555151384.761            0                         963                       1.0000000000E+000         1.6000000000E+001         0.0000000000E+000         2.4346265105E+002         2.4586061725E+002         4.2792485341E+002         4.3292543841E+002         7.6740136084E-001         9.7027215514E-001         
2019-04-13                10:30:33.980              102.10455997              2450.509439               103.10455997              1555151433.981            0                         963                       1.0000000000E+000         1.6000000000E+001         0.0000000000E+000         2.4346265105E+002         2.4586061725E+002         4.2806592920E+002         4.3307629758E+002         7.6740136084E-001         9.7027215514E-001         
2019-04-13                10:31:23.187              102.10512948              2450.523108               103.10512948              1555151483.187            0                         963                       1.0000000000E+000         1.6000000000E+001         0.0000000000E+000         2.4346265105E+002         2.4586061725E+002         4.2816465898E+002         4.3321907167E+002         7.6740136084E-001         9.7027215514E-001         
2019-04-13                10:31:51.664              102.10545909              2450.531018               103.10545909              1555151511.665            0                         963                       2.0000000000E+000         1.6000000000E+001         0.0000000000E+000         2.4432196481E+002         2.4586061725E+002         4.2816465898E+002         4.3331898998E+002         7.6740136084E-001         9.7027215514E-001         
2019-04-13                10:32:11.530              102.10568902              2450.536536               103.10568902              1555151531.531            0                         963                       1.0000000000E+000         1.6000000000E+001         0.0000000000E+000         2.4432196481E+002         2.4586061725E+002         4.2824103536E+002         4.3331898998E+002         7.6740136084E-001         9.7027215514E-001         
2019-04-13                10:33:00.786              102.10625910              2450.550218               103.10625910              1555151580.786            0                         963                       1.0000000000E+000         1.6000000000E+001         0.0000000000E+000         2.4432196481E+002         2.4672839475E+002         4.2834769598E+002         4.3339628579E+002         7.6740136084E-001         9.7027215514E-001         
2019-04-13                10:33:50.017              102.10682891              2450.563894               103.10682891              1555151630.018            0                         963                       1.0000000000E+000         1.6000000000E+001         0.0000000000E+000         2.4432196481E+002         2.4672839475E+002         4.2848368606E+002         4.3350423041E+002         7.6740136084E-001         9.7027215514E-001         
2019-04-13                10:34:39.259              102.10739883              2450.577572               103.10739883              1555151679.259            0                         963                       1.0000000000E+000         1.6000000000E+001         0.0000000000E+000         2.4432196481E+002         2.4672839475E+002         4.2859269109E+002         4.3364185757E+002         7.6740136084E-001         9.7027215514E-001         
2019-04-13                10:35:28.507              102.10796884              2450.591252               103.10796884              1555151728.508            0                         963                       1.0000000000E+000         1.6000000000E+001         0.0000000000E+000         2.4432196481E+002         2.4672839475E+002         4.2870825626E+002         4.3375217482E+002         7.6740136084E-001         9.7027215514E-001         
2019-04-13                10:35:56.989              102.10829848              2450.599164               103.10829848              1555151756.989            0                         963                       2.0000000000E+000         1.6000000000E+001         0.0000000000E+000         1.5817903059E+001         2.4672839475E+002         4.2870825626E+002         4.3386913119E+002         7.6740136084E-001         9.7027215514E-001         
2019-04-13                10:36:16.891              102.10852884              2450.604692               103.10852884              1555151776.892            0                         963                       1.0000000000E+000         1.6000000000E+001         0.0000000000E+000         1.5817903059E+001         2.4672839475E+002         4.2883757503E+002         4.3386913119E+002         7.6740136084E-001         9.7027215514E-001         
2019-04-13                10:37:05.165              102.10908757              2450.618102               103.10908757              1555151825.166            0                         963                       1.0000000000E+000         1.6000000000E+001         0.0000000000E+000         1.5817903059E+001         1.5973700249E+001         4.2887172461E+002         4.3400000672E+002         7.6740136084E-001         9.7027215514E-001         
2019-04-13                10:37:33.617              102.10941686              2450.626005               103.10941686              1555151853.617            0                         963                       2.0000000000E+000         1.6000000000E+001         0.0000000000E+000         2.4125892200E+002         1.5973700249E+001         4.2887172461E+002         4.3403456740E+002         7.6740136084E-001         9.7027215514E-001         
2019-04-13                10:37:53.546              102.10964753              2450.631541               103.10964753              1555151873.547            0                         963                       1.0000000000E+000         1.6000000000E+001         0.0000000000E+000         2.4125892200E+002         1.5973700249E+001         4.2897685172E+002         4.3403456740E+002         7.6740136084E-001         9.7027215514E-001         
2019-04-13                10:38:21.415              102.10997009              2450.639282               103.10997009              1555151901.416            0                         963                       2.0000000000E+000         1.6000000000E+001         0.0000000000E+000         1.6575920882E+001         2.4363518274E+002         4.2897685172E+002         4.3414096006E+002         7.6740136084E-001         9.7027215514E-001         
2019-04-13                10:38:41.914              102.11020734              2450.644976               103.11020734              1555151921.914            0                         963                       1.0000000000E+000         1.6000000000E+001         0.0000000000E+000         1.6575920882E+001         2.4363518274E+002         4.2905682091E+002         4.3414096006E+002         7.6740136084E-001         9.7027215514E-001         
2019-04-13                10:39:31.145              102.11077715              2450.658652               103.11077715              1555151971.146            0                         963                       1.0000000000E+000         1.6000000000E+001         0.0000000000E+000         1.6575920882E+001         1.6739184109E+001         4.2912845014E+002         4.3422189193E+002         7.6740136084E-001         9.7027215514E-001         
2019-04-13                10:40:20.415              102.11134741              2450.672338               103.11134741              1555152020.416            0                         963                       1.0000000000E+000         1.6000000000E+001         0.0000000000E+000         1.6575920882E+001         1.6739184109E+001         4.2926799880E+002         4.3429438344E+002         7.6740136084E-001         9.7027215514E-001         
2019-04-13                10:41:09.671              102.11191749              2450.686020               103.11191749              1555152069.671            0                         963                       1.0000000000E+000         1.6000000000E+001         0.0000000000E+000         1.6575920882E+001         1.6739184109E+001         4.2939970161E+002         4.3443561202E+002         7.6740136084E-001         9.7027215514E-001         
2019-04-13                10:41:58.903              102.11248730              2450.699695               103.11248730              1555152118.903            0                         963                       1.0000000000E+000         1.6000000000E+001         0.0000000000E+000         1.6575920882E+001         1.6739184109E+001         4.2951853980E+002         4.3456890029E+002         7.6740136084E-001         9.7027215514E-001         
2019-04-13                10:42:47.164              102.11304589              2450.713101               103.11304589              1555152167.165            0                         963                       1.0000000000E+000         1.6000000000E+001         0.0000000000E+000         1.6575920882E+001         1.6739184109E+001         4.2964553184E+002         4.3468916909E+002         7.6740136084E-001         9.7027215514E-001         
2019-04-13                10:43:36.382              102.11361554              2450.726773               103.11361554              1555152216.383            0                         963                       1.0000000000E+000         1.6000000000E+001         0.0000000000E+000         1.6575920882E+001         1.6739184109E+001         4.2975265039E+002         4.3481768988E+002         7.6740136084E-001         9.7027215514E-001         
2019-04-13                10:44:25.601              102.11418520              2450.740445               103.11418520              1555152265.601            0                         963                       1.0000000000E+000         1.6000000000E+001         0.0000000000E+000         1.6575920882E+001         1.6739184109E+001         4.2982057507E+002         4.3492609795E+002         7.6740136084E-001         9.7027215514E-001         
