DATE                      TIME                      FRAC_DAYS_SINCE_JAN1      FRAC_HRS_SINCE_JAN1       JULIAN_DAYS               EPOCH_TIME                ALARM_STATUS              INST_STATUS               species                   MPVPosition               solenoid_valves           CH4                       CH4_dry                   CO2                       CO2_dry                   H2O                       h2o_reported              
2019-03-29                20:59:31.329              87.54133484               2100.992036               88.54133484               1553893171.330            0                         963                       1.0000000000E+000         9.0000000000E+000         0.0000000000E+000         1.0788776471E+001         1.0918288207E+001         4.8795540330E+002         4.9560190398E+002         9.3346310630E-001         1.1743281733E+000         
2019-03-29                21:00:20.650              87.54190567               2101.005736               88.54190567               1553893220.650            0                         963                       1.0000000000E+000         1.0000000000E+001         0.0000000000E+000         1.0788776471E+001         1.0918288207E+001         4.8780651792E+002         4.9511511200E+002         9.3346310630E-001         1.1743281733E+000         
2019-03-29                21:01:09.938              87.54247615               2101.019427               88.54247615               1553893269.939            0                         963                       1.0000000000E+000         1.0000000000E+001         0.0000000000E+000         1.0788776471E+001         1.0918288207E+001         4.8798548010E+002         4.9496404204E+002         9.3346310630E-001         1.1743281733E+000         
2019-03-29                21:01:59.243              87.54304681               2101.033123               88.54304681               1553893319.244            0                         963                       1.0000000000E+000         1.0000000000E+001         0.0000000000E+000         1.0788776471E+001         1.0918288207E+001         4.8815170246E+002         4.9514563011E+002         9.3346310630E-001         1.1743281733E+000         
2019-03-29                21:02:48.490              87.54361678               2101.046803               88.54361678               1553893368.490            0                         963                       1.0000000000E+000         1.1000000000E+001         0.0000000000E+000         1.0788776471E+001         1.0918288207E+001         4.8823620498E+002         4.9531429143E+002         9.3346310630E-001         1.1743281733E+000         
2019-03-29                21:02:53.773              87.54367794               2101.048271               88.54367794               1553893373.774            0                         963                       3.0000000000E+000         1.1000000000E+001         0.0000000000E+000         1.0788776471E+001         1.0918034896E+001         4.8823620498E+002         4.9538601694E+002         9.2985159262E-001         1.1699114799E+000         
2019-03-29                21:03:03.914              87.54379530               2101.051087               88.54379530               1553893383.914            0                         963                       2.0000000000E+000         1.1000000000E+001         0.0000000000E+000         1.0963160828E+001         1.0918034896E+001         4.8823620498E+002         4.9538601694E+002         9.2985159262E-001         1.1699114799E+000         
2019-03-29                21:03:24.030              87.54402814               2101.056675               88.54402814               1553893404.031            0                         963                       1.0000000000E+000         1.1000000000E+001         0.0000000000E+000         1.0963160828E+001         1.0918034896E+001         4.8803418666E+002         4.9538601694E+002         9.2985159262E-001         1.1699114799E+000         
2019-03-29                21:04:13.302              87.54459840               2101.070362               88.54459840               1553893453.302            0                         963                       1.0000000000E+000         1.1000000000E+001         0.0000000000E+000         1.0963160828E+001         1.1094251153E+001         4.8779363000E+002         4.9516703121E+002         9.2985159262E-001         1.1699114799E+000         
2019-03-29                21:05:01.598              87.54515740               2101.083777               88.54515740               1553893501.599            0                         963                       1.0000000000E+000         1.2000000000E+001         0.0000000000E+000         1.0963160828E+001         1.1094251153E+001         4.8752893788E+002         4.9492295871E+002         9.2985159262E-001         1.1699114799E+000         
2019-03-29                21:05:50.828              87.54572719               2101.097452               88.54572719               1553893550.829            0                         963                       1.0000000000E+000         1.2000000000E+001         0.0000000000E+000         1.0963160828E+001         1.1094251153E+001         4.8711740257E+002         4.9465439800E+002         9.2985159262E-001         1.1699114799E+000         
2019-03-29                21:06:40.115              87.54629764               2101.111143               88.54629764               1553893600.116            0                         963                       1.0000000000E+000         1.2000000000E+001         0.0000000000E+000         1.0963160828E+001         1.1094251153E+001         4.8659677879E+002         4.9423684791E+002         9.2985159262E-001         1.1699114799E+000         
2019-03-29                21:07:28.446              87.54685701               2101.124568               88.54685701               1553893648.446            0                         963                       1.0000000000E+000         1.6000000000E+001         0.0000000000E+000         1.0963160828E+001         1.1094251153E+001         4.8615045646E+002         4.9370861497E+002         9.2985159262E-001         1.1699114799E+000         
2019-03-29                21:08:17.690              87.54742698               2101.138247               88.54742698               1553893697.691            0                         963                       1.0000000000E+000         1.3000000000E+001         0.0000000000E+000         1.0963160828E+001         1.1094251153E+001         4.8580917137E+002         4.9325576943E+002         9.2985159262E-001         1.1699114799E+000         
2019-03-29                21:09:05.934              87.54798536               2101.151649               88.54798536               1553893745.935            0                         963                       1.0000000000E+000         1.3000000000E+001         0.0000000000E+000         1.0963160828E+001         1.1094251153E+001         4.8552506976E+002         4.9290949630E+002         9.2985159262E-001         1.1699114799E+000         
2019-03-29                21:09:33.191              87.54830083               2101.159220               88.54830083               1553893773.192            0                         963                       2.0000000000E+000         1.4437500000E+001         0.0000000000E+000         1.0735923891E+001         1.1094251153E+001         4.8552506976E+002         4.9262124241E+002         9.2985159262E-001         1.1699114799E+000         
2019-03-29                21:09:53.311              87.54853369               2101.164809               88.54853369               1553893793.311            0                         963                       1.0000000000E+000         1.6000000000E+001         0.0000000000E+000         1.0735923891E+001         1.1094251153E+001         4.8526820741E+002         4.9262124241E+002         9.2985159262E-001         1.1699114799E+000         
2019-03-29                21:10:42.588              87.54910404               2101.178497               88.54910404               1553893842.589            0                         963                       1.0000000000E+000         1.4000000000E+001         0.0000000000E+000         1.0735923891E+001         1.0864297065E+001         4.8520671686E+002         4.9236062590E+002         9.2985159262E-001         1.1699114799E+000         
2019-03-29                21:11:31.839              87.54967407               2101.192178               88.54967407               1553893891.840            0                         963                       1.0000000000E+000         1.4000000000E+001         0.0000000000E+000         1.0735923891E+001         1.0864297065E+001         4.8519966731E+002         4.9229823665E+002         9.2985159262E-001         1.1699114799E+000         
2019-03-29                21:12:21.095              87.55024417               2101.205860               88.55024417               1553893941.096            0                         963                       1.0000000000E+000         1.6000000000E+001         0.0000000000E+000         1.0735923891E+001         1.0864297065E+001         4.8507035292E+002         4.9229108406E+002         9.2985159262E-001         1.1699114799E+000         
2019-03-29                21:13:09.358              87.55080275               2101.219266               88.55080275               1553893989.358            0                         963                       1.0000000000E+000         1.5000000000E+001         0.0000000000E+000         1.0735923891E+001         1.0864297065E+001         4.8482047829E+002         4.9215987968E+002         9.2985159262E-001         1.1699114799E+000         
2019-03-29                21:13:37.858              87.55113263               2101.227183               88.55113263               1553894017.859            0                         963                       2.0000000000E+000         1.5000000000E+001         0.0000000000E+000         1.0880356375E+001         1.0864297065E+001         4.8482047829E+002         4.9190635302E+002         9.2985159262E-001         1.1699114799E+000         
2019-03-29                21:13:57.782              87.55136323               2101.232717               88.55136323               1553894037.783            0                         963                       1.0000000000E+000         1.5000000000E+001         0.0000000000E+000         1.0880356375E+001         1.0864297065E+001         4.8486045172E+002         4.9190635302E+002         9.2985159262E-001         1.1699114799E+000         
2019-03-29                21:14:46.993              87.55193280               2101.246387               88.55193280               1553894086.994            0                         963                       1.0000000000E+000         1.6000000000E+001         0.0000000000E+000         1.0880356375E+001         1.1010456579E+001         4.8508216813E+002         4.9194691067E+002         9.2985159262E-001         1.1699114799E+000         
2019-03-29                21:15:36.223              87.55250259               2101.260062               88.55250259               1553894136.224            0                         963                       1.0000000000E+000         1.6000000000E+001         0.0000000000E+000         1.0880356375E+001         1.1010456579E+001         4.8775197369E+002         4.9217186757E+002         9.2985159262E-001         1.1699114799E+000         
2019-03-29                21:16:25.493              87.55307285               2101.273748               88.55307285               1553894185.494            0                         963                       1.0000000000E+000         1.6000000000E+001         0.0000000000E+000         1.0880356375E+001         1.1010456579E+001         4.9076320119E+002         4.9488069358E+002         9.2985159262E-001         1.1699114799E+000         
2019-03-29                21:17:13.782              87.55363175               2101.287162               88.55363175               1553894233.783            0                         963                       1.0000000000E+000         1.6000000000E+001         0.0000000000E+000         1.0880356375E+001         1.1010456579E+001         4.9645992444E+002         4.9793593155E+002         9.2985159262E-001         1.1699114799E+000         
2019-03-29                21:17:41.042              87.55394726               2101.294734               88.55394726               1553894261.043            0                         963                       2.0000000000E+000         1.6000000000E+001         0.0000000000E+000         1.5863551163E+002         1.1010456579E+001         4.9645992444E+002         5.0371591504E+002         9.2985159262E-001         1.1699114799E+000         
2019-03-29                21:18:01.161              87.55418010               2101.300323               88.55418010               1553894281.161            0                         963                       1.0000000000E+000         1.6000000000E+001         0.0000000000E+000         1.5863551163E+002         1.1010456579E+001         5.1938928779E+002         5.0371591504E+002         9.2985159262E-001         1.1699114799E+000         
2019-03-29                21:18:28.424              87.55449565               2101.307896               88.55449565               1553894308.424            0                         963                       2.0000000000E+000         1.6000000000E+001         0.0000000000E+000         1.0769488562E+001         1.6053237160E+002         5.1938928779E+002         5.2698040160E+002         9.2985159262E-001         1.1699114799E+000         
2019-03-29                21:18:48.528              87.55472833               2101.313480               88.55472833               1553894328.528            0                         963                       1.0000000000E+000         1.6000000000E+001         0.0000000000E+000         1.0769488562E+001         1.6053237160E+002         5.3344077055E+002         5.2698040160E+002         9.2985159262E-001         1.1699114799E+000         
2019-03-29                21:19:15.803              87.55504403               2101.321057               88.55504403               1553894355.804            0                         963                       2.0000000000E+000         1.6000000000E+001         0.0000000000E+000         7.0861349651E+001         1.0898263081E+001         5.3344077055E+002         5.4123725326E+002         9.2985159262E-001         1.1699114799E+000         
2019-03-29                21:19:35.911              87.55527675               2101.326642               88.55527675               1553894375.911            0                         963                       1.0000000000E+000         1.6000000000E+001         0.0000000000E+000         7.0861349651E+001         1.0898263081E+001         5.4943854703E+002         5.4123725326E+002         9.2985159262E-001         1.1699114799E+000         
2019-03-29                21:20:03.174              87.55559229               2101.334215               88.55559229               1553894403.174            0                         963                       2.0000000000E+000         1.6000000000E+001         0.0000000000E+000         1.6321100905E+002         7.1708663445E+001         5.4943854703E+002         5.5746884462E+002         9.2985159262E-001         1.1699114799E+000         
2019-03-29                21:20:23.293              87.55582516               2101.339804               88.55582516               1553894423.294            0                         963                       1.0000000000E+000         1.6000000000E+001         0.0000000000E+000         1.6321100905E+002         7.1708663445E+001         5.5185648340E+002         5.5746884462E+002         9.2985159262E-001         1.1699114799E+000         
2019-03-29                21:21:11.578              87.55638400               2101.353216               88.55638400               1553894471.578            0                         963                       1.0000000000E+000         1.6000000000E+001         0.0000000000E+000         1.6321100905E+002         1.6516257982E+002         5.5261244419E+002         5.5992212024E+002         9.2985159262E-001         1.1699114799E+000         
2019-03-29                21:22:00.845              87.55695424               2101.366902               88.55695424               1553894520.846            0                         963                       1.0000000000E+000         1.6000000000E+001         0.0000000000E+000         1.6321100905E+002         1.6516257982E+002         5.4734800923E+002         5.6068912974E+002         9.2985159262E-001         1.1699114799E+000         
2019-03-29                21:22:50.091              87.55752420               2101.380581               88.55752420               1553894570.091            0                         963                       1.0000000000E+000         1.6000000000E+001         0.0000000000E+000         1.6321100905E+002         1.6516257982E+002         5.4102407759E+002         5.5534775264E+002         9.2985159262E-001         1.1699114799E+000         
2019-03-29                21:23:16.397              87.55782867               2101.387888               88.55782867               1553894596.397            0                         963                       2.0000000000E+000         1.6000000000E+001         0.0000000000E+000         1.0869583940E+001         1.6516257982E+002         5.4102407759E+002         5.4893139382E+002         9.2985159262E-001         1.1699114799E+000         
2019-03-29                21:23:36.519              87.55806157               2101.393478               88.55806157               1553894616.520            0                         963                       1.0000000000E+000         1.6000000000E+001         0.0000000000E+000         1.0869583940E+001         1.6516257982E+002         5.3561996915E+002         5.4893139382E+002         9.2985159262E-001         1.1699114799E+000         
2019-03-29                21:24:25.779              87.55863171               2101.407161               88.55863171               1553894665.780            0                         963                       1.0000000000E+000         1.6000000000E+001         0.0000000000E+000         1.0869583940E+001         1.0999555334E+001         5.3238017744E+002         5.4344830185E+002         9.2985159262E-001         1.1699114799E+000         
2019-03-29                21:25:15.009              87.55920150               2101.420836               88.55920150               1553894715.010            0                         963                       1.0000000000E+000         1.6000000000E+001         0.0000000000E+000         1.0869583940E+001         1.0999555334E+001         5.2843002363E+002         5.4016115909E+002         9.2985159262E-001         1.1699114799E+000         
2019-03-29                21:26:04.272              87.55977167               2101.434520               88.55977167               1553894764.272            0                         963                       1.0000000000E+000         1.6000000000E+001         0.0000000000E+000         1.0869583940E+001         1.0999555334E+001         5.2480513047E+002         5.3615327196E+002         9.2985159262E-001         1.1699114799E+000         
2019-03-29                21:26:52.585              87.56033086               2101.447941               88.56033086               1553894812.586            0                         963                       1.0000000000E+000         1.6000000000E+001         0.0000000000E+000         1.0869583940E+001         1.0999555334E+001         5.2634427338E+002         5.3247539931E+002         9.2985159262E-001         1.1699114799E+000         
2019-03-29                21:27:41.823              87.56090074               2101.461618               88.56090074               1553894861.824            0                         963                       1.0000000000E+000         1.6000000000E+001         0.0000000000E+000         1.0869583940E+001         1.0999555334E+001         5.2808725628E+002         5.3403703751E+002         9.2985159262E-001         1.1699114799E+000         
2019-03-29                21:28:31.117              87.56147126               2101.475310               88.56147126               1553894911.117            0                         963                       1.0000000000E+000         1.6000000000E+001         0.0000000000E+000         1.0869583940E+001         1.0999555334E+001         5.2566459084E+002         5.3580549491E+002         9.2985159262E-001         1.1699114799E+000         
2019-03-29                21:29:00.543              87.56181185               2101.483484               88.56181185               1553894940.544            0                         963                       2.0000000000E+000         1.6000000000E+001         0.0000000000E+000         1.4721729042E+002         1.0999555334E+001         5.2566459084E+002         5.3334742110E+002         9.2985159262E-001         1.1699114799E+000         
2019-03-29                21:29:20.565              87.56204358               2101.489046               88.56204358               1553894960.565            0                         963                       1.0000000000E+000         1.6000000000E+001         0.0000000000E+000         1.4721729042E+002         1.0999555334E+001         5.2282776397E+002         5.3334742110E+002         9.2985159262E-001         1.1699114799E+000         
2019-03-29                21:30:09.881              87.56261436               2101.502745               88.56261436               1553895009.881            0                         963                       1.0000000000E+000         1.6000000000E+001         0.0000000000E+000         1.4721729042E+002         1.4897761875E+002         5.2095666308E+002         5.3046913270E+002         9.2985159262E-001         1.1699114799E+000         
2019-03-29                21:30:35.183              87.56290721               2101.509773               88.56290721               1553895035.183            0                         963                       2.0000000000E+000         1.6000000000E+001         0.0000000000E+000         1.0745912026E+001         1.4897761875E+002         5.2095666308E+002         5.2857068480E+002         9.2985159262E-001         1.1699114799E+000         
2019-03-29                21:30:55.293              87.56313998               2101.515359               88.56313998               1553895055.294            0                         963                       1.0000000000E+000         1.6000000000E+001         0.0000000000E+000         1.0745912026E+001         1.4897761875E+002         5.1852852536E+002         5.2857068480E+002         9.2985159262E-001         1.1699114799E+000         
2019-03-29                21:31:21.586              87.56344429               2101.522663               88.56344429               1553895081.587            0                         963                       2.0000000000E+000         1.6000000000E+001         0.0000000000E+000         1.0906951739E+001         1.0874404632E+001         5.1852852536E+002         5.2610705873E+002         9.2985159262E-001         1.1699114799E+000         
2019-03-29                21:31:41.693              87.56367700               2101.528248               88.56367700               1553895101.693            0                         963                       1.0000000000E+000         1.6000000000E+001         0.0000000000E+000         1.0906951739E+001         1.0874404632E+001         5.1671241597E+002         5.2610705873E+002         9.2985159262E-001         1.1699114799E+000         
2019-03-29                21:32:30.010              87.56423624               2101.541670               88.56423624               1553895150.011            0                         963                       1.0000000000E+000         1.6000000000E+001         0.0000000000E+000         1.0906951739E+001         1.1037369953E+001         5.1611102053E+002         5.2426440607E+002         9.2985159262E-001         1.1699114799E+000         
2019-03-29                21:33:19.244              87.56480608               2101.555346               88.56480608               1553895199.245            0                         963                       1.0000000000E+000         1.6000000000E+001         0.0000000000E+000         1.0906951739E+001         1.1037369953E+001         5.1684397380E+002         5.2365422096E+002         9.2985159262E-001         1.1699114799E+000         
2019-03-29                21:34:08.460              87.56537571               2101.569017               88.56537571               1553895248.461            0                         963                       1.0000000000E+000         1.6000000000E+001         0.0000000000E+000         1.0906951739E+001         1.1037369953E+001         5.1848016509E+002         5.2439788668E+002         9.2985159262E-001         1.1699114799E+000         
2019-03-29                21:34:56.680              87.56593380               2101.582411               88.56593380               1553895296.680            0                         963                       1.0000000000E+000         1.6000000000E+001         0.0000000000E+000         1.0906951739E+001         1.1037369953E+001         5.1889556537E+002         5.2605799165E+002         9.2985159262E-001         1.1699114799E+000         
2019-03-29                21:35:44.938              87.56649235               2101.595816               88.56649235               1553895344.939            0                         963                       1.0000000000E+000         1.6000000000E+001         0.0000000000E+000         1.0906951739E+001         1.1037369953E+001         5.1793672855E+002         5.2647946320E+002         9.2985159262E-001         1.1699114799E+000         
2019-03-29                21:36:12.828              87.56681515               2101.603564               88.56681515               1553895372.829            0                         963                       2.0000000000E+000         1.6000000000E+001         0.0000000000E+000         7.1012966042E+001         1.1037369953E+001         5.1793672855E+002         5.2550661254E+002         9.2985159262E-001         1.1699114799E+000         
2019-03-29                21:36:33.344              87.56705259               2101.609262               88.56705259               1553895393.344            0                         963                       1.0000000000E+000         1.6000000000E+001         0.0000000000E+000         7.1012966042E+001         1.1037369953E+001         5.1672970626E+002         5.2550661254E+002         9.2985159262E-001         1.1699114799E+000         
2019-03-29                21:37:22.621              87.56762294               2101.622951               88.56762294               1553895442.622            0                         963                       1.0000000000E+000         1.6000000000E+001         0.0000000000E+000         7.1012966042E+001         7.1862092766E+001         5.1643054657E+002         5.2428194907E+002         9.2985159262E-001         1.1699114799E+000         
2019-03-29                21:38:11.836              87.56819256               2101.636621               88.56819256               1553895491.837            0                         963                       1.0000000000E+000         1.6000000000E+001         0.0000000000E+000         7.1012966042E+001         7.1862092766E+001         5.1621371287E+002         5.2397841702E+002         9.2985159262E-001         1.1699114799E+000         
2019-03-29                21:39:01.069              87.56876238               2101.650297               88.56876238               1553895541.070            0                         963                       1.0000000000E+000         1.6000000000E+001         0.0000000000E+000         7.1012966042E+001         7.1862092766E+001         5.1587271192E+002         5.2375841419E+002         9.2985159262E-001         1.1699114799E+000         
2019-03-29                21:39:05.506              87.56881373               2101.651529               88.56881373               1553895545.506            0                         963                       3.0000000000E+000         1.6000000000E+001         0.0000000000E+000         7.1012966042E+001         7.1861178132E+001         5.1587271192E+002         5.2340430496E+002         9.2787024777E-001         1.1674880030E+000         
2019-03-29                21:39:14.709              87.56892024               2101.654086               88.56892024               1553895554.709            0                         963                       2.0000000000E+000         1.6000000000E+001         0.0000000000E+000         1.1034013522E+001         7.1861178132E+001         5.1587271192E+002         5.2340430496E+002         9.2787024777E-001         1.1674880030E+000         
2019-03-29                21:39:35.628              87.56916237               2101.659897               88.56916237               1553895575.629            0                         963                       1.0000000000E+000         1.6000000000E+001         0.0000000000E+000         1.1034013522E+001         7.1861178132E+001         5.1544940863E+002         5.2340430496E+002         9.2787024777E-001         1.1674880030E+000         
2019-03-29                21:40:24.862              87.56973221               2101.673573               88.56973221               1553895624.863            0                         963                       1.0000000000E+000         1.6000000000E+001         0.0000000000E+000         1.1034013522E+001         1.1165666838E+001         5.1509147815E+002         5.2296670450E+002         9.2787024777E-001         1.1674880030E+000         
2019-03-29                21:41:14.114              87.57030225               2101.687254               88.57030225               1553895674.114            0                         963                       1.0000000000E+000         1.6000000000E+001         0.0000000000E+000         1.1034013522E+001         1.1165666838E+001         5.1453490681E+002         5.2260355399E+002         9.2787024777E-001         1.1674880030E+000         
2019-03-29                21:41:42.624              87.57063222               2101.695173               88.57063222               1553895702.624            0                         963                       2.0000000000E+000         1.6000000000E+001         0.0000000000E+000         1.0673802177E+001         1.1165666838E+001         5.1453490681E+002         5.2203886563E+002         9.2787024777E-001         1.1674880030E+000         
2019-03-29                21:42:02.500              87.57086228               2101.700695               88.57086228               1553895722.501            0                         963                       1.0000000000E+000         1.6000000000E+001         0.0000000000E+000         1.0673802177E+001         1.1165666838E+001         5.1965504091E+002         5.2203886563E+002         9.2787024777E-001         1.1674880030E+000         
2019-03-29                21:42:29.418              87.57117383               2101.708172               88.57117383               1553895749.419            0                         963                       2.0000000000E+000         1.6000000000E+001         0.0000000000E+000         1.1063744264E+001         1.0801157598E+001         5.1965504091E+002         5.2723367158E+002         9.2787024777E-001         1.1674880030E+000         
2019-03-29                21:42:49.930              87.57141124               2101.713870               88.57141124               1553895769.931            0                         963                       1.0000000000E+000         1.6000000000E+001         0.0000000000E+000         1.1063744264E+001         1.0801157598E+001         5.3485749175E+002         5.2723367158E+002         9.2787024777E-001         1.1674880030E+000         
2019-03-29                21:43:39.200              87.57198148               2101.727556               88.57198148               1553895819.200            0                         963                       1.0000000000E+000         1.6000000000E+001         0.0000000000E+000         1.1063744264E+001         1.1195752314E+001         5.4401124331E+002         5.4265783442E+002         9.2787024777E-001         1.1674880030E+000         
2019-03-29                21:44:28.471              87.57255176               2101.741242               88.57255176               1553895868.472            0                         963                       1.0000000000E+000         1.6000000000E+001         0.0000000000E+000         1.1063744264E+001         1.1195752314E+001         5.4647737311E+002         5.5194508397E+002         9.2787024777E-001         1.1674880030E+000         
2019-03-29                21:44:31.082              87.57258198               2101.741967               88.57258198               1553895871.083            0                         963                       3.0000000000E+000         1.6000000000E+001         0.0000000000E+000         1.1063744264E+001         1.1196152925E+001         5.4647737311E+002         5.5447137509E+002         9.3344108628E-001         1.1743012468E+000         
2019-03-29                21:44:39.631              87.57268093               2101.744342               88.57268093               1553895879.632            0                         963                       2.0000000000E+000         1.6000000000E+001         0.0000000000E+000         3.6619925472E+001         1.1196152925E+001         5.4647737311E+002         5.5447137509E+002         9.3344108628E-001         1.1743012468E+000         
2019-03-29                21:45:00.072              87.57291750               2101.750020               88.57291750               1553895900.072            0                         963                       1.0000000000E+000         1.6000000000E+001         0.0000000000E+000         3.6619925472E+001         1.1196152925E+001         5.4353198528E+002         5.5447137509E+002         9.3344108628E-001         1.1743012468E+000         
2019-03-29                21:45:50.302              87.57349887               2101.763973               88.57349887               1553895950.302            0                         963                       1.0000000000E+000         1.6000000000E+001         0.0000000000E+000         3.6619925472E+001         3.7059511650E+001         5.4035179215E+002         5.5150697195E+002         9.3344108628E-001         1.1743012468E+000         
2019-03-29                21:46:38.582              87.57405766               2101.777384               88.57405766               1553895998.582            0                         963                       1.0000000000E+000         1.6000000000E+001         0.0000000000E+000         3.6619925472E+001         3.7059511650E+001         5.3679455947E+002         5.4828011736E+002         9.3344108628E-001         1.1743012468E+000         
2019-03-29                21:47:27.839              87.57462778               2101.791067               88.57462778               1553896047.840            0                         963                       1.0000000000E+000         1.6000000000E+001         0.0000000000E+000         3.6619925472E+001         3.7059511650E+001         5.3359967487E+002         5.4467069109E+002         9.3344108628E-001         1.1743012468E+000         
2019-03-29                21:48:17.092              87.57519784               2101.804748               88.57519784               1553896097.093            0                         963                       1.0000000000E+000         1.6000000000E+001         0.0000000000E+000         3.6619925472E+001         3.7059511650E+001         5.3056005898E+002         5.4142892946E+002         9.3344108628E-001         1.1743012468E+000         
2019-03-29                21:49:05.381              87.57575674               2101.818162               88.57575674               1553896145.382            0                         963                       1.0000000000E+000         1.6000000000E+001         0.0000000000E+000         3.6619925472E+001         3.7059511650E+001         5.2778942612E+002         5.3834471474E+002         9.3344108628E-001         1.1743012468E+000         
2019-03-29                21:49:54.608              87.57632648               2101.831836               88.57632648               1553896194.608            0                         963                       1.0000000000E+000         1.6000000000E+001         0.0000000000E+000         3.6619925472E+001         3.7059511650E+001         5.2530024422E+002         5.3553342970E+002         9.3344108628E-001         1.1743012468E+000         
2019-03-29                21:50:43.841              87.57689631               2101.845511               88.57689631               1553896243.841            0                         963                       1.0000000000E+000         1.6000000000E+001         0.0000000000E+000         3.6619925472E+001         3.7059511650E+001         5.2307168015E+002         5.3300772522E+002         9.3344108628E-001         1.1743012468E+000         
2019-03-29                21:51:33.131              87.57746679               2101.859203               88.57746679               1553896293.131            0                         963                       1.0000000000E+000         1.6000000000E+001         0.0000000000E+000         3.6619925472E+001         3.7059511650E+001         5.2077825174E+002         5.3074646248E+002         9.3344108628E-001         1.1743012468E+000         
2019-03-29                21:52:22.434              87.57803744               2101.872899               88.57803744               1553896342.435            0                         963                       1.0000000000E+000         1.6000000000E+001         0.0000000000E+000         3.6619925472E+001         3.7059511650E+001         5.1856472461E+002         5.2841938368E+002         9.3344108628E-001         1.1743012468E+000         
2019-03-29                21:53:11.661              87.57860719               2101.886573               88.57860719               1553896391.661            0                         963                       1.0000000000E+000         1.6000000000E+001         0.0000000000E+000         3.6619925472E+001         3.7059511650E+001         5.1657976276E+002         5.2617337852E+002         9.3344108628E-001         1.1743012468E+000         
2019-03-29                21:53:59.914              87.57916567               2101.899976               88.57916567               1553896439.914            0                         963                       1.0000000000E+000         1.6000000000E+001         0.0000000000E+000         3.6619925472E+001         3.7059511650E+001         5.1452838466E+002         5.2415929227E+002         9.3344108628E-001         1.1743012468E+000         
2019-03-29                21:54:27.200              87.57948148               2101.907556               88.57948148               1553896467.200            0                         963                       2.0000000000E+000         1.6000000000E+001         0.0000000000E+000         1.6232359523E+002         3.7059511650E+001         5.1452838466E+002         5.2207781527E+002         9.3344108628E-001         1.1743012468E+000         
2019-03-29                21:54:47.319              87.57971435               2101.913144               88.57971435               1553896487.320            0                         963                       1.0000000000E+000         1.6000000000E+001         0.0000000000E+000         1.6232359523E+002         3.7059511650E+001         5.1232078707E+002         5.2207781527E+002         9.3344108628E-001         1.1743012468E+000         
2019-03-29                21:55:14.598              87.58003007               2101.920722               88.58003007               1553896514.598            0                         963                       2.0000000000E+000         1.6000000000E+001         0.0000000000E+000         1.5719265135E+002         1.6427213029E+002         5.1232078707E+002         5.1983782666E+002         9.3344108628E-001         1.1743012468E+000         
2019-03-29                21:55:34.710              87.58026286               2101.926309               88.58026286               1553896534.711            0                         963                       1.0000000000E+000         1.6000000000E+001         0.0000000000E+000         1.5719265135E+002         1.6427213029E+002         5.1061667823E+002         5.1983782666E+002         9.3344108628E-001         1.1743012468E+000         
2019-03-29                21:56:02.000              87.58057872               2101.933889               88.58057872               1553896562.001            0                         963                       2.0000000000E+000         1.6000000000E+001         0.0000000000E+000         1.0868805814E+001         1.5907959448E+002         5.1061667823E+002         5.1810871424E+002         9.3344108628E-001         1.1743012468E+000         
2019-03-29                21:56:22.128              87.58081167               2101.939480               88.58081167               1553896582.128            0                         963                       1.0000000000E+000         1.6000000000E+001         0.0000000000E+000         1.0868805814E+001         1.5907959448E+002         5.0940082308E+002         5.1810871424E+002         9.3344108628E-001         1.1743012468E+000         
2019-03-29                21:57:11.400              87.58138194               2101.953167               88.58138194               1553896631.400            0                         963                       1.0000000000E+000         1.6000000000E+001         0.0000000000E+000         1.0868805814E+001         1.0999275134E+001         5.0832024089E+002         5.1687501942E+002         9.3344108628E-001         1.1743012468E+000         
2019-03-29                21:58:00.660              87.58195208               2101.966850               88.58195208               1553896680.660            0                         963                       1.0000000000E+000         1.6000000000E+001         0.0000000000E+000         1.0868805814E+001         1.0999275134E+001         5.0694434938E+002         5.1577858236E+002         9.3344108628E-001         1.1743012468E+000         
2019-03-29                21:58:48.931              87.58251079               2101.980259               88.58251079               1553896728.932            0                         963                       1.0000000000E+000         1.6000000000E+001         0.0000000000E+000         1.0868805814E+001         1.0999275134E+001         5.0568158027E+002         5.1438250305E+002         9.3344108628E-001         1.1743012468E+000         
2019-03-29                21:59:38.177              87.58308075               2101.993938               88.58308075               1553896778.177            0                         963                       1.0000000000E+000         1.6000000000E+001         0.0000000000E+000         1.0868805814E+001         1.0999275134E+001         5.0444752002E+002         5.1310120593E+002         9.3344108628E-001         1.1743012468E+000         
