DATE                      TIME                      FRAC_DAYS_SINCE_JAN1      FRAC_HRS_SINCE_JAN1       JULIAN_DAYS               EPOCH_TIME                ALARM_STATUS              INST_STATUS               species                   MPVPosition               solenoid_valves           CH4                       CH4_dry                   CO2                       CO2_dry                   H2O                       h2o_reported              
2019-07-06                18:12:57.875              186.42566985              4474.216076               187.42566985              1562436777.875            0                         963                       1.0000000000E+000         7.0000000000E+000         0.0000000000E+000         1.5020388718E+002         1.5250851374E+002         4.5499248601E+002         4.6363023786E+002         1.1894893052E+000         1.4850998369E+000         
2019-07-06                18:13:48.026              186.42625030              4474.230007               187.42625030              1562436828.026            0                         963                       1.0000000000E+000         7.0000000000E+000         0.0000000000E+000         1.5020388718E+002         1.5250851374E+002         4.5493718247E+002         4.6352645040E+002         1.1894893052E+000         1.4850998369E+000         
2019-07-06                18:14:38.111              186.42683000              4474.243920               187.42683000              1562436878.112            0                         963                       1.0000000000E+000         7.0000000000E+000         0.0000000000E+000         1.5020388718E+002         1.5250851374E+002         4.5489170888E+002         4.6347010957E+002         1.1894893052E+000         1.4850998369E+000         
2019-07-06                18:15:27.357              186.42739997              4474.257599               187.42739997              1562436927.357            0                         963                       1.0000000000E+000         7.0000000000E+000         0.0000000000E+000         1.5020388718E+002         1.5250851374E+002         4.5485733190E+002         4.6342378306E+002         1.1894893052E+000         1.4850998369E+000         
2019-07-06                18:16:16.638              186.42797035              4474.271288               187.42797035              1562436976.638            0                         963                       1.0000000000E+000         7.0000000000E+000         0.0000000000E+000         1.5020388718E+002         1.5250851374E+002         4.5489963374E+002         4.6338876129E+002         1.1894893052E+000         1.4850998369E+000         
2019-07-06                18:17:06.792              186.42855083              4474.285220               187.42855083              1562437026.792            0                         963                       1.0000000000E+000         7.0000000000E+000         0.0000000000E+000         1.5020388718E+002         1.5250851374E+002         4.5500474258E+002         4.6343185656E+002         1.1894893052E+000         1.4850998369E+000         
2019-07-06                18:17:56.936              186.42913120              4474.299149               187.42913120              1562437076.936            0                         963                       1.0000000000E+000         7.0000000000E+000         0.0000000000E+000         1.5020388718E+002         1.5250851374E+002         4.5513805082E+002         4.6353893685E+002         1.1894893052E+000         1.4850998369E+000         
2019-07-06                18:18:47.082              186.42971161              4474.313079               187.42971161              1562437127.083            0                         963                       1.0000000000E+000         7.0000000000E+000         0.0000000000E+000         1.5020388718E+002         1.5250851374E+002         4.5526749445E+002         4.6367474546E+002         1.1894893052E+000         1.4850998369E+000         
2019-07-06                18:19:37.204              186.43029172              4474.327001               187.43029172              1562437177.205            0                         963                       1.0000000000E+000         7.0000000000E+000         0.0000000000E+000         1.5020388718E+002         1.5250851374E+002         4.5542111054E+002         4.6380661697E+002         1.1894893052E+000         1.4850998369E+000         
2019-07-06                18:20:26.464              186.43086186              4474.340685               187.43086186              1562437226.465            0                         963                       1.0000000000E+000         7.0000000000E+000         0.0000000000E+000         1.5020388718E+002         1.5250851374E+002         4.5560625972E+002         4.6396311432E+002         1.1894893052E+000         1.4850998369E+000         
2019-07-06                18:21:16.549              186.43144155              4474.354597               187.43144155              1562437276.550            0                         963                       1.0000000000E+000         7.0000000000E+000         0.0000000000E+000         1.5020388718E+002         1.5250851374E+002         4.5578397859E+002         4.6415173622E+002         1.1894893052E+000         1.4850998369E+000         
2019-07-06                18:22:05.752              186.43201102              4474.368264               187.43201102              1562437325.752            0                         963                       1.0000000000E+000         7.0000000000E+000         0.0000000000E+000         1.5020388718E+002         1.5250851374E+002         4.5589950853E+002         4.6433278843E+002         1.1894893052E+000         1.4850998369E+000         
2019-07-06                18:22:54.999              186.43258101              4474.381944               187.43258101              1562437374.999            0                         963                       1.0000000000E+000         7.0000000000E+000         0.0000000000E+000         1.5020388718E+002         1.5250851374E+002         4.5594729786E+002         4.6445048528E+002         1.1894893052E+000         1.4850998369E+000         
2019-07-06                18:23:45.194              186.43316197              4474.395887               187.43316197              1562437425.194            0                         963                       1.0000000000E+000         7.0000000000E+000         0.0000000000E+000         1.5020388718E+002         1.5250851374E+002         4.5597173077E+002         4.6449917096E+002         1.1894893052E+000         1.4850998369E+000         
2019-07-06                18:24:35.303              186.43374194              4474.409807               187.43374194              1562437475.304            0                         963                       1.0000000000E+000         7.0000000000E+000         0.0000000000E+000         1.5020388718E+002         1.5250851374E+002         4.5592887783E+002         4.6452406214E+002         1.1894893052E+000         1.4850998369E+000         
2019-07-06                18:25:24.565              186.43431209              4474.423490               187.43431209              1562437524.565            0                         963                       1.0000000000E+000         7.0000000000E+000         0.0000000000E+000         1.5020388718E+002         1.5250851374E+002         4.5584941211E+002         4.6448040544E+002         1.1894893052E+000         1.4850998369E+000         
2019-07-06                18:26:13.812              186.43488209              4474.437170               187.43488209              1562437573.813            0                         963                       1.0000000000E+000         7.0000000000E+000         0.0000000000E+000         1.5020388718E+002         1.5250851374E+002         4.5576959987E+002         4.6439944924E+002         1.1894893052E+000         1.4850998369E+000         
2019-07-06                18:27:03.960              186.43546250              4474.451100               187.43546250              1562437623.960            0                         963                       1.0000000000E+000         7.0000000000E+000         0.0000000000E+000         1.5020388718E+002         1.5250851374E+002         4.5563865022E+002         4.6431814002E+002         1.1894893052E+000         1.4850998369E+000         
2019-07-06                18:27:53.197              186.43603237              4474.464777               187.43603237              1562437673.197            0                         963                       1.0000000000E+000         7.0000000000E+000         0.0000000000E+000         1.5020388718E+002         1.5250851374E+002         4.5543339895E+002         4.6418473424E+002         1.1894893052E+000         1.4850998369E+000         
2019-07-06                18:28:42.437              186.43660228              4474.478455               187.43660228              1562437722.437            0                         963                       1.0000000000E+000         7.0000000000E+000         0.0000000000E+000         1.5020388718E+002         1.5250851374E+002         4.5525113165E+002         4.6397563323E+002         1.1894893052E+000         1.4850998369E+000         
2019-07-06                18:29:32.529              186.43718205              4474.492369               187.43718205              1562437772.529            0                         963                       1.0000000000E+000         7.0000000000E+000         0.0000000000E+000         1.5020388718E+002         1.5250851374E+002         4.5502702633E+002         4.6378994727E+002         1.1894893052E+000         1.4850998369E+000         
2019-07-06                18:30:21.789              186.43775220              4474.506053               187.43775220              1562437821.790            0                         963                       1.0000000000E+000         7.0000000000E+000         0.0000000000E+000         1.5020388718E+002         1.5250851374E+002         4.5482597585E+002         4.6356163856E+002         1.1894893052E+000         1.4850998369E+000         
2019-07-06                18:31:11.013              186.43832192              4474.519726               187.43832192              1562437871.014            0                         963                       1.0000000000E+000         7.0000000000E+000         0.0000000000E+000         1.5020388718E+002         1.5250851374E+002         4.5470249733E+002         4.6335681712E+002         1.1894893052E+000         1.4850998369E+000         
2019-07-06                18:32:00.252              186.43889181              4474.533403               187.43889181              1562437920.252            0                         963                       1.0000000000E+000         7.0000000000E+000         0.0000000000E+000         1.5020388718E+002         1.5250851374E+002         4.5455726999E+002         4.6323102261E+002         1.1894893052E+000         1.4850998369E+000         
2019-07-06                18:32:50.368              186.43947185              4474.547324               187.43947185              1562437970.368            0                         963                       1.0000000000E+000         7.0000000000E+000         0.0000000000E+000         1.5020388718E+002         1.5250851374E+002         4.5443902309E+002         4.6308307134E+002         1.1894893052E+000         1.4850998369E+000         
2019-07-06                18:33:39.627              186.44004198              4474.561008               187.44004198              1562438019.627            0                         963                       1.0000000000E+000         7.0000000000E+000         0.0000000000E+000         1.5020388718E+002         1.5250851374E+002         4.5436110197E+002         4.6296260657E+002         1.1894893052E+000         1.4850998369E+000         
2019-07-06                18:34:28.828              186.44061145              4474.574675               187.44061145              1562438068.829            0                         963                       1.0000000000E+000         7.0000000000E+000         0.0000000000E+000         1.5020388718E+002         1.5250851374E+002         4.5421539349E+002         4.6288322394E+002         1.1894893052E+000         1.4850998369E+000         
2019-07-06                18:35:18.927              186.44119130              4474.588591               187.44119130              1562438118.928            0                         963                       1.0000000000E+000         7.0000000000E+000         0.0000000000E+000         1.5020388718E+002         1.5250851374E+002         4.5401983272E+002         4.6273478252E+002         1.1894893052E+000         1.4850998369E+000         
2019-07-06                18:36:08.203              186.44176162              4474.602279               187.44176162              1562438168.204            0                         963                       1.0000000000E+000         7.0000000000E+000         0.0000000000E+000         1.5020388718E+002         1.5250851374E+002         4.5388962682E+002         4.6253555376E+002         1.1894893052E+000         1.4850998369E+000         
2019-07-06                18:36:59.413              186.44235432              4474.616504               187.44235432              1562438219.413            0                         963                       1.0000000000E+000         7.0000000000E+000         0.0000000000E+000         1.5020388718E+002         1.5250851374E+002         4.5373937101E+002         4.6240290567E+002         1.1894893052E+000         1.4850998369E+000         
2019-07-06                18:37:49.566              186.44293480              4474.630435               187.44293480              1562438269.567            0                         963                       1.0000000000E+000         7.0000000000E+000         0.0000000000E+000         1.5020388718E+002         1.5250851374E+002         4.5359540676E+002         4.6224983163E+002         1.1894893052E+000         1.4850998369E+000         
2019-07-06                18:38:39.721              186.44351530              4474.644367               187.44351530              1562438319.722            0                         963                       1.0000000000E+000         7.0000000000E+000         0.0000000000E+000         1.5020388718E+002         1.5250851374E+002         4.5353903430E+002         4.6210316714E+002         1.1894893052E+000         1.4850998369E+000         
2019-07-06                18:39:28.944              186.44408501              4474.658040               187.44408501              1562438368.945            0                         963                       1.0000000000E+000         7.0000000000E+000         0.0000000000E+000         1.5020388718E+002         1.5250851374E+002         4.5348488828E+002         4.6204573735E+002         1.1894893052E+000         1.4850998369E+000         
2019-07-06                18:40:18.220              186.44465532              4474.671728               187.44465532              1562438418.220            0                         963                       1.0000000000E+000         7.0000000000E+000         0.0000000000E+000         1.5020388718E+002         1.5250851374E+002         4.5340757850E+002         4.6199057574E+002         1.1894893052E+000         1.4850998369E+000         
2019-07-06                18:41:07.470              186.44522535              4474.685408               187.44522535              1562438467.470            0                         963                       1.0000000000E+000         7.0000000000E+000         0.0000000000E+000         1.5020388718E+002         1.5250851374E+002         4.5336756802E+002         4.6191181593E+002         1.1894893052E+000         1.4850998369E+000         
2019-07-06                18:41:57.647              186.44580610              4474.699346               187.44580610              1562438517.647            0                         963                       1.0000000000E+000         7.0000000000E+000         0.0000000000E+000         1.5020388718E+002         1.5250851374E+002         4.5335284700E+002         4.6187105500E+002         1.1894893052E+000         1.4850998369E+000         
2019-07-06                18:42:47.826              186.44638689              4474.713285               187.44638689              1562438567.827            0                         963                       1.0000000000E+000         7.0000000000E+000         0.0000000000E+000         1.5020388718E+002         1.5250851374E+002         4.5334416765E+002         4.6185605786E+002         1.1894893052E+000         1.4850998369E+000         
2019-07-06                18:43:37.950              186.44696703              4474.727209               187.44696703              1562438617.951            0                         963                       1.0000000000E+000         7.0000000000E+000         0.0000000000E+000         1.5020388718E+002         1.5250851374E+002         4.5332523576E+002         4.6184721572E+002         1.1894893052E+000         1.4850998369E+000         
2019-07-06                18:44:27.197              186.44753700              4474.740888               187.44753700              1562438667.197            0                         963                       1.0000000000E+000         7.0000000000E+000         0.0000000000E+000         1.5020388718E+002         1.5250851374E+002         4.5333040455E+002         4.6182792874E+002         1.1894893052E+000         1.4850998369E+000         
2019-07-06                18:45:16.440              186.44810696              4474.754567               187.44810696              1562438716.441            0                         963                       1.0000000000E+000         7.0000000000E+000         0.0000000000E+000         1.5020388718E+002         1.5250851374E+002         4.5339307234E+002         4.6183319448E+002         1.1894893052E+000         1.4850998369E+000         
2019-07-06                18:46:06.515              186.44868652              4474.768476               187.44868652              1562438766.515            0                         963                       1.0000000000E+000         7.0000000000E+000         0.0000000000E+000         1.5020388718E+002         1.5250851374E+002         4.5344516240E+002         4.6189703769E+002         1.1894893052E+000         1.4850998369E+000         
2019-07-06                18:46:55.789              186.44925682              4474.782164               187.44925682              1562438815.789            0                         963                       1.0000000000E+000         7.0000000000E+000         0.0000000000E+000         1.5020388718E+002         1.5250851374E+002         4.5350778544E+002         4.6195010476E+002         1.1894893052E+000         1.4850998369E+000         
2019-07-06                18:47:45.052              186.44982699              4474.795848               187.44982699              1562438865.052            0                         963                       1.0000000000E+000         7.0000000000E+000         0.0000000000E+000         1.5020388718E+002         1.5250851374E+002         4.5358879334E+002         4.6201390238E+002         1.1894893052E+000         1.4850998369E+000         
2019-07-06                18:48:35.157              186.45040692              4474.809766               187.45040692              1562438915.158            0                         963                       1.0000000000E+000         7.0000000000E+000         0.0000000000E+000         1.5020388718E+002         1.5250851374E+002         4.5357940059E+002         4.6209642968E+002         1.1894893052E+000         1.4850998369E+000         
2019-07-06                18:49:25.289              186.45098714              4474.823691               187.45098714              1562438965.289            0                         963                       1.0000000000E+000         7.0000000000E+000         0.0000000000E+000         1.5020388718E+002         1.5250851374E+002         4.5359174300E+002         4.6208686075E+002         1.1894893052E+000         1.4850998369E+000         
2019-07-06                18:50:13.543              186.45154565              4474.837096               187.45154565              1562439013.544            0                         963                       1.0000000000E+000         7.0000000000E+000         0.0000000000E+000         1.5020388718E+002         1.5250851374E+002         4.5369253143E+002         4.6209943466E+002         1.1894893052E+000         1.4850998369E+000         
2019-07-06                18:51:02.799              186.45211573              4474.850778               187.45211573              1562439062.799            0                         963                       1.0000000000E+000         7.0000000000E+000         0.0000000000E+000         1.5020388718E+002         1.5250851374E+002         4.5376066143E+002         4.6220211351E+002         1.1894893052E+000         1.4850998369E+000         
2019-07-06                18:51:52.010              186.45268531              4474.864447               187.45268531              1562439112.011            0                         963                       1.0000000000E+000         7.0000000000E+000         0.0000000000E+000         1.5020388718E+002         1.5250851374E+002         4.5382934111E+002         4.6227152138E+002         1.1894893052E+000         1.4850998369E+000         
2019-07-06                18:52:42.122              186.45326531              4474.878367               187.45326531              1562439162.123            0                         963                       1.0000000000E+000         7.0000000000E+000         0.0000000000E+000         1.5020388718E+002         1.5250851374E+002         4.5388260390E+002         4.6234148924E+002         1.1894893052E+000         1.4850998369E+000         
2019-07-06                18:53:31.385              186.45383549              4474.892052               187.45383549              1562439211.386            0                         963                       1.0000000000E+000         7.0000000000E+000         0.0000000000E+000         1.5020388718E+002         1.5250851374E+002         4.5389872304E+002         4.6239575103E+002         1.1894893052E+000         1.4850998369E+000         
2019-07-06                18:54:20.604              186.45440514              4474.905723               187.45440514              1562439260.604            0                         963                       1.0000000000E+000         7.0000000000E+000         0.0000000000E+000         1.5020388718E+002         1.5250851374E+002         4.5397982080E+002         4.6241217251E+002         1.1894893052E+000         1.4850998369E+000         
2019-07-06                18:55:09.832              186.45497491              4474.919398               187.45497491              1562439309.832            0                         963                       1.0000000000E+000         7.0000000000E+000         0.0000000000E+000         1.5020388718E+002         1.5250851374E+002         4.5411436627E+002         4.6249479135E+002         1.1894893052E+000         1.4850998369E+000         
2019-07-06                18:55:59.994              186.45555550              4474.933332               187.45555550              1562439359.995            0                         963                       1.0000000000E+000         7.0000000000E+000         0.0000000000E+000         1.5020388718E+002         1.5250851374E+002         4.5425528423E+002         4.6263186040E+002         1.1894893052E+000         1.4850998369E+000         
2019-07-06                18:56:50.161              186.45613613              4474.947267               187.45613613              1562439410.162            0                         963                       1.0000000000E+000         7.0000000000E+000         0.0000000000E+000         1.5020388718E+002         1.5250851374E+002         4.5439120034E+002         4.6277542145E+002         1.1894893052E+000         1.4850998369E+000         
2019-07-06                18:57:40.280              186.45671622              4474.961189               187.45671622              1562439460.281            0                         963                       1.0000000000E+000         7.0000000000E+000         0.0000000000E+000         1.5020388718E+002         1.5250851374E+002         4.5448166387E+002         4.6291388685E+002         1.1894893052E+000         1.4850998369E+000         
2019-07-06                18:57:44.865              186.45676928              4474.962463               187.45676928              1562439464.866            0                         963                       3.0000000000E+000         7.0000000000E+000         0.0000000000E+000         1.5020388718E+002         1.5251241276E+002         4.5448166387E+002         4.6302047691E+002         1.1934580823E+000         1.4898815461E+000         
2019-07-06                18:58:17.061              186.45714191              4474.971406               187.45714191              1562439497.061            0                         963                       1.0000000000E+000         7.0000000000E+000         0.0000000000E+000         1.5020388718E+002         1.5251241276E+002         4.5451621216E+002         4.6302047691E+002         1.1934580823E+000         1.4898815461E+000         
2019-07-06                18:59:07.151              186.45772166              4474.985320               187.45772166              1562439547.151            0                         963                       1.0000000000E+000         7.0000000000E+000         0.0000000000E+000         1.5020388718E+002         1.5251631239E+002         4.5452521427E+002         4.6307010751E+002         1.1934580823E+000         1.4898815461E+000         
2019-07-06                18:59:56.410              186.45829178              4474.999003               187.45829178              1562439596.410            0                         963                       1.0000000000E+000         7.0000000000E+000         0.0000000000E+000         1.5020388718E+002         1.5251631239E+002         4.5448071266E+002         4.6307927904E+002         1.1934580823E+000         1.4898815461E+000         
2019-07-06                19:00:45.637              186.45886154              4475.012677               187.45886154              1562439645.637            0                         963                       1.0000000000E+000         7.0000000000E+000         0.0000000000E+000         1.5020388718E+002         1.5251631239E+002         4.5441192182E+002         4.6303393992E+002         1.1934580823E+000         1.4898815461E+000         
2019-07-06                19:01:35.762              186.45944169              4475.026601               187.45944169              1562439695.762            0                         963                       1.0000000000E+000         7.0000000000E+000         0.0000000000E+000         1.5020388718E+002         1.5251631239E+002         4.5434638735E+002         4.6296385445E+002         1.1934580823E+000         1.4898815461E+000         
2019-07-06                19:02:26.072              186.46002398              4475.040576               187.46002398              1562439746.072            0                         963                       1.0000000000E+000         7.0000000000E+000         0.0000000000E+000         1.5020388718E+002         1.5251631239E+002         4.5425352688E+002         4.6289708663E+002         1.1934580823E+000         1.4898815461E+000         
2019-07-06                19:03:16.160              186.46060370              4475.054489               187.46060370              1562439796.160            0                         963                       1.0000000000E+000         7.0000000000E+000         0.0000000000E+000         1.5020388718E+002         1.5251631239E+002         4.5417035914E+002         4.6280247855E+002         1.1934580823E+000         1.4898815461E+000         
2019-07-06                19:04:05.398              186.46117359              4475.068166               187.46117359              1562439845.398            0                         963                       1.0000000000E+000         7.0000000000E+000         0.0000000000E+000         1.5020388718E+002         1.5251631239E+002         4.5408037778E+002         4.6271774561E+002         1.1934580823E+000         1.4898815461E+000         
2019-07-06                19:04:55.654              186.46175525              4475.082126               187.46175525              1562439895.654            0                         963                       1.0000000000E+000         7.0000000000E+000         0.0000000000E+000         1.5020388718E+002         1.5251631239E+002         4.5397949564E+002         4.6262607082E+002         1.1934580823E+000         1.4898815461E+000         
2019-07-06                19:05:45.750              186.46233508              4475.096042               187.46233508              1562439945.751            0                         963                       1.0000000000E+000         7.0000000000E+000         0.0000000000E+000         1.5020388718E+002         1.5251631239E+002         4.5390659903E+002         4.6252329011E+002         1.1934580823E+000         1.4898815461E+000         
2019-07-06                19:06:35.006              186.46290516              4475.109724               187.46290516              1562439995.006            0                         963                       1.0000000000E+000         7.0000000000E+000         0.0000000000E+000         1.5020388718E+002         1.5251631239E+002         4.5387199782E+002         4.6244902159E+002         1.1934580823E+000         1.4898815461E+000         
2019-07-06                19:07:24.220              186.46347478              4475.123395               187.46347478              1562440044.221            0                         963                       1.0000000000E+000         7.0000000000E+000         0.0000000000E+000         1.5020388718E+002         1.5251631239E+002         4.5389484198E+002         4.6241376920E+002         1.1934580823E+000         1.4898815461E+000         
2019-07-06                19:08:14.454              186.46405619              4475.137349               187.46405619              1562440094.455            0                         963                       1.0000000000E+000         7.0000000000E+000         0.0000000000E+000         1.5020388718E+002         1.5251631239E+002         4.5392222858E+002         4.6243704328E+002         1.1934580823E+000         1.4898815461E+000         
2019-07-06                19:09:04.609              186.46463669              4475.151281               187.46463669              1562440144.610            0                         963                       1.0000000000E+000         7.0000000000E+000         0.0000000000E+000         1.5020388718E+002         1.5251631239E+002         4.5392879856E+002         4.6246494529E+002         1.1934580823E+000         1.4898815461E+000         
2019-07-06                19:09:54.736              186.46521686              4475.165205               187.46521686              1562440194.737            0                         963                       1.0000000000E+000         7.0000000000E+000         0.0000000000E+000         1.5020388718E+002         1.5251631239E+002         4.5390163881E+002         4.6247163892E+002         1.1934580823E+000         1.4898815461E+000         
2019-07-06                19:10:43.986              186.46578688              4475.178885               187.46578688              1562440243.986            0                         963                       1.0000000000E+000         7.0000000000E+000         0.0000000000E+000         1.5020388718E+002         1.5251631239E+002         4.5390382164E+002         4.6244396802E+002         1.1934580823E+000         1.4898815461E+000         
2019-07-06                19:11:33.249              186.46635705              4475.192569               187.46635705              1562440293.249            0                         963                       1.0000000000E+000         7.0000000000E+000         0.0000000000E+000         1.5020388718E+002         1.5251631239E+002         4.5386811587E+002         4.6244619193E+002         1.1934580823E+000         1.4898815461E+000         
2019-07-06                19:12:23.359              186.46693704              4475.206489               187.46693704              1562440343.360            0                         963                       1.0000000000E+000         7.0000000000E+000         0.0000000000E+000         1.5020388718E+002         1.5251631239E+002         4.5380908974E+002         4.6240981419E+002         1.1934580823E+000         1.4898815461E+000         
2019-07-06                19:13:12.605              186.46750700              4475.220168               187.46750700              1562440392.605            0                         963                       1.0000000000E+000         7.0000000000E+000         0.0000000000E+000         1.5020388718E+002         1.5251631239E+002         4.5376711441E+002         4.6234967720E+002         1.1934580823E+000         1.4898815461E+000         
