DATE                      TIME                      FRAC_DAYS_SINCE_JAN1      FRAC_HRS_SINCE_JAN1       JULIAN_DAYS               EPOCH_TIME                ALARM_STATUS              INST_STATUS               species                   MPVPosition               solenoid_valves           CH4                       CH4_dry                   CO2                       CO2_dry                   H2O                       h2o_reported              
2019-10-23                14:48:44.765              295.28385145              7086.812435               296.28385145              1571842124.765            0                         963                       1.0000000000E+000         1.6000000000E+001         0.0000000000E+000         3.6325312491E+001         3.7347535266E+001         4.3478270660E+002         4.4966330765E+002         2.1564086188E+000         2.6199552357E+000         
2019-10-23                14:49:36.049              295.28444502              7086.826681               296.28444502              1571842176.050            0                         963                       1.0000000000E+000         8.0000000000E+000         0.0000000000E+000         3.6325312491E+001         3.7347535266E+001         4.3487276140E+002         4.4974804615E+002         2.1564086188E+000         2.6199552357E+000         
2019-10-23                14:50:27.223              295.28503730              7086.840895               296.28503730              1571842227.223            0                         963                       1.0000000000E+000         8.0000000000E+000         0.0000000000E+000         3.6325312491E+001         3.7347535266E+001         4.3497760593E+002         4.4984120066E+002         2.1564086188E+000         2.6199552357E+000         
2019-10-23                14:51:17.282              295.28561670              7086.854801               296.28561670              1571842277.283            0                         963                       1.0000000000E+000         1.6000000000E+001         0.0000000000E+000         3.6325312491E+001         3.7347535266E+001         4.3506711621E+002         4.4994965397E+002         2.1564086188E+000         2.6199552357E+000         
2019-10-23                14:52:07.365              295.28619637              7086.868713               296.28619637              1571842327.366            0                         963                       1.0000000000E+000         9.0000000000E+000         0.0000000000E+000         3.6325312491E+001         3.7347535266E+001         4.3515619177E+002         4.5004224522E+002         2.1564086188E+000         2.6199552357E+000         
2019-10-23                14:52:58.548              295.28678875              7086.882930               296.28678875              1571842378.548            0                         963                       1.0000000000E+000         9.0000000000E+000         0.0000000000E+000         3.6325312491E+001         3.7347535266E+001         4.3524372908E+002         4.5013438678E+002         2.1564086188E+000         2.6199552357E+000         
2019-10-23                14:53:49.720              295.28738102              7086.897144               296.28738102              1571842429.720            0                         963                       1.0000000000E+000         1.6000000000E+001         0.0000000000E+000         3.6325312491E+001         3.7347535266E+001         4.3534440556E+002         4.5022493715E+002         2.1564086188E+000         2.6199552357E+000         
2019-10-23                14:54:39.851              295.28796124              7086.911070               296.28796124              1571842479.851            0                         963                       1.0000000000E+000         1.0000000000E+001         0.0000000000E+000         3.6325312491E+001         3.7347535266E+001         4.3544736188E+002         4.5032907894E+002         2.1564086188E+000         2.6199552357E+000         
2019-10-23                14:55:28.969              295.28852973              7086.924714               296.28852973              1571842528.969            0                         963                       1.0000000000E+000         1.0000000000E+001         0.0000000000E+000         3.6325312491E+001         3.7347535266E+001         4.3547983403E+002         4.5043557905E+002         2.1564086188E+000         2.6199552357E+000         
2019-10-23                14:56:20.170              295.28912234              7086.938936               296.28912234              1571842580.170            0                         963                       1.0000000000E+000         1.6000000000E+001         0.0000000000E+000         3.6325312491E+001         3.7347535266E+001         4.3553573217E+002         4.5046916889E+002         2.1564086188E+000         2.6199552357E+000         
2019-10-23                14:57:11.369              295.28971493              7086.953158               296.28971493              1571842631.370            0                         963                       1.0000000000E+000         1.1000000000E+001         0.0000000000E+000         3.6325312491E+001         3.7347535266E+001         5.3332255776E+002         4.5052699107E+002         2.1564086188E+000         2.6199552357E+000         
2019-10-23                14:58:01.437              295.29029441              7086.967066               296.29029441              1571842681.437            0                         963                       1.0000000000E+000         1.1000000000E+001         0.0000000000E+000         3.6325312491E+001         3.7347535266E+001         5.7239439500E+002         5.5167966591E+002         2.1564086188E+000         2.6199552357E+000         
2019-10-23                14:58:51.499              295.29087383              7086.980972               296.29087383              1571842731.499            0                         963                       1.0000000000E+000         1.6000000000E+001         0.0000000000E+000         3.6325312491E+001         3.7347535266E+001         4.7482727206E+002         5.9209636646E+002         2.1564086188E+000         2.6199552357E+000         
2019-10-23                14:59:42.694              295.29146637              7086.995193               296.29146637              1571842782.694            0                         963                       1.0000000000E+000         1.2000000000E+001         0.0000000000E+000         3.6325312491E+001         3.7347535266E+001         5.0909408054E+002         4.9117095649E+002         2.1564086188E+000         2.6199552357E+000         
2019-10-23                15:00:33.877              295.29205876              7087.009410               296.29205876              1571842833.877            0                         963                       1.0000000000E+000         1.2000000000E+001         0.0000000000E+000         3.6325312491E+001         3.7347535266E+001         5.4394954154E+002         5.2661723789E+002         2.1564086188E+000         2.6199552357E+000         
2019-10-23                15:01:22.144              295.29261741              7087.022818               296.29261741              1571842882.144            0                         963                       1.0000000000E+000         1.6000000000E+001         0.0000000000E+000         3.6325312491E+001         3.7347535266E+001         4.7093595633E+002         5.6267243338E+002         2.1564086188E+000         2.6199552357E+000         
2019-10-23                15:02:12.239              295.29319721              7087.036733               296.29319721              1571842932.239            0                         963                       1.0000000000E+000         1.3000000000E+001         0.0000000000E+000         3.6325312491E+001         3.7347535266E+001         5.0664307949E+002         4.8714570061E+002         2.1564086188E+000         2.6199552357E+000         
2019-10-23                15:03:03.388              295.29378922              7087.050941               296.29378922              1571842983.389            0                         963                       1.0000000000E+000         1.3000000000E+001         0.0000000000E+000         3.6325312491E+001         3.7347535266E+001         5.3459415068E+002         5.2408187271E+002         2.1564086188E+000         2.6199552357E+000         
2019-10-23                15:03:54.529              295.29438113              7087.065147               296.29438113              1571843034.530            0                         963                       1.0000000000E+000         1.6000000000E+001         0.0000000000E+000         3.6325312491E+001         3.7347535266E+001         4.6435256109E+002         5.5299502740E+002         2.1564086188E+000         2.6199552357E+000         
2019-10-23                15:04:44.612              295.29496080              7087.079059               296.29496080              1571843084.613            0                         963                       1.0000000000E+000         1.4000000000E+001         0.0000000000E+000         3.6325312491E+001         3.7347535266E+001         5.1879195250E+002         4.8033570311E+002         2.1564086188E+000         2.6199552357E+000         
2019-10-23                15:05:34.680              295.29554029              7087.092967               296.29554029              1571843134.681            0                         963                       1.0000000000E+000         1.4000000000E+001         0.0000000000E+000         3.6325312491E+001         3.7347535266E+001         5.5353116540E+002         5.3664891325E+002         2.1564086188E+000         2.6199552357E+000         
2019-10-23                15:06:25.946              295.29613363              7087.107207               296.29613363              1571843185.946            0                         963                       1.0000000000E+000         1.6000000000E+001         0.0000000000E+000         3.6325312491E+001         3.7347535266E+001         4.7143241847E+002         5.7258385934E+002         2.1564086188E+000         2.6199552357E+000         
2019-10-23                15:07:17.118              295.29672591              7087.121422               296.29672591              1571843237.119            0                         963                       1.0000000000E+000         1.5000000000E+001         0.0000000000E+000         3.6325312491E+001         3.7347535266E+001         4.8092282020E+002         4.8765925112E+002         2.1564086188E+000         2.6199552357E+000         
2019-10-23                15:08:06.335              295.29729554              7087.135093               296.29729554              1571843286.335            0                         963                       1.0000000000E+000         1.5000000000E+001         0.0000000000E+000         3.6325312491E+001         3.7347535266E+001         5.0044949381E+002         4.9747631507E+002         2.1564086188E+000         2.6199552357E+000         
2019-10-23                15:08:57.457              295.29788723              7087.149294               296.29788723              1571843337.457            0                         963                       1.0000000000E+000         1.6000000000E+001         0.0000000000E+000         3.6325312491E+001         3.7347535266E+001         4.5662637463E+002         5.1767510212E+002         2.1564086188E+000         2.6199552357E+000         
2019-10-23                15:09:48.625              295.29847947              7087.163507               296.29847947              1571843388.626            0                         963                       1.0000000000E+000         1.6000000000E+001         0.0000000000E+000         3.6325312491E+001         3.7347535266E+001         4.3746042395E+002         4.7234357921E+002         2.1564086188E+000         2.6199552357E+000         
2019-10-23                15:10:39.792              295.29907167              7087.177720               296.29907167              1571843439.792            0                         963                       1.0000000000E+000         1.6000000000E+001         0.0000000000E+000         3.6325312491E+001         3.7347535266E+001         4.3765027267E+002         4.5251793126E+002         2.1564086188E+000         2.6199552357E+000         
2019-10-23                15:11:30.990              295.29966424              7087.191942               296.29966424              1571843490.990            0                         963                       1.0000000000E+000         1.6000000000E+001         0.0000000000E+000         3.6325312491E+001         3.7347535266E+001         4.3784781389E+002         4.5271431463E+002         2.1564086188E+000         2.6199552357E+000         
2019-10-23                15:12:21.174              295.30024508              7087.205882               296.30024508              1571843541.175            0                         963                       1.0000000000E+000         1.6000000000E+001         0.0000000000E+000         3.6325312491E+001         3.7347535266E+001         4.3799738389E+002         4.5291865527E+002         2.1564086188E+000         2.6199552357E+000         
2019-10-23                15:13:12.378              295.30083771              7087.220105               296.30083771              1571843592.378            0                         963                       1.0000000000E+000         1.6000000000E+001         0.0000000000E+000         3.6325312491E+001         3.7347535266E+001         4.3814907954E+002         4.5307337351E+002         2.1564086188E+000         2.6199552357E+000         
2019-10-23                15:14:03.559              295.30143008              7087.234322               296.30143008              1571843643.559            0                         963                       1.0000000000E+000         1.6000000000E+001         0.0000000000E+000         3.6325312491E+001         3.7347535266E+001         4.3832877401E+002         4.5323029056E+002         2.1564086188E+000         2.6199552357E+000         
2019-10-23                15:14:53.627              295.30200957              7087.248230               296.30200957              1571843693.627            0                         963                       1.0000000000E+000         1.6000000000E+001         0.0000000000E+000         3.6325312491E+001         3.7347535266E+001         4.3849748023E+002         4.5341617017E+002         2.1564086188E+000         2.6199552357E+000         
2019-10-23                15:15:43.724              295.30258941              7087.262146               296.30258941              1571843743.725            0                         963                       1.0000000000E+000         1.6000000000E+001         0.0000000000E+000         3.6325312491E+001         3.7347535266E+001         4.3863172017E+002         4.5359068330E+002         2.1564086188E+000         2.6199552357E+000         
2019-10-23                15:16:34.933              295.30318209              7087.276370               296.30318209              1571843794.933            0                         963                       1.0000000000E+000         1.6000000000E+001         0.0000000000E+000         3.6325312491E+001         3.7347535266E+001         4.3877121202E+002         4.5372954382E+002         2.1564086188E+000         2.6199552357E+000         
2019-10-23                15:17:26.056              295.30377381              7087.290571               296.30377381              1571843846.057            0                         963                       1.0000000000E+000         1.6000000000E+001         0.0000000000E+000         3.6325312491E+001         3.7347535266E+001         4.3893492621E+002         4.5387383701E+002         2.1564086188E+000         2.6199552357E+000         
2019-10-23                15:18:16.105              295.30435307              7087.304474               296.30435307              1571843896.105            0                         963                       1.0000000000E+000         1.6000000000E+001         0.0000000000E+000         3.6325312491E+001         3.7347535266E+001         4.3907387544E+002         4.5404318630E+002         2.1564086188E+000         2.6199552357E+000         
2019-10-23                15:19:06.180              295.30493264              7087.318383               296.30493264              1571843946.180            0                         963                       1.0000000000E+000         1.0000000000E+000         0.0000000000E+000         3.6325312491E+001         3.7347535266E+001         4.3848778469E+002         4.5418691819E+002         2.1564086188E+000         2.6199552357E+000         
2019-10-23                15:19:57.380              295.30552523              7087.332606               296.30552523              1571843997.380            0                         963                       1.0000000000E+000         1.0000000000E+000         0.0000000000E+000         3.6325312491E+001         3.7347535266E+001         4.3861975407E+002         4.5358065404E+002         2.1564086188E+000         2.6199552357E+000         
2019-10-23                15:20:48.555              295.30611753              7087.346821               296.30611753              1571844048.555            0                         963                       1.0000000000E+000         1.0000000000E+000         0.0000000000E+000         3.6325312491E+001         3.7347535266E+001         4.3952372373E+002         4.5371716585E+002         2.1564086188E+000         2.6199552357E+000         
2019-10-23                15:21:38.638              295.30669720              7087.360733               296.30669720              1571844098.638            0                         963                       1.0000000000E+000         2.0000000000E+000         0.0000000000E+000         3.6325312491E+001         3.7347535266E+001         4.3966813794E+002         4.5465225039E+002         2.1564086188E+000         2.6199552357E+000         
2019-10-23                15:22:28.727              295.30727694              7087.374647               296.30727694              1571844148.728            0                         963                       1.0000000000E+000         2.0000000000E+000         0.0000000000E+000         3.6325312491E+001         3.7347535266E+001         4.3983919900E+002         4.5480163537E+002         2.1564086188E+000         2.6199552357E+000         
2019-10-23                15:23:19.905              295.30786928              7087.388863               296.30786928              1571844199.906            0                         963                       1.0000000000E+000         2.0000000000E+000         0.0000000000E+000         3.6325312491E+001         3.7347535266E+001         4.4005245907E+002         4.5497858440E+002         2.1564086188E+000         2.6199552357E+000         
2019-10-23                15:24:11.088              295.30846167              7087.403080               296.30846167              1571844251.088            0                         963                       1.0000000000E+000         3.0000000000E+000         0.0000000000E+000         3.6325312491E+001         3.7347535266E+001         4.4015366549E+002         4.5519918494E+002         2.1564086188E+000         2.6199552357E+000         
2019-10-23                15:25:00.332              295.30903162              7087.416759               296.30903162              1571844300.332            0                         963                       1.0000000000E+000         3.0000000000E+000         0.0000000000E+000         3.6325312491E+001         3.7347535266E+001         4.4028813145E+002         4.5530387492E+002         2.1564086188E+000         2.6199552357E+000         
2019-10-23                15:25:49.576              295.30960159              7087.430438               296.30960159              1571844349.577            0                         963                       1.0000000000E+000         3.0000000000E+000         0.0000000000E+000         3.6325312491E+001         3.7347535266E+001         4.4047548871E+002         4.5544296923E+002         2.1564086188E+000         2.6199552357E+000         
2019-10-23                15:26:40.737              295.31019373              7087.444649               296.31019373              1571844400.738            0                         963                       1.0000000000E+000         4.0000000000E+000         0.0000000000E+000         3.6325312491E+001         3.7347535266E+001         4.4059432818E+002         4.5563677538E+002         2.1564086188E+000         2.6199552357E+000         
2019-10-23                15:27:30.971              295.31077514              7087.458603               296.31077514              1571844450.972            0                         963                       1.0000000000E+000         4.0000000000E+000         0.0000000000E+000         3.6325312491E+001         3.7347535266E+001         4.4075022848E+002         4.5575970533E+002         2.1564086188E+000         2.6199552357E+000         
2019-10-23                15:28:21.134              295.31135572              7087.472537               296.31135572              1571844501.134            0                         963                       1.0000000000E+000         4.0000000000E+000         0.0000000000E+000         3.6325312491E+001         3.7347535266E+001         4.4095787459E+002         4.5592097177E+002         2.1564086188E+000         2.6199552357E+000         
2019-10-23                15:29:10.240              295.31192409              7087.486178               296.31192409              1571844550.241            0                         963                       1.0000000000E+000         5.0000000000E+000         0.0000000000E+000         3.6325312491E+001         3.7347535266E+001         4.4109703356E+002         4.5613576511E+002         2.1564086188E+000         2.6199552357E+000         
2019-10-23                15:30:01.457              295.31251686              7087.500405               296.31251686              1571844601.457            0                         963                       1.0000000000E+000         5.0000000000E+000         0.0000000000E+000         3.6325312491E+001         3.7347535266E+001         4.4127951858E+002         4.5627971397E+002         2.1564086188E+000         2.6199552357E+000         
2019-10-23                15:30:52.627              295.31310911              7087.514619               296.31310911              1571844652.627            0                         963                       1.0000000000E+000         5.0000000000E+000         0.0000000000E+000         3.6325312491E+001         3.7347535266E+001         4.4150590844E+002         4.5646848017E+002         2.1564086188E+000         2.6199552357E+000         
2019-10-23                15:31:42.721              295.31368891              7087.528534               296.31368891              1571844702.722            0                         963                       1.0000000000E+000         6.0000000000E+000         0.0000000000E+000         3.6325312491E+001         3.7347535266E+001         4.4167983146E+002         4.5670266244E+002         2.1564086188E+000         2.6199552357E+000         
2019-10-23                15:32:32.819              295.31426874              7087.542450               296.31426874              1571844752.819            0                         963                       1.0000000000E+000         6.0000000000E+000         0.0000000000E+000         3.6325312491E+001         3.7347535266E+001         4.4186420073E+002         4.5688257193E+002         2.1564086188E+000         2.6199552357E+000         
2019-10-23                15:33:24.009              295.31486122              7087.556669               296.31486122              1571844804.009            0                         963                       1.0000000000E+000         6.0000000000E+000         0.0000000000E+000         3.6325312491E+001         3.7347535266E+001         4.4204729031E+002         4.5707328725E+002         2.1564086188E+000         2.6199552357E+000         
2019-10-23                15:34:15.171              295.31545337              7087.570881               296.31545337              1571844855.171            0                         963                       1.0000000000E+000         7.0000000000E+000         0.0000000000E+000         3.6325312491E+001         3.7347535266E+001         4.4218476201E+002         4.5726267882E+002         2.1564086188E+000         2.6199552357E+000         
2019-10-23                15:35:05.247              295.31603296              7087.584791               296.31603296              1571844905.248            0                         963                       1.0000000000E+000         7.0000000000E+000         0.0000000000E+000         3.6325312491E+001         3.7347535266E+001         4.4233582109E+002         4.5740488233E+002         2.1564086188E+000         2.6199552357E+000         
2019-10-23                15:35:55.345              295.31661280              7087.598707               296.31661280              1571844955.346            0                         963                       1.0000000000E+000         1.6000000000E+001         0.0000000000E+000         3.6325312491E+001         3.7347535266E+001         4.4245514008E+002         4.5756114090E+002         2.1564086188E+000         2.6199552357E+000         
2019-10-23                15:36:46.502              295.31720488              7087.612917               296.31720488              1571845006.502            0                         963                       1.0000000000E+000         8.0000000000E+000         0.0000000000E+000         3.6325312491E+001         3.7347535266E+001         4.4256643177E+002         4.5768456689E+002         2.1564086188E+000         2.6199552357E+000         
2019-10-23                15:37:37.644              295.31779681              7087.627123               296.31779681              1571845057.644            0                         963                       1.0000000000E+000         8.0000000000E+000         0.0000000000E+000         3.6325312491E+001         3.7347535266E+001         4.4272664583E+002         4.5779968927E+002         2.1564086188E+000         2.6199552357E+000         
2019-10-23                15:38:27.707              295.31837624              7087.641030               296.31837624              1571845107.707            0                         963                       1.0000000000E+000         1.6000000000E+001         0.0000000000E+000         3.6325312491E+001         3.7347535266E+001         4.4204037161E+002         4.5796541794E+002         2.1564086188E+000         2.6199552357E+000         
2019-10-23                15:39:16.940              295.31894606              7087.654706               296.31894606              1571845156.940            0                         963                       1.0000000000E+000         9.0000000000E+000         0.0000000000E+000         3.6325312491E+001         3.7347535266E+001         4.4218325314E+002         4.5725552197E+002         2.1564086188E+000         2.6199552357E+000         
2019-10-23                15:40:08.115              295.31953838              7087.668921               296.31953838              1571845208.116            0                         963                       1.0000000000E+000         9.0000000000E+000         0.0000000000E+000         3.6325312491E+001         3.7347535266E+001         4.4315197694E+002         4.5740332153E+002         2.1564086188E+000         2.6199552357E+000         
2019-10-23                15:40:59.295              295.32013073              7087.683138               296.32013073              1571845259.295            0                         963                       1.0000000000E+000         1.6000000000E+001         0.0000000000E+000         3.6325312491E+001         3.7347535266E+001         4.4494390839E+002         4.5840538906E+002         2.1564086188E+000         2.6199552357E+000         
2019-10-23                15:41:49.390              295.32071053              7087.697053               296.32071053              1571845309.390            0                         963                       1.0000000000E+000         1.0000000000E+001         0.0000000000E+000         3.6325312491E+001         3.7347535266E+001         4.4508707083E+002         4.6025899928E+002         2.1564086188E+000         2.6199552357E+000         
2019-10-23                15:42:39.460              295.32129006              7087.710961               296.32129006              1571845359.461            0                         963                       1.0000000000E+000         1.0000000000E+001         0.0000000000E+000         3.6325312491E+001         3.7347535266E+001         4.4359008840E+002         4.6040708941E+002         2.1564086188E+000         2.6199552357E+000         
2019-10-23                15:43:30.644              295.32188247              7087.725179               296.32188247              1571845410.645            0                         963                       1.0000000000E+000         1.6000000000E+001         0.0000000000E+000         3.6325312491E+001         3.7347535266E+001         4.4409358367E+002         4.5885858044E+002         2.1564086188E+000         2.6199552357E+000         
2019-10-23                15:44:21.832              295.32247492              7087.739398               296.32247492              1571845461.833            0                         963                       1.0000000000E+000         1.1000000000E+001         0.0000000000E+000         3.6325312491E+001         3.7347535266E+001         5.7947466268E+002         4.5937940615E+002         2.1564086188E+000         2.6199552357E+000         
2019-10-23                15:45:11.924              295.32305468              7087.753312               296.32305468              1571845511.924            0                         963                       1.0000000000E+000         1.1000000000E+001         0.0000000000E+000         3.6325312491E+001         3.7347535266E+001         6.2446661101E+002         5.9942033889E+002         2.1564086188E+000         2.6199552357E+000         
2019-10-23                15:46:01.160              295.32362454              7087.766989               296.32362454              1571845561.160            0                         963                       1.0000000000E+000         1.6000000000E+001         0.0000000000E+000         3.6325312491E+001         3.7347535266E+001         4.8999115538E+002         6.4596092237E+002         2.1564086188E+000         2.6199552357E+000         
2019-10-23                15:46:52.332              295.32421682              7087.781204               296.32421682              1571845612.333            0                         963                       1.0000000000E+000         1.2000000000E+001         0.0000000000E+000         3.6325312491E+001         3.7347535266E+001         5.3809243787E+002         5.0685678482E+002         2.1564086188E+000         2.6199552357E+000         
2019-10-23                15:47:43.515              295.32480920              7087.795421               296.32480920              1571845663.515            0                         963                       1.0000000000E+000         1.2000000000E+001         0.0000000000E+000         3.6325312491E+001         3.7347535266E+001         5.7748304073E+002         5.5661372659E+002         2.1564086188E+000         2.6199552357E+000         
2019-10-23                15:48:32.755              295.32537911              7087.809099               296.32537911              1571845712.755            0                         963                       1.0000000000E+000         1.6000000000E+001         0.0000000000E+000         3.6325312491E+001         3.7347535266E+001         4.8461160394E+002         5.9736016477E+002         2.1564086188E+000         2.6199552357E+000         
2019-10-23                15:49:23.930              295.32597142              7087.823314               296.32597142              1571845763.931            0                         963                       1.0000000000E+000         1.3000000000E+001         0.0000000000E+000         3.6325312491E+001         3.7347535266E+001         5.3764799543E+002         5.0129206775E+002         2.1564086188E+000         2.6199552357E+000         
