DATE                      TIME                      FRAC_DAYS_SINCE_JAN1      FRAC_HRS_SINCE_JAN1       JULIAN_DAYS               EPOCH_TIME                ALARM_STATUS              INST_STATUS               species                   MPVPosition               solenoid_valves           CH4                       CH4_dry                   CO2                       CO2_dry                   H2O                       h2o_reported              
2019-10-23                02:32:36.108              294.77264014              7074.543363               295.77264014              1571797956.108            0                         963                       1.0000000000E+000         1.6000000000E+001         0.0000000000E+000         4.4756506632E+001         4.5281046418E+001         4.4781430252E+002         4.5475128007E+002         9.1158020121E-001         1.1475522465E+000         
2019-10-23                02:33:26.322              294.77322132              7074.557312               295.77322132              1571798006.322            0                         963                       1.0000000000E+000         1.6000000000E+001         0.0000000000E+000         4.4756506632E+001         4.5281046418E+001         4.4723941656E+002         4.5422927337E+002         9.1158020121E-001         1.1475522465E+000         
2019-10-23                02:34:17.493              294.77381359              7074.571526               295.77381359              1571798057.494            0                         963                       1.0000000000E+000         1.6000000000E+001         0.0000000000E+000         4.4756506632E+001         4.5281046418E+001         4.4670716165E+002         4.5364615213E+002         9.1158020121E-001         1.1475522465E+000         
2019-10-23                02:35:06.711              294.77438324              7074.585198               295.77438324              1571798106.712            0                         963                       1.0000000000E+000         1.6000000000E+001         0.0000000000E+000         4.4756506632E+001         4.5281046418E+001         4.4617825184E+002         4.5310627263E+002         9.1158020121E-001         1.1475522465E+000         
2019-10-23                02:35:55.951              294.77495315              7074.598876               295.77495315              1571798155.952            0                         963                       1.0000000000E+000         1.6000000000E+001         0.0000000000E+000         4.4756506632E+001         4.5281046418E+001         4.4572815576E+002         4.5256978616E+002         9.1158020121E-001         1.1475522465E+000         
2019-10-23                02:36:47.153              294.77554575              7074.613098               295.77554575              1571798207.153            0                         963                       1.0000000000E+000         1.6000000000E+001         0.0000000000E+000         4.4756506632E+001         4.5281046418E+001         4.4530767166E+002         4.5211324241E+002         9.1158020121E-001         1.1475522465E+000         
2019-10-23                02:37:38.328              294.77613806              7074.627313               295.77613806              1571798258.328            0                         963                       1.0000000000E+000         1.6000000000E+001         0.0000000000E+000         4.4756506632E+001         4.5281046418E+001         4.4484281546E+002         4.5168673485E+002         9.1158020121E-001         1.1475522465E+000         
2019-10-23                02:38:28.433              294.77671797              7074.641231               295.77671797              1571798308.433            0                         963                       1.0000000000E+000         1.6000000000E+001         0.0000000000E+000         4.4756506632E+001         4.5281046418E+001         4.4435892301E+002         4.5121521955E+002         9.1158020121E-001         1.1475522465E+000         
2019-10-23                02:39:18.523              294.77729772              7074.655145               295.77729772              1571798358.523            0                         963                       1.0000000000E+000         1.6000000000E+001         0.0000000000E+000         4.4756506632E+001         4.5281046418E+001         4.4386107375E+002         4.5072439531E+002         9.1158020121E-001         1.1475522465E+000         
2019-10-23                02:40:09.709              294.77789015              7074.669364               295.77789015              1571798409.709            0                         963                       1.0000000000E+000         1.6000000000E+001         0.0000000000E+000         4.4756506632E+001         4.5281046418E+001         4.4339688048E+002         4.5021941433E+002         9.1158020121E-001         1.1475522465E+000         
2019-10-23                02:41:00.914              294.77848281              7074.683587               295.77848281              1571798460.915            0                         963                       1.0000000000E+000         1.0000000000E+000         0.0000000000E+000         4.4756506632E+001         4.5281046418E+001         4.4290822370E+002         4.4974857146E+002         9.1158020121E-001         1.1475522465E+000         
2019-10-23                02:41:50.171              294.77905292              7074.697270               295.77905292              1571798510.172            0                         963                       1.0000000000E+000         1.0000000000E+000         0.0000000000E+000         4.4756506632E+001         4.5281046418E+001         4.4255210272E+002         4.4925291463E+002         9.1158020121E-001         1.1475522465E+000         
2019-10-23                02:42:40.357              294.77963376              7074.711210               295.77963376              1571798560.357            0                         963                       1.0000000000E+000         1.0000000000E+000         0.0000000000E+000         4.4756506632E+001         4.5281046418E+001         4.4225621071E+002         4.4889169219E+002         9.1158020121E-001         1.1475522465E+000         
2019-10-23                02:43:31.519              294.78022593              7074.725422               295.78022593              1571798611.520            0                         963                       1.0000000000E+000         2.0000000000E+000         0.0000000000E+000         4.4756506632E+001         4.5281046418E+001         4.4182853755E+002         4.4859156151E+002         9.1158020121E-001         1.1475522465E+000         
2019-10-23                02:44:22.693              294.78081821              7074.739637               295.78081821              1571798662.693            0                         963                       1.0000000000E+000         2.0000000000E+000         0.0000000000E+000         4.4756506632E+001         4.5281046418E+001         4.4151313302E+002         4.4815776190E+002         9.1158020121E-001         1.1475522465E+000         
2019-10-23                02:45:11.911              294.78138787              7074.753309               295.78138787              1571798711.912            0                         963                       1.0000000000E+000         2.0000000000E+000         0.0000000000E+000         4.4756506632E+001         4.5281046418E+001         4.4125644454E+002         4.4783783918E+002         9.1158020121E-001         1.1475522465E+000         
2019-10-23                02:46:03.056              294.78197983              7074.767516               295.78197983              1571798763.057            0                         963                       1.0000000000E+000         3.0000000000E+000         0.0000000000E+000         4.4756506632E+001         4.5281046418E+001         4.4783475169E+002         4.4757747362E+002         9.1158020121E-001         1.1475522465E+000         
2019-10-23                02:46:54.269              294.78257256              7074.781741               295.78257256              1571798814.269            0                         963                       1.0000000000E+000         3.0000000000E+000         0.0000000000E+000         4.4756506632E+001         4.5281046418E+001         4.4748107450E+002         4.5425001548E+002         9.1158020121E-001         1.1475522465E+000         
2019-10-23                02:47:45.446              294.78316488              7074.795957               295.78316488              1571798865.446            0                         963                       1.0000000000E+000         3.0000000000E+000         0.0000000000E+000         4.4756506632E+001         4.5281046418E+001         4.4027740786E+002         4.5389127183E+002         9.1158020121E-001         1.1475522465E+000         
2019-10-23                02:48:35.540              294.78374469              7074.809872               295.78374469              1571798915.541            0                         963                       1.0000000000E+000         4.0000000000E+000         0.0000000000E+000         4.4756506632E+001         4.5281046418E+001         4.4653369985E+002         4.4658441218E+002         9.1158020121E-001         1.1475522465E+000         
2019-10-23                02:49:25.645              294.78432461              7074.823791               295.78432461              1571798965.646            0                         963                       1.0000000000E+000         4.0000000000E+000         0.0000000000E+000         4.4756506632E+001         4.5281046418E+001         4.4623939948E+002         4.5293032597E+002         9.1158020121E-001         1.1475522465E+000         
2019-10-23                02:50:16.836              294.78491709              7074.838010               295.78491709              1571799016.837            0                         963                       1.0000000000E+000         4.0000000000E+000         0.0000000000E+000         4.4756506632E+001         4.5281046418E+001         4.3945761395E+002         4.5263180974E+002         9.1158020121E-001         1.1475522465E+000         
2019-10-23                02:51:08.013              294.78550941              7074.852226               295.78550941              1571799068.013            0                         963                       1.0000000000E+000         5.0000000000E+000         0.0000000000E+000         4.4756506632E+001         4.5281046418E+001         4.3985258082E+002         4.4575287466E+002         9.1158020121E-001         1.1475522465E+000         
2019-10-23                02:51:58.124              294.78608940              7074.866146               295.78608940              1571799118.124            0                         963                       1.0000000000E+000         5.0000000000E+000         0.0000000000E+000         4.4756506632E+001         4.5281046418E+001         4.3956666190E+002         4.4615349946E+002         9.1158020121E-001         1.1475522465E+000         
2019-10-23                02:52:47.236              294.78665782              7074.879788               295.78665782              1571799167.236            0                         963                       1.0000000000E+000         5.0000000000E+000         0.0000000000E+000         4.4756506632E+001         4.5281046418E+001         4.3866946271E+002         4.4586348472E+002         9.1158020121E-001         1.1475522465E+000         
2019-10-23                02:53:38.457              294.78725066              7074.894016               295.78725066              1571799218.457            0                         963                       1.0000000000E+000         6.0000000000E+000         0.0000000000E+000         4.4756506632E+001         4.5281046418E+001         4.3898472226E+002         4.4495343310E+002         9.1158020121E-001         1.1475522465E+000         
2019-10-23                02:54:29.612              294.78784274              7074.908226               295.78784274              1571799269.613            0                         963                       1.0000000000E+000         6.0000000000E+000         0.0000000000E+000         4.4756506632E+001         4.5281046418E+001         4.3884429502E+002         4.4527320876E+002         9.1158020121E-001         1.1475522465E+000         
2019-10-23                02:55:19.698              294.78842244              7074.922139               295.78842244              1571799319.699            0                         963                       1.0000000000E+000         6.0000000000E+000         0.0000000000E+000         4.4756506632E+001         4.5281046418E+001         4.3822538128E+002         4.4513076989E+002         9.1158020121E-001         1.1475522465E+000         
2019-10-23                02:56:08.943              294.78899240              7074.935818               295.78899240              1571799368.943            0                         963                       1.0000000000E+000         7.0000000000E+000         0.0000000000E+000         4.4756506632E+001         4.5281046418E+001         4.3850321464E+002         4.4450299017E+002         9.1158020121E-001         1.1475522465E+000         
2019-10-23                02:57:00.101              294.78958451              7074.950028               295.78958451              1571799420.102            0                         963                       1.0000000000E+000         7.0000000000E+000         0.0000000000E+000         4.4756506632E+001         4.5281046418E+001         4.3843364245E+002         4.4478480351E+002         9.1158020121E-001         1.1475522465E+000         
2019-10-23                02:57:51.255              294.79017656              7074.964238               295.79017656              1571799471.255            0                         963                       1.0000000000E+000         7.0000000000E+000         0.0000000000E+000         4.4756506632E+001         4.5281046418E+001         4.3800154204E+002         4.4471423469E+002         9.1158020121E-001         1.1475522465E+000         
2019-10-23                02:58:41.326              294.79075610              7074.978146               295.79075610              1571799521.327            0                         963                       1.0000000000E+000         8.0000000000E+000         0.0000000000E+000         4.4756506632E+001         4.5281046418E+001         4.3815117255E+002         4.4427594442E+002         9.1158020121E-001         1.1475522465E+000         
2019-10-23                02:59:31.420              294.79133588              7074.992061               295.79133588              1571799571.420            0                         963                       1.0000000000E+000         8.0000000000E+000         0.0000000000E+000         4.4756506632E+001         4.5281046418E+001         4.3818891808E+002         4.4442771839E+002         9.1158020121E-001         1.1475522465E+000         
2019-10-23                03:00:22.588              294.79192810              7075.006274               295.79192810              1571799622.588            0                         963                       1.0000000000E+000         8.0000000000E+000         0.0000000000E+000         4.4756506632E+001         4.5281046418E+001         4.3802447252E+002         4.4446600463E+002         9.1158020121E-001         1.1475522465E+000         
2019-10-23                03:01:13.750              294.79252025              7075.020486               295.79252025              1571799673.750            0                         963                       1.0000000000E+000         9.0000000000E+000         0.0000000000E+000         4.4756506632E+001         4.5281046418E+001         4.3811853263E+002         4.4429920338E+002         9.1158020121E-001         1.1475522465E+000         
2019-10-23                03:02:03.828              294.79309987              7075.034397               295.79309987              1571799723.829            0                         963                       1.0000000000E+000         9.0000000000E+000         0.0000000000E+000         4.4756506632E+001         4.5281046418E+001         4.3819314207E+002         4.4439461090E+002         9.1158020121E-001         1.1475522465E+000         
2019-10-23                03:02:53.911              294.79367953              7075.048309               295.79367953              1571799773.911            0                         963                       1.0000000000E+000         9.0000000000E+000         0.0000000000E+000         4.4756506632E+001         4.5281046418E+001         4.3811548014E+002         4.4447028913E+002         9.1158020121E-001         1.1475522465E+000         
2019-10-23                03:03:45.072              294.79427167              7075.062520               295.79427167              1571799825.072            0                         963                       1.0000000000E+000         1.0000000000E+001         0.0000000000E+000         4.4756506632E+001         4.5281046418E+001         4.3814801994E+002         4.4439151469E+002         9.1158020121E-001         1.1475522465E+000         
2019-10-23                03:04:36.259              294.79486412              7075.076739               295.79486412              1571799876.260            0                         963                       1.0000000000E+000         1.0000000000E+001         0.0000000000E+000         4.4756506632E+001         4.5281046418E+001         4.3816773183E+002         4.4442452062E+002         9.1158020121E-001         1.1475522465E+000         
2019-10-23                03:05:26.315              294.79544347              7075.090643               295.79544347              1571799926.316            0                         963                       1.0000000000E+000         1.6000000000E+001         0.0000000000E+000         4.4756506632E+001         4.5281046418E+001         4.3810077697E+002         4.4444451489E+002         9.1158020121E-001         1.1475522465E+000         
2019-10-23                03:06:16.424              294.79602343              7075.104562               295.79602343              1571799976.424            0                         963                       1.0000000000E+000         1.1000000000E+001         0.0000000000E+000         4.4756506632E+001         4.5281046418E+001         6.2585858181E+002         4.4437660090E+002         9.1158020121E-001         1.1475522465E+000         
2019-10-23                03:07:06.526              294.79660331              7075.118479               295.79660331              1571800026.526            0                         963                       1.0000000000E+000         1.1000000000E+001         0.0000000000E+000         4.4756506632E+001         4.5281046418E+001         6.8157970381E+002         6.3482404927E+002         9.1158020121E-001         1.1475522465E+000         
2019-10-23                03:07:55.707              294.79717253              7075.132141               295.79717253              1571800075.707            0                         963                       1.0000000000E+000         1.6000000000E+001         0.0000000000E+000         4.4756506632E+001         4.5281046418E+001         5.2532965278E+002         6.9134338020E+002         9.1158020121E-001         1.1475522465E+000         
2019-10-23                03:08:44.957              294.79774257              7075.145822               295.79774257              1571800124.958            0                         963                       1.0000000000E+000         1.2000000000E+001         0.0000000000E+000         4.4756506632E+001         4.5281046418E+001         5.9662505180E+002         5.3285503638E+002         9.1158020121E-001         1.1475522465E+000         
2019-10-23                03:09:35.056              294.79832242              7075.159738               295.79832242              1571800175.057            0                         963                       1.0000000000E+000         1.2000000000E+001         0.0000000000E+000         4.4756506632E+001         4.5281046418E+001         6.1535997987E+002         6.0517174692E+002         9.1158020121E-001         1.1475522465E+000         
2019-10-23                03:10:26.342              294.79891601              7075.173984               295.79891601              1571800226.343            0                         963                       1.0000000000E+000         1.6000000000E+001         0.0000000000E+000         4.4756506632E+001         4.5281046418E+001         5.1664148944E+002         6.2417505414E+002         9.1158020121E-001         1.1475522465E+000         
2019-10-23                03:11:17.469              294.79950774              7075.188186               295.79950774              1571800277.469            0                         963                       1.0000000000E+000         1.3000000000E+001         0.0000000000E+000         4.4756506632E+001         4.5281046418E+001         5.9829853550E+002         5.2404241450E+002         9.1158020121E-001         1.1475522465E+000         
2019-10-23                03:12:07.548              294.80008736              7075.202097               295.80008736              1571800327.548            0                         963                       1.0000000000E+000         1.3000000000E+001         0.0000000000E+000         4.4756506632E+001         4.5281046418E+001         6.1057778399E+002         6.0686920340E+002         9.1158020121E-001         1.1475522465E+000         
2019-10-23                03:12:57.665              294.80066743              7075.216018               295.80066743              1571800377.666            0                         963                       1.0000000000E+000         1.6000000000E+001         0.0000000000E+000         4.4756506632E+001         4.5281046418E+001         4.9911068370E+002         6.1932435296E+002         9.1158020121E-001         1.1475522465E+000         
2019-10-23                03:13:48.819              294.80125949              7075.230228               295.80125949              1571800428.820            0                         963                       1.0000000000E+000         1.4000000000E+001         0.0000000000E+000         4.4756506632E+001         4.5281046418E+001         6.0927344505E+002         5.0626047876E+002         9.1158020121E-001         1.1475522465E+000         
2019-10-23                03:14:39.980              294.80185163              7075.244439               295.80185163              1571800479.981            0                         963                       1.0000000000E+000         1.4000000000E+001         0.0000000000E+000         4.4756506632E+001         4.5281046418E+001         6.4010409140E+002         6.1800132928E+002         9.1158020121E-001         1.1475522465E+000         
2019-10-23                03:15:30.068              294.80243134              7075.258352               295.80243134              1571800530.068            0                         963                       1.0000000000E+000         1.6000000000E+001         0.0000000000E+000         4.4756506632E+001         4.5281046418E+001         4.9188059503E+002         6.4927362677E+002         9.1158020121E-001         1.1475522465E+000         
2019-10-23                03:16:19.210              294.80300013              7075.272003               295.80300013              1571800579.211            0                         963                       1.0000000000E+000         1.5000000000E+001         0.0000000000E+000         4.4756506632E+001         4.5281046418E+001         5.3288288371E+002         4.9892681857E+002         9.1158020121E-001         1.1475522465E+000         
2019-10-23                03:17:10.414              294.80359275              7075.286226               295.80359275              1571800630.414            0                         963                       1.0000000000E+000         1.5000000000E+001         0.0000000000E+000         4.4756506632E+001         4.5281046418E+001         5.5877993663E+002         5.4051646786E+002         9.1158020121E-001         1.1475522465E+000         
2019-10-23                03:18:01.571              294.80418485              7075.300436               295.80418485              1571800681.571            0                         963                       1.0000000000E+000         1.6000000000E+001         0.0000000000E+000         4.4756506632E+001         4.5281046418E+001         4.6829888916E+002         5.6678449786E+002         9.1158020121E-001         1.1475522465E+000         
2019-10-23                03:18:51.696              294.80476500              7075.314360               295.80476500              1571800731.696            0                         963                       1.0000000000E+000         1.6000000000E+001         0.0000000000E+000         4.4756506632E+001         4.5281046418E+001         4.4154875519E+002         4.7500730313E+002         9.1158020121E-001         1.1475522465E+000         
2019-10-23                03:19:39.930              294.80532328              7075.327759               295.80532328              1571800779.931            0                         963                       1.0000000000E+000         1.6000000000E+001         0.0000000000E+000         4.4756506632E+001         4.5281046418E+001         4.4153149995E+002         4.4787397164E+002         9.1158020121E-001         1.1475522465E+000         
2019-10-23                03:20:31.124              294.80591579              7075.341979               295.80591579              1571800831.124            0                         963                       1.0000000000E+000         1.6000000000E+001         0.0000000000E+000         4.4756506632E+001         4.5281046418E+001         4.4181748931E+002         4.4785646922E+002         9.1158020121E-001         1.1475522465E+000         
2019-10-23                03:21:22.302              294.80650814              7075.356195               295.80650814              1571800882.303            0                         963                       1.0000000000E+000         1.6000000000E+001         0.0000000000E+000         4.4756506632E+001         4.5281046418E+001         4.4212642573E+002         4.4814655539E+002         9.1158020121E-001         1.1475522465E+000         
2019-10-23                03:22:11.532              294.80707792              7075.369870               295.80707792              1571800931.532            0                         963                       1.0000000000E+000         1.6000000000E+001         0.0000000000E+000         4.4756506632E+001         4.5281046418E+001         4.4239048324E+002         4.4845991735E+002         9.1158020121E-001         1.1475522465E+000         
2019-10-23                03:23:01.637              294.80765784              7075.383788               295.80765784              1571800981.637            0                         963                       1.0000000000E+000         1.6000000000E+001         0.0000000000E+000         4.4756506632E+001         4.5281046418E+001         4.4251243389E+002         4.4872775751E+002         9.1158020121E-001         1.1475522465E+000         
2019-10-23                03:23:52.809              294.80825010              7075.398003               295.80825010              1571801032.809            0                         963                       1.0000000000E+000         1.6000000000E+001         0.0000000000E+000         4.4756506632E+001         4.5281046418E+001         4.4265422851E+002         4.4885145511E+002         9.1158020121E-001         1.1475522465E+000         
2019-10-23                03:24:43.986              294.80884243              7075.412218               295.80884243              1571801083.986            0                         963                       1.0000000000E+000         1.6000000000E+001         0.0000000000E+000         4.4756506632E+001         4.5281046418E+001         4.4291825985E+002         4.4899528094E+002         9.1158020121E-001         1.1475522465E+000         
2019-10-23                03:25:34.102              294.80942249              7075.426140               295.80942249              1571801134.103            0                         963                       1.0000000000E+000         1.6000000000E+001         0.0000000000E+000         4.4756506632E+001         4.5281046418E+001         4.4318052338E+002         4.4926309455E+002         9.1158020121E-001         1.1475522465E+000         
2019-10-23                03:26:22.394              294.80998142              7075.439554               295.80998142              1571801182.395            0                         963                       1.0000000000E+000         1.6000000000E+001         0.0000000000E+000         4.4756506632E+001         4.5281046418E+001         4.4339367857E+002         4.4952911503E+002         9.1158020121E-001         1.1475522465E+000         
2019-10-23                03:27:13.594              294.81057400              7075.453776               295.81057400              1571801233.594            0                         963                       1.0000000000E+000         1.6000000000E+001         0.0000000000E+000         4.4756506632E+001         4.5281046418E+001         4.4361887145E+002         4.4974532368E+002         9.1158020121E-001         1.1475522465E+000         
2019-10-23                03:28:04.769              294.81116631              7075.467991               295.81116631              1571801284.769            0                         963                       1.0000000000E+000         1.6000000000E+001         0.0000000000E+000         4.4756506632E+001         4.5281046418E+001         4.4389563771E+002         4.4997374246E+002         9.1158020121E-001         1.1475522465E+000         
2019-10-23                03:28:54.865              294.81174613              7075.481907               295.81174613              1571801334.866            0                         963                       1.0000000000E+000         1.0000000000E+000         0.0000000000E+000         4.4756506632E+001         4.5281046418E+001         4.4402743361E+002         4.5025447341E+002         9.1158020121E-001         1.1475522465E+000         
2019-10-23                03:29:43.117              294.81230459              7075.495310               295.81230459              1571801383.117            0                         963                       1.0000000000E+000         1.0000000000E+000         0.0000000000E+000         4.4756506632E+001         4.5281046418E+001         4.4418207648E+002         4.5038815730E+002         9.1158020121E-001         1.1475522465E+000         
2019-10-23                03:30:34.318              294.81289720              7075.509533               295.81289720              1571801434.318            0                         963                       1.0000000000E+000         1.6000000000E+001         0.0000000000E+000         4.4756506632E+001         4.5281046418E+001         4.4441825479E+002         4.5054501544E+002         9.1158020121E-001         1.1475522465E+000         
2019-10-23                03:31:25.500              294.81348958              7075.523750               295.81348958              1571801485.500            0                         963                       1.0000000000E+000         2.0000000000E+000         0.0000000000E+000         4.4756506632E+001         4.5281046418E+001         4.4452220049E+002         4.5078457702E+002         9.1158020121E-001         1.1475522465E+000         
2019-10-23                03:32:14.733              294.81405941              7075.537426               295.81405941              1571801534.733            0                         963                       1.0000000000E+000         2.0000000000E+000         0.0000000000E+000         4.4756506632E+001         4.5281046418E+001         4.4467475151E+002         4.5089001176E+002         9.1158020121E-001         1.1475522465E+000         
2019-10-23                03:33:04.862              294.81463962              7075.551351               295.81463962              1571801584.863            0                         963                       1.0000000000E+000         1.6000000000E+001         0.0000000000E+000         4.4756506632E+001         4.5281046418E+001         4.4493053860E+002         4.5104474808E+002         9.1158020121E-001         1.1475522465E+000         
