DATE                      TIME                      FRAC_DAYS_SINCE_JAN1      FRAC_HRS_SINCE_JAN1       JULIAN_DAYS               EPOCH_TIME                ALARM_STATUS              INST_STATUS               species                   MPVPosition               solenoid_valves           CH4                       CH4_dry                   CO2                       CO2_dry                   H2O                       h2o_reported              
2019-09-28                06:25:40.950              269.93450175              6478.428042               270.93450175              1569651940.951            0                         963                       1.0000000000E+000         1.3000000000E+001         0.0000000000E+000         4.0940368644E+001         4.1407344288E+001         6.4948317033E+002         7.0000206640E+002         8.8744009327E-001         1.1179746498E+000         
2019-09-28                06:26:32.111              269.93509389              6478.442253               270.93509389              1569651992.112            0                         963                       1.0000000000E+000         1.3000000000E+001         0.0000000000E+000         4.0940368644E+001         4.1407344288E+001         7.1667175765E+002         6.5853800890E+002         8.8744009327E-001         1.1179746498E+000         
2019-09-28                06:27:21.342              269.93566368              6478.455928               270.93566368              1569652041.342            0                         963                       1.0000000000E+000         1.6000000000E+001         0.0000000000E+000         4.0940368644E+001         4.1407344288E+001         5.3748014938E+002         7.2666331304E+002         8.8744009327E-001         1.1179746498E+000         
2019-09-28                06:28:11.528              269.93624454              6478.469869               270.93624454              1569652091.528            0                         963                       1.0000000000E+000         1.4000000000E+001         0.0000000000E+000         4.0940368644E+001         4.1407344288E+001         1.0589256869E+003         5.4497348594E+002         8.8744009327E-001         1.1179746498E+000         
2019-09-28                06:29:02.721              269.93683706              6478.484089               270.93683706              1569652142.722            0                         963                       1.0000000000E+000         1.4000000000E+001         0.0000000000E+000         4.0940368644E+001         4.1407344288E+001         1.2910437827E+003         1.0736888118E+003         8.8744009327E-001         1.1179746498E+000         
2019-09-28                06:29:53.861              269.93742896              6478.498295               270.93742896              1569652193.862            0                         963                       1.0000000000E+000         1.6000000000E+001         0.0000000000E+000         4.0940368644E+001         4.1407344288E+001         7.0221050302E+002         1.3090430066E+003         8.8744009327E-001         1.1179746498E+000         
2019-09-28                06:30:43.936              269.93800852              6478.512204               270.93800852              1569652243.936            0                         963                       1.0000000000E+000         1.5000000000E+001         0.0000000000E+000         4.0940368644E+001         4.1407344288E+001         5.0504224358E+002         7.1200044529E+002         8.8744009327E-001         1.1179746498E+000         
2019-09-28                06:31:33.191              269.93857861              6478.525887               270.93857861              1569652293.192            0                         963                       1.0000000000E+000         1.5000000000E+001         0.0000000000E+000         4.0940368644E+001         4.1407344288E+001         5.2005389517E+002         5.1208334363E+002         8.8744009327E-001         1.1179746498E+000         
2019-09-28                06:32:24.357              269.93917080              6478.540099               270.93917080              1569652344.357            0                         963                       1.0000000000E+000         1.6000000000E+001         0.0000000000E+000         4.0940368644E+001         4.1407344288E+001         4.8522979183E+002         5.2730428175E+002         8.8744009327E-001         1.1179746498E+000         
2019-09-28                06:33:15.517              269.93976294              6478.554311               270.93976294              1569652395.518            0                         963                       1.0000000000E+000         1.6000000000E+001         0.0000000000E+000         4.0940368644E+001         4.1407344288E+001         4.7032237804E+002         4.9199467448E+002         8.8744009327E-001         1.1179746498E+000         
2019-09-28                06:34:06.716              269.94035551              6478.568532               270.94035551              1569652446.716            0                         963                       1.0000000000E+000         1.6000000000E+001         0.0000000000E+000         4.0940368644E+001         4.1407344288E+001         4.7033334485E+002         4.7687942740E+002         8.8744009327E-001         1.1179746498E+000         
2019-09-28                06:34:55.947              269.94092532              6478.582208               270.94092532              1569652495.948            0                         963                       1.0000000000E+000         1.6000000000E+001         0.0000000000E+000         4.0940368644E+001         4.1407344288E+001         4.7044624273E+002         4.7689054710E+002         8.8744009327E-001         1.1179746498E+000         
2019-09-28                06:35:47.128              269.94151769              6478.596424               270.94151769              1569652547.128            0                         963                       1.0000000000E+000         1.6000000000E+001         0.0000000000E+000         4.0940368644E+001         4.1407344288E+001         4.7071644747E+002         4.7700501896E+002         8.8744009327E-001         1.1179746498E+000         
2019-09-28                06:36:38.303              269.94211000              6478.610640               270.94211000              1569652598.304            0                         963                       1.0000000000E+000         1.6000000000E+001         0.0000000000E+000         4.0940368644E+001         4.1407344288E+001         4.7111669169E+002         4.7727899079E+002         8.8744009327E-001         1.1179746498E+000         
2019-09-28                06:37:28.448              269.94269038              6478.624569               270.94269038              1569652648.449            0                         963                       1.0000000000E+000         1.6000000000E+001         0.0000000000E+000         4.0940368644E+001         4.1407344288E+001         4.7148193041E+002         4.7768481506E+002         8.8744009327E-001         1.1179746498E+000         
2019-09-28                06:38:18.555              269.94327031              6478.638488               270.94327031              1569652698.555            0                         963                       1.0000000000E+000         1.6000000000E+001         0.0000000000E+000         4.0940368644E+001         4.1407344288E+001         4.7181742611E+002         4.7805514580E+002         8.8744009327E-001         1.1179746498E+000         
2019-09-28                06:39:09.730              269.94386263              6478.652703               270.94386263              1569652749.731            0                         963                       1.0000000000E+000         1.6000000000E+001         0.0000000000E+000         4.0940368644E+001         4.1407344288E+001         4.7220538011E+002         4.7839531884E+002         8.8744009327E-001         1.1179746498E+000         
2019-09-28                06:40:00.971              269.94445569              6478.666937               270.94445569              1569652800.972            0                         963                       1.0000000000E+000         1.6000000000E+001         0.0000000000E+000         4.0940368644E+001         4.1407344288E+001         4.7256368829E+002         4.7878868155E+002         8.8744009327E-001         1.1179746498E+000         
2019-09-28                06:40:51.072              269.94503557              6478.680854               270.94503557              1569652851.073            0                         963                       1.0000000000E+000         1.6000000000E+001         0.0000000000E+000         4.0940368644E+001         4.1407344288E+001         4.7296751664E+002         4.7915198511E+002         8.8744009327E-001         1.1179746498E+000         
2019-09-28                06:41:40.322              269.94560558              6478.694534               270.94560558              1569652900.322            0                         963                       1.0000000000E+000         1.6000000000E+001         0.0000000000E+000         4.0940368644E+001         4.1407344288E+001         4.7332384436E+002         4.7956144348E+002         8.8744009327E-001         1.1179746498E+000         
2019-09-28                06:42:31.529              269.94619825              6478.708758               270.94619825              1569652951.529            0                         963                       1.0000000000E+000         1.0000000000E+000         0.0000000000E+000         4.0940368644E+001         4.1407344288E+001         4.7335950503E+002         4.7992273898E+002         8.8744009327E-001         1.1179746498E+000         
2019-09-28                06:43:22.710              269.94679064              6478.722975               270.94679064              1569653002.711            0                         963                       1.0000000000E+000         1.0000000000E+000         0.0000000000E+000         4.0940368644E+001         4.1407344288E+001         4.7329298769E+002         4.7995889681E+002         8.8744009327E-001         1.1179746498E+000         
2019-09-28                06:44:12.809              269.94737047              6478.736891               270.94737047              1569653052.809            0                         963                       1.0000000000E+000         1.0000000000E+000         0.0000000000E+000         4.0940368644E+001         4.1407344288E+001         4.7329965630E+002         4.7989145212E+002         8.8744009327E-001         1.1179746498E+000         
2019-09-28                06:45:04.996              269.94797450              6478.751388               270.94797450              1569653104.997            0                         963                       1.0000000000E+000         2.0000000000E+000         0.0000000000E+000         4.0940368644E+001         4.1407344288E+001         4.7066621996E+002         4.7989821370E+002         8.8744009327E-001         1.1179746498E+000         
2019-09-28                06:45:56.164              269.94856672              6478.765601               270.94856672              1569653156.165            0                         963                       1.0000000000E+000         2.0000000000E+000         0.0000000000E+000         4.0940368644E+001         4.1407344288E+001         4.7053298757E+002         4.7722806303E+002         8.8744009327E-001         1.1179746498E+000         
2019-09-28                06:46:47.331              269.94915892              6478.779814               270.94915892              1569653207.331            0                         963                       1.0000000000E+000         2.0000000000E+000         0.0000000000E+000         4.0940368644E+001         4.1407344288E+001         4.7282293929E+002         4.7709297317E+002         8.8744009327E-001         1.1179746498E+000         
2019-09-28                06:47:36.581              269.94972895              6478.793495               270.94972895              1569653256.581            0                         963                       1.0000000000E+000         3.0000000000E+000         0.0000000000E+000         4.0940368644E+001         4.1407344288E+001         4.7119523670E+002         4.7941485049E+002         8.8744009327E-001         1.1179746498E+000         
2019-09-28                06:48:26.671              269.95030869              6478.807409               270.95030869              1569653306.671            0                         963                       1.0000000000E+000         3.0000000000E+000         0.0000000000E+000         4.0940368644E+001         4.1407344288E+001         4.7072105302E+002         4.7776445511E+002         8.8744009327E-001         1.1179746498E+000         
2019-09-28                06:49:18.049              269.95090334              6478.821680               270.95090334              1569653358.049            0                         963                       1.0000000000E+000         3.0000000000E+000         0.0000000000E+000         4.0940368644E+001         4.1407344288E+001         4.7138622903E+002         4.7728366055E+002         8.8744009327E-001         1.1179746498E+000         
2019-09-28                06:50:09.213              269.95149552              6478.835893               270.95149552              1569653409.213            0                         963                       1.0000000000E+000         4.0000000000E+000         0.0000000000E+000         4.0940368644E+001         4.1407344288E+001         4.7076187798E+002         4.7795811018E+002         8.8744009327E-001         1.1179746498E+000         
2019-09-28                06:50:59.311              269.95207536              6478.849809               270.95207536              1569653459.311            0                         963                       1.0000000000E+000         4.0000000000E+000         0.0000000000E+000         4.0940368644E+001         4.1407344288E+001         4.7024892386E+002         4.7732505467E+002         8.8744009327E-001         1.1179746498E+000         
2019-09-28                06:51:48.565              269.95264544              6478.863491               270.95264544              1569653508.566            0                         963                       1.0000000000E+000         4.0000000000E+000         0.0000000000E+000         4.0940368644E+001         4.1407344288E+001         4.6984271029E+002         4.7680494915E+002         8.8744009327E-001         1.1179746498E+000         
2019-09-28                06:52:39.736              269.95323769              6478.877704               270.95323769              1569653559.736            0                         963                       1.0000000000E+000         5.0000000000E+000         0.0000000000E+000         4.0940368644E+001         4.1407344288E+001         4.6928894085E+002         4.7639307232E+002         8.8744009327E-001         1.1179746498E+000         
2019-09-28                06:53:31.927              269.95384175              6478.892202               270.95384175              1569653611.927            0                         963                       1.0000000000E+000         5.0000000000E+000         0.0000000000E+000         4.0940368644E+001         4.1407344288E+001         4.6865326552E+002         4.7583158243E+002         8.8744009327E-001         1.1179746498E+000         
2019-09-28                06:54:21.155              269.95441153              6478.905877               270.95441153              1569653661.156            0                         963                       1.0000000000E+000         5.0000000000E+000         0.0000000000E+000         4.0940368644E+001         4.1407344288E+001         4.6806516895E+002         4.7518704477E+002         8.8744009327E-001         1.1179746498E+000         
2019-09-28                06:55:11.234              269.95499115              6478.919787               270.95499115              1569653711.235            0                         963                       1.0000000000E+000         6.0000000000E+000         0.0000000000E+000         4.0940368644E+001         4.1407344288E+001         4.6758097121E+002         4.7459074919E+002         8.8744009327E-001         1.1179746498E+000         
2019-09-28                06:56:02.395              269.95558329              6478.933999               270.95558329              1569653762.396            0                         963                       1.0000000000E+000         6.0000000000E+000         0.0000000000E+000         4.0940368644E+001         4.1407344288E+001         4.6714713461E+002         4.7409980096E+002         8.8744009327E-001         1.1179746498E+000         
2019-09-28                06:56:53.562              269.95617549              6478.948212               270.95617549              1569653813.562            0                         963                       1.0000000000E+000         6.0000000000E+000         0.0000000000E+000         4.0940368644E+001         4.1407344288E+001         4.6672015430E+002         4.7365991598E+002         8.8744009327E-001         1.1179746498E+000         
2019-09-28                06:57:42.786              269.95674522              6478.961885               270.95674522              1569653862.787            0                         963                       1.0000000000E+000         7.0000000000E+000         0.0000000000E+000         4.0940368644E+001         4.1407344288E+001         4.6642206835E+002         4.7322698287E+002         8.8744009327E-001         1.1179746498E+000         
2019-09-28                06:58:32.875              269.95732494              6478.975799               270.95732494              1569653912.875            0                         963                       1.0000000000E+000         7.0000000000E+000         0.0000000000E+000         4.0940368644E+001         4.1407344288E+001         4.6610583585E+002         4.7292474113E+002         8.8744009327E-001         1.1179746498E+000         
2019-09-28                06:59:23.076              269.95790598              6478.989744               270.95790598              1569653963.077            0                         963                       1.0000000000E+000         7.0000000000E+000         0.0000000000E+000         4.0940368644E+001         4.1407344288E+001         4.6571607375E+002         4.7260409984E+002         8.8744009327E-001         1.1179746498E+000         
2019-09-28                07:00:13.273              269.95848697              6479.003687               270.95848697              1569654013.274            0                         963                       1.0000000000E+000         8.0000000000E+000         0.0000000000E+000         4.0940368644E+001         4.1407344288E+001         4.6548233461E+002         4.7220890383E+002         8.8744009327E-001         1.1179746498E+000         
2019-09-28                07:01:01.509              269.95904525              6479.017086               270.95904525              1569654061.510            0                         963                       1.0000000000E+000         8.0000000000E+000         0.0000000000E+000         4.0940368644E+001         4.1407344288E+001         4.6516805366E+002         4.7197190599E+002         8.8744009327E-001         1.1179746498E+000         
2019-09-28                07:01:50.736              269.95961500              6479.030760               270.95961500              1569654110.736            0                         963                       1.0000000000E+000         8.0000000000E+000         0.0000000000E+000         4.0940368644E+001         4.1407344288E+001         4.6460860628E+002         4.7165324346E+002         8.8744009327E-001         1.1179746498E+000         
2019-09-28                07:02:41.911              269.96020730              6479.044975               270.96020730              1569654161.911            0                         963                       1.0000000000E+000         9.0000000000E+000         0.0000000000E+000         4.0940368644E+001         4.1407344288E+001         4.6410798452E+002         4.7108599648E+002         8.8744009327E-001         1.1179746498E+000         
2019-09-28                07:03:33.065              269.96079936              6479.059185               270.96079936              1569654213.065            0                         963                       1.0000000000E+000         9.0000000000E+000         0.0000000000E+000         4.0940368644E+001         4.1407344288E+001         4.6348888658E+002         4.7057839526E+002         8.8744009327E-001         1.1179746498E+000         
2019-09-28                07:04:23.134              269.96137888              6479.073093               270.96137888              1569654263.135            0                         963                       1.0000000000E+000         9.0000000000E+000         0.0000000000E+000         4.0940368644E+001         4.1407344288E+001         4.6283489174E+002         4.6995066609E+002         8.8744009327E-001         1.1179746498E+000         
2019-09-28                07:05:13.232              269.96195870              6479.087009               270.96195870              1569654313.232            0                         963                       1.0000000000E+000         1.0000000000E+001         0.0000000000E+000         4.0940368644E+001         4.1407344288E+001         4.6314561700E+002         4.6928755351E+002         8.8744009327E-001         1.1179746498E+000         
2019-09-28                07:06:04.401              269.96255095              6479.101223               270.96255095              1569654364.402            0                         963                       1.0000000000E+000         1.0000000000E+001         0.0000000000E+000         4.0940368644E+001         4.1407344288E+001         4.6300368458E+002         4.6960261078E+002         8.8744009327E-001         1.1179746498E+000         
2019-09-28                07:06:55.575              269.96314324              6479.115438               270.96314324              1569654415.576            0                         963                       1.0000000000E+000         1.2044692737E+001         0.0000000000E+000         4.0940368644E+001         4.1407344288E+001         4.6243447894E+002         4.6945869960E+002         8.8744009327E-001         1.1179746498E+000         
2019-09-28                07:07:46.834              269.96373650              6479.129676               270.96373650              1569654466.834            0                         963                       1.0000000000E+000         1.1000000000E+001         0.0000000000E+000         4.0940368644E+001         4.1407344288E+001         9.4339218481E+002         4.6888155832E+002         8.8744009327E-001         1.1179746498E+000         
2019-09-28                07:08:36.950              269.96431655              6479.143597               270.96431655              1569654516.950            0                         963                       1.0000000000E+000         1.1000000000E+001         0.0000000000E+000         4.0940368644E+001         4.1407344288E+001         1.0841485486E+003         9.5654458710E+002         8.8744009327E-001         1.1179746498E+000         
2019-09-28                07:09:28.114              269.96490873              6479.157809               270.96490873              1569654568.114            0                         963                       1.0000000000E+000         1.6000000000E+001         0.0000000000E+000         4.0940368644E+001         4.1407344288E+001         6.9262267209E+002         1.0992633206E+003         8.8744009327E-001         1.1179746498E+000         
2019-09-28                07:10:19.303              269.96550120              6479.172029               270.96550120              1569654619.304            0                         963                       1.0000000000E+000         1.2000000000E+001         0.0000000000E+000         4.0940368644E+001         4.1407344288E+001         1.1656573699E+003         7.0227894459E+002         8.8744009327E-001         1.1179746498E+000         
2019-09-28                07:11:08.476              269.96607034              6479.185688               270.96607034              1569654668.477            0                         963                       1.0000000000E+000         1.2000000000E+001         0.0000000000E+000         4.0940368644E+001         4.1407344288E+001         1.3455463774E+003         1.1819085058E+003         8.8744009327E-001         1.1179746498E+000         
2019-09-28                07:11:56.746              269.96662900              6479.199096               270.96662900              1569654716.746            0                         963                       1.0000000000E+000         1.6000000000E+001         0.0000000000E+000         4.0940368644E+001         4.1407344288E+001         8.8771444019E+002         1.3643054550E+003         8.8744009327E-001         1.1179746498E+000         
2019-09-28                07:12:47.931              269.96722144              6479.213314               270.96722144              1569654767.932            0                         963                       1.0000000000E+000         1.3000000000E+001         0.0000000000E+000         4.0940368644E+001         4.1407344288E+001         9.1602755133E+002         9.0009060530E+002         8.8744009327E-001         1.1179746498E+000         
2019-09-28                07:13:39.157              269.96781432              6479.227544               270.96781432              1569654819.157            0                         963                       1.0000000000E+000         1.3000000000E+001         0.0000000000E+000         4.0940368644E+001         4.1407344288E+001         8.4303401856E+002         9.2879844668E+002         8.8744009327E-001         1.1179746498E+000         
2019-09-28                07:14:29.239              269.96839397              6479.241455               270.96839397              1569654869.239            0                         963                       1.0000000000E+000         1.6000000000E+001         0.0000000000E+000         4.0940368644E+001         4.1407344288E+001         5.6703385492E+002         8.5478726682E+002         8.8744009327E-001         1.1179746498E+000         
2019-09-28                07:15:19.368              269.96897418              6479.255380               270.96897418              1569654919.369            0                         963                       1.0000000000E+000         1.4000000000E+001         0.0000000000E+000         4.0940368644E+001         4.1407344288E+001         1.3563444485E+003         5.7493921760E+002         8.8744009327E-001         1.1179746498E+000         
2019-09-28                07:16:10.621              269.96956738              6479.269617               270.96956738              1569654970.622            0                         963                       1.0000000000E+000         1.4000000000E+001         0.0000000000E+000         4.0940368644E+001         4.1407344288E+001         1.6209683327E+003         1.3752540686E+003         8.8744009327E-001         1.1179746498E+000         
2019-09-28                07:17:01.785              269.97015955              6479.283829               270.97015955              1569655021.785            0                         963                       1.0000000000E+000         1.6000000000E+001         0.0000000000E+000         4.0940368644E+001         4.1407344288E+001         7.5448720285E+002         1.6435672348E+003         8.8744009327E-001         1.1179746498E+000         
2019-09-28                07:17:51.852              269.97073904              6479.297737               270.97073904              1569655071.853            0                         963                       1.0000000000E+000         1.5000000000E+001         0.0000000000E+000         4.0940368644E+001         4.1407344288E+001         5.2424521791E+002         7.6500596628E+002         8.8744009327E-001         1.1179746498E+000         
2019-09-28                07:18:41.944              269.97131880              6479.311651               270.97131880              1569655121.944            0                         963                       1.0000000000E+000         1.5000000000E+001         0.0000000000E+000         4.0940368644E+001         4.1407344288E+001         5.3694993605E+002         5.3155403826E+002         8.8744009327E-001         1.1179746498E+000         
2019-09-28                07:19:33.201              269.97191206              6479.325889               270.97191206              1569655173.202            0                         963                       1.0000000000E+000         1.6000000000E+001         0.0000000000E+000         4.0940368644E+001         4.1407344288E+001         4.8115278496E+002         5.4443588058E+002         8.8744009327E-001         1.1179746498E+000         
2019-09-28                07:20:24.430              269.97250499              6479.340120               270.97250499              1569655224.431            0                         963                       1.0000000000E+000         1.6000000000E+001         0.0000000000E+000         4.0940368644E+001         4.1407344288E+001         4.6244336604E+002         4.8786082758E+002         8.8744009327E-001         1.1179746498E+000         
2019-09-28                07:21:14.507              269.97308458              6479.354030               270.97308458              1569655274.508            0                         963                       1.0000000000E+000         1.6000000000E+001         0.0000000000E+000         4.0940368644E+001         4.1407344288E+001         4.6211153126E+002         4.6889056932E+002         8.8744009327E-001         1.1179746498E+000         
2019-09-28                07:22:04.621              269.97366461              6479.367951               270.97366461              1569655324.622            0                         963                       1.0000000000E+000         1.6000000000E+001         0.0000000000E+000         4.0940368644E+001         4.1407344288E+001         4.6205411435E+002         4.6855410823E+002         8.8744009327E-001         1.1179746498E+000         
2019-09-28                07:22:55.805              269.97425701              6479.382168               270.97425701              1569655375.806            0                         963                       1.0000000000E+000         1.6000000000E+001         0.0000000000E+000         4.0940368644E+001         4.1407344288E+001         4.6198327922E+002         4.6849589083E+002         8.8744009327E-001         1.1179746498E+000         
2019-09-28                07:23:46.970              269.97484919              6479.396381               270.97484919              1569655426.970            0                         963                       1.0000000000E+000         1.6000000000E+001         0.0000000000E+000         4.0940368644E+001         4.1407344288E+001         4.6189825088E+002         4.6842406815E+002         8.8744009327E-001         1.1179746498E+000         
2019-09-28                07:24:37.055              269.97542888              6479.410293               270.97542888              1569655477.055            0                         963                       1.0000000000E+000         1.6000000000E+001         0.0000000000E+000         4.0940368644E+001         4.1407344288E+001         4.6183614102E+002         4.6833785438E+002         8.8744009327E-001         1.1179746498E+000         
2019-09-28                07:25:27.144              269.97600862              6479.424207               270.97600862              1569655527.145            0                         963                       1.0000000000E+000         1.6000000000E+001         0.0000000000E+000         4.0940368644E+001         4.1407344288E+001         4.6183210970E+002         4.6827487860E+002         8.8744009327E-001         1.1179746498E+000         
2019-09-28                07:26:18.335              269.97660110              6479.438426               270.97660110              1569655578.335            0                         963                       1.0000000000E+000         1.6000000000E+001         0.0000000000E+000         4.0940368644E+001         4.1407344288E+001         4.6185499131E+002         4.6827079109E+002         8.8744009327E-001         1.1179746498E+000         
