DATE                      TIME                      FRAC_DAYS_SINCE_JAN1      FRAC_HRS_SINCE_JAN1       JULIAN_DAYS               EPOCH_TIME                ALARM_STATUS              INST_STATUS               species                   MPVPosition               solenoid_valves           CH4                       CH4_dry                   CO2                       CO2_dry                   H2O                       h2o_reported              
2019-08-03                07:52:23.734              213.99471916              5135.873260               214.99471916              1564818743.735            0                         963                       1.0000000000E+000         1.6000000000E+001         0.0000000000E+000         4.2779052194E+001         4.3460850437E+001         4.0241904654E+002         4.1024971680E+002         1.2348981956E+000         1.5397459199E+000         
2019-08-03                07:53:11.927              213.99527694              5135.886647               214.99527694              1564818791.928            0                         963                       1.0000000000E+000         1.6000000000E+001         0.0000000000E+000         4.2779052194E+001         4.3460850437E+001         4.0241609309E+002         4.1025947752E+002         1.2348981956E+000         1.5397459199E+000         
2019-08-03                07:54:00.112              213.99583464              5135.900031               214.99583464              1564818840.113            0                         963                       1.0000000000E+000         1.6000000000E+001         0.0000000000E+000         4.2779052194E+001         4.3460850437E+001         4.0244519937E+002         4.1025646653E+002         1.2348981956E+000         1.5397459199E+000         
2019-08-03                07:54:48.369              213.99639317              5135.913436               214.99639317              1564818888.370            0                         963                       1.0000000000E+000         1.0000000000E+000         0.0000000000E+000         4.2779052194E+001         4.3460850437E+001         4.1651825794E+002         4.1028613989E+002         1.2348981956E+000         1.5397459199E+000         
2019-08-03                07:55:37.479              213.99696156              5135.927078               214.99696156              1564818937.479            0                         963                       1.0000000000E+000         1.0000000000E+000         0.0000000000E+000         4.2779052194E+001         4.3460850437E+001         4.1648825756E+002         4.2463338739E+002         1.2348981956E+000         1.5397459199E+000         
2019-08-03                07:56:20.759              213.99746249              5135.939100               214.99746249              1564818980.759            0                         963                       1.0000000000E+000         1.0000000000E+000         0.0000000000E+000         4.2779052194E+001         4.3460850437E+001         4.0124947450E+002         4.2460280251E+002         1.2348981956E+000         1.5397459199E+000         
2019-08-03                07:57:09.869              213.99803090              5135.952742               214.99803090              1564819029.870            0                         963                       1.0000000000E+000         1.0000000000E+000         0.0000000000E+000         4.2779052194E+001         4.3460850437E+001         3.9981833893E+002         4.0906711842E+002         1.2348981956E+000         1.5397459199E+000         
2019-08-03                07:57:55.168              213.99855520              5135.965325               214.99855520              1564819075.169            0                         963                       1.0000000000E+000         1.0000000000E+000         0.0000000000E+000         4.2779052194E+001         4.3460850437E+001         3.9944121381E+002         4.0760809968E+002         1.2348981956E+000         1.5397459199E+000         
2019-08-03                07:58:43.285              213.99911209              5135.978690               214.99911209              1564819123.285            0                         963                       1.0000000000E+000         1.6000000000E+001         0.0000000000E+000         4.2779052194E+001         4.3460850437E+001         4.0069455032E+002         4.0722362693E+002         1.2348981956E+000         1.5397459199E+000         
2019-08-03                07:59:29.517              213.99964720              5135.991533               214.99964720              1564819169.518            0                         963                       1.0000000000E+000         2.0000000000E+000         0.0000000000E+000         4.2779052194E+001         4.3460850437E+001         4.0220610090E+002         4.0850138251E+002         1.2348981956E+000         1.5397459199E+000         
2019-08-03                08:00:17.769              214.00020567              5136.004936               215.00020567              1564819217.770            0                         963                       1.0000000000E+000         2.0000000000E+000         0.0000000000E+000         4.2779052194E+001         4.3460850437E+001         4.0239200624E+002         4.1004238301E+002         1.2348981956E+000         1.5397459199E+000         
2019-08-03                08:01:06.976              214.00077520              5136.018605               215.00077520              1564819266.977            0                         963                       1.0000000000E+000         2.0000000000E+000         0.0000000000E+000         4.2779052194E+001         4.3460850437E+001         4.0242733738E+002         4.1023191039E+002         1.2348981956E+000         1.5397459199E+000         
2019-08-03                08:01:56.108              214.00134384              5136.032252               215.00134384              1564819316.108            0                         963                       1.0000000000E+000         2.0000000000E+000         0.0000000000E+000         4.2779052194E+001         4.3460850437E+001         4.0245333286E+002         4.1026792989E+002         1.2348981956E+000         1.5397459199E+000         
2019-08-03                08:02:42.342              214.00187896              5136.045095               215.00187896              1564819362.342            0                         963                       1.0000000000E+000         2.0000000000E+000         0.0000000000E+000         4.2779052194E+001         4.3460850437E+001         4.0248181585E+002         4.1029443185E+002         1.2348981956E+000         1.5397459199E+000         
2019-08-03                08:03:30.581              214.00243728              5136.058495               215.00243728              1564819410.581            0                         963                       1.0000000000E+000         1.6000000000E+001         0.0000000000E+000         4.2779052194E+001         4.3460850437E+001         4.0247859539E+002         4.1032346978E+002         1.2348981956E+000         1.5397459199E+000         
2019-08-03                08:04:19.701              214.00300581              5136.072139               215.00300581              1564819459.702            0                         963                       1.0000000000E+000         3.0000000000E+000         0.0000000000E+000         4.2779052194E+001         4.3460850437E+001         4.0644628568E+002         4.1032018658E+002         1.2348981956E+000         1.5397459199E+000         
2019-08-03                08:05:07.993              214.00356475              5136.085554               215.00356475              1564819507.994            0                         963                       1.0000000000E+000         3.0000000000E+000         0.0000000000E+000         4.2779052194E+001         4.3460850437E+001         4.0647868924E+002         4.1436518037E+002         1.2348981956E+000         1.5397459199E+000         
2019-08-03                08:05:58.180              214.00414560              5136.099494               215.00414560              1564819558.180            0                         963                       1.0000000000E+000         3.0000000000E+000         0.0000000000E+000         4.2779052194E+001         4.3460850437E+001         4.0175173487E+002         4.1439821526E+002         1.2348981956E+000         1.5397459199E+000         
2019-08-03                08:06:48.364              214.00472644              5136.113434               215.00472644              1564819608.364            0                         963                       1.0000000000E+000         3.0000000000E+000         0.0000000000E+000         4.2779052194E+001         4.3460850437E+001         4.0080354006E+002         4.0957916445E+002         1.2348981956E+000         1.5397459199E+000         
2019-08-03                08:07:37.480              214.00529491              5136.127078               215.00529491              1564819657.480            0                         963                       1.0000000000E+000         1.6000000000E+001         0.0000000000E+000         4.2779052194E+001         4.3460850437E+001         4.0105020369E+002         4.0861249572E+002         1.2348981956E+000         1.5397459199E+000         
2019-08-03                08:08:24.681              214.00584123              5136.140189               215.00584123              1564819704.682            0                         963                       1.0000000000E+000         1.6000000000E+001         0.0000000000E+000         4.2779052194E+001         4.3460850437E+001         4.0196698299E+002         4.0886396517E+002         1.2348981956E+000         1.5397459199E+000         
2019-08-03                08:09:10.897              214.00637612              5136.153027               215.00637612              1564819750.897            0                         963                       1.0000000000E+000         1.6000000000E+001         0.0000000000E+000         4.2779052194E+001         4.3460850437E+001         4.0248853091E+002         4.0979860630E+002         1.2348981956E+000         1.5397459199E+000         
2019-08-03                08:09:59.128              214.00693436              5136.166425               215.00693436              1564819799.129            0                         963                       1.0000000000E+000         1.6000000000E+001         0.0000000000E+000         4.2779052194E+001         4.3460850437E+001         4.0252698949E+002         4.1033031567E+002         1.2348981956E+000         1.5397459199E+000         
2019-08-03                08:10:47.252              214.00749134              5136.179792               215.00749134              1564819847.252            0                         963                       1.0000000000E+000         1.6000000000E+001         0.0000000000E+000         4.2779052194E+001         4.3460850437E+001         4.0256243210E+002         4.1036952355E+002         1.2348981956E+000         1.5397459199E+000         
2019-08-03                08:11:35.326              214.00804777              5136.193146               215.00804777              1564819895.327            0                         963                       1.0000000000E+000         1.6000000000E+001         0.0000000000E+000         4.2779052194E+001         4.3460850437E+001         4.0258750558E+002         4.1040565670E+002         1.2348981956E+000         1.5397459199E+000         
2019-08-03                08:12:25.569              214.00862928              5136.207103               215.00862928              1564819945.570            0                         963                       1.0000000000E+000         1.6000000000E+001         0.0000000000E+000         4.2779052194E+001         4.3460850437E+001         4.0259560907E+002         4.1043121869E+002         1.2348981956E+000         1.5397459199E+000         
2019-08-03                08:13:13.755              214.00918698              5136.220488               215.00918698              1564819993.755            0                         963                       1.0000000000E+000         1.6000000000E+001         0.0000000000E+000         4.2779052194E+001         4.3460850437E+001         4.0261182059E+002         4.1043948006E+002         1.2348981956E+000         1.5397459199E+000         
2019-08-03                08:14:01.880              214.00974398              5136.233856               215.00974398              1564820041.880            0                         963                       1.0000000000E+000         1.6000000000E+001         0.0000000000E+000         4.2779052194E+001         4.3460850437E+001         4.0263784183E+002         4.1045600744E+002         1.2348981956E+000         1.5397459199E+000         
2019-08-03                08:14:47.200              214.01026853              5136.246445               215.01026853              1564820087.201            0                         963                       1.0000000000E+000         1.6000000000E+001         0.0000000000E+000         4.2779052194E+001         4.3460850437E+001         4.0262661114E+002         4.1048253565E+002         1.2348981956E+000         1.5397459199E+000         
2019-08-03                08:15:37.394              214.01084948              5136.260387               215.01084948              1564820137.395            0                         963                       1.0000000000E+000         1.6000000000E+001         0.0000000000E+000         4.2779052194E+001         4.3460850437E+001         4.0261556416E+002         4.1047108616E+002         1.2348981956E+000         1.5397459199E+000         
2019-08-03                08:16:27.594              214.01143049              5136.274332               215.01143049              1564820187.594            0                         963                       1.0000000000E+000         1.6000000000E+001         0.0000000000E+000         4.2779052194E+001         4.3460850437E+001         4.0263365285E+002         4.1045982394E+002         1.2348981956E+000         1.5397459199E+000         
2019-08-03                08:17:16.733              214.01199922              5136.287981               215.01199922              1564820236.733            0                         963                       1.0000000000E+000         1.6000000000E+001         0.0000000000E+000         4.2779052194E+001         4.3460850437E+001         4.0263634447E+002         4.1047826506E+002         1.2348981956E+000         1.5397459199E+000         
2019-08-03                08:18:05.871              214.01256796              5136.301631               215.01256796              1564820285.872            0                         963                       1.0000000000E+000         1.0000000000E+000         0.0000000000E+000         4.2779052194E+001         4.3460850437E+001         4.0254449118E+002         4.1048100912E+002         1.2348981956E+000         1.5397459199E+000         
2019-08-03                08:18:52.101              214.01310303              5136.314473               215.01310303              1564820332.102            0                         963                       1.0000000000E+000         1.0000000000E+000         0.0000000000E+000         4.2779052194E+001         4.3460850437E+001         4.0364892718E+002         4.1038736623E+002         1.2348981956E+000         1.5397459199E+000         
2019-08-03                08:19:40.312              214.01366102              5136.327864               215.01366102              1564820380.312            0                         963                       1.0000000000E+000         1.0000000000E+000         0.0000000000E+000         4.2779052194E+001         4.3460850437E+001         4.0260491201E+002         4.1151332023E+002         1.2348981956E+000         1.5397459199E+000         
2019-08-03                08:20:28.592              214.01421983              5136.341276               215.01421983              1564820428.593            0                         963                       1.0000000000E+000         1.0000000000E+000         0.0000000000E+000         4.2779052194E+001         4.3460850437E+001         4.0003450575E+002         4.1044896425E+002         1.2348981956E+000         1.5397459199E+000         
2019-08-03                08:21:17.719              214.01478841              5136.354922               215.01478841              1564820477.719            0                         963                       1.0000000000E+000         1.0000000000E+000         0.0000000000E+000         4.2779052194E+001         4.3460850437E+001         3.9956271131E+002         4.0782847813E+002         1.2348981956E+000         1.5397459199E+000         
2019-08-03                08:22:05.923              214.01534633              5136.368312               215.01534633              1564820525.923            0                         963                       1.0000000000E+000         1.6000000000E+001         0.0000000000E+000         4.2779052194E+001         4.3460850437E+001         4.0013141445E+002         4.0734749160E+002         1.2348981956E+000         1.5397459199E+000         
2019-08-03                08:22:54.115              214.01590411              5136.381699               215.01590411              1564820574.115            0                         963                       1.0000000000E+000         2.0000000000E+000         0.0000000000E+000         4.2779052194E+001         4.3460850437E+001         4.0167783711E+002         4.0792727493E+002         1.2348981956E+000         1.5397459199E+000         
2019-08-03                08:23:42.312              214.01646196              5136.395087               215.01646196              1564820622.313            0                         963                       1.0000000000E+000         2.0000000000E+000         0.0000000000E+000         4.2779052194E+001         4.3460850437E+001         4.0253668010E+002         4.0950382692E+002         1.2348981956E+000         1.5397459199E+000         
2019-08-03                08:24:31.434              214.01703050              5136.408732               215.01703050              1564820671.435            0                         963                       1.0000000000E+000         2.0000000000E+000         0.0000000000E+000         4.2779052194E+001         4.3460850437E+001         4.0256143303E+002         4.1037940296E+002         1.2348981956E+000         1.5397459199E+000         
2019-08-03                08:25:21.621              214.01761135              5136.422673               215.01761135              1564820721.621            0                         963                       1.0000000000E+000         2.0000000000E+000         0.0000000000E+000         4.2779052194E+001         4.3460850437E+001         4.0259628614E+002         4.1040463816E+002         1.2348981956E+000         1.5397459199E+000         
2019-08-03                08:26:11.828              214.01819245              5136.436619               215.01819245              1564820771.828            0                         963                       1.0000000000E+000         2.0000000000E+000         0.0000000000E+000         4.2779052194E+001         4.3460850437E+001         4.0260340795E+002         4.1044017032E+002         1.2348981956E+000         1.5397459199E+000         
2019-08-03                08:27:00.957              214.01876108              5136.450266               215.01876108              1564820820.957            0                         963                       1.0000000000E+000         3.0000000000E+000         0.0000000000E+000         4.2779052194E+001         4.3460850437E+001         4.0257411208E+002         4.1044743089E+002         1.2348981956E+000         1.5397459199E+000         
2019-08-03                08:27:50.112              214.01933001              5136.463920               215.01933001              1564820870.113            0                         963                       1.0000000000E+000         3.0000000000E+000         0.0000000000E+000         4.2779052194E+001         4.3460850437E+001         4.0619549903E+002         4.1041756424E+002         1.2348981956E+000         1.5397459199E+000         
2019-08-03                08:28:38.223              214.01988684              5136.477284               215.01988684              1564820918.223            0                         963                       1.0000000000E+000         3.0000000000E+000         0.0000000000E+000         4.2779052194E+001         4.3460850437E+001         4.0612435007E+002         4.1410950758E+002         1.2348981956E+000         1.5397459199E+000         
2019-08-03                08:29:27.354              214.02045549              5136.490932               215.02045549              1564820967.354            0                         963                       1.0000000000E+000         3.0000000000E+000         0.0000000000E+000         4.2779052194E+001         4.3460850437E+001         4.0176895304E+002         4.1403697240E+002         1.2348981956E+000         1.5397459199E+000         
2019-08-03                08:30:15.474              214.02101244              5136.504299               215.02101244              1564821015.475            0                         963                       1.0000000000E+000         3.0000000000E+000         0.0000000000E+000         4.2779052194E+001         4.3460850437E+001         4.0096782463E+002         4.0959671808E+002         1.2348981956E+000         1.5397459199E+000         
2019-08-03                08:31:01.750              214.02154804              5136.517153               215.02154804              1564821061.751            0                         963                       1.0000000000E+000         1.6000000000E+001         0.0000000000E+000         4.2779052194E+001         4.3460850437E+001         4.0078981495E+002         4.0877998109E+002         1.2348981956E+000         1.5397459199E+000         
2019-08-03                08:31:51.967              214.02212925              5136.531102               215.02212925              1564821111.967            0                         963                       1.0000000000E+000         1.6000000000E+001         0.0000000000E+000         4.2779052194E+001         4.3460850437E+001         4.0167804274E+002         4.0859850321E+002         1.2348981956E+000         1.5397459199E+000         
2019-08-03                08:32:42.167              214.02271027              5136.545046               215.02271027              1564821162.167            0                         963                       1.0000000000E+000         1.6000000000E+001         0.0000000000E+000         4.2779052194E+001         4.3460850437E+001         4.0264619288E+002         4.0950403656E+002         1.2348981956E+000         1.5397459199E+000         
2019-08-03                08:33:31.280              214.02327872              5136.558689               215.02327872              1564821211.281            0                         963                       1.0000000000E+000         1.6000000000E+001         0.0000000000E+000         4.2779052194E+001         4.3460850437E+001         4.0271514025E+002         4.1049104941E+002         1.2348981956E+000         1.5397459199E+000         
2019-08-03                08:34:17.536              214.02381407              5136.571538               215.02381407              1564821257.536            0                         963                       1.0000000000E+000         1.6000000000E+001         0.0000000000E+000         4.2779052194E+001         4.3460850437E+001         4.0273413061E+002         4.1056134011E+002         1.2348981956E+000         1.5397459199E+000         
2019-08-03                08:35:07.756              214.02439534              5136.585488               215.02439534              1564821307.757            0                         963                       1.0000000000E+000         1.6000000000E+001         0.0000000000E+000         4.2779052194E+001         4.3460850437E+001         4.0275464046E+002         4.1058070045E+002         1.2348981956E+000         1.5397459199E+000         
2019-08-03                08:35:57.938              214.02497615              5136.599427               215.02497615              1564821357.939            0                         963                       1.0000000000E+000         1.6000000000E+001         0.0000000000E+000         4.2779052194E+001         4.3460850437E+001         4.0277713843E+002         4.1060160990E+002         1.2348981956E+000         1.5397459199E+000         
2019-08-03                08:36:47.069              214.02554478              5136.613075               215.02554478              1564821407.069            0                         963                       1.0000000000E+000         1.6000000000E+001         0.0000000000E+000         4.2779052194E+001         4.3460850437E+001         4.0277196829E+002         4.1062454621E+002         1.2348981956E+000         1.5397459199E+000         
2019-08-03                08:37:30.364              214.02604588              5136.625101               215.02604588              1564821450.364            0                         963                       1.0000000000E+000         1.6000000000E+001         0.0000000000E+000         4.2779052194E+001         4.3460850437E+001         4.0280289584E+002         4.1061927534E+002         1.2348981956E+000         1.5397459199E+000         
2019-08-03                08:38:20.573              214.02662701              5136.639048               215.02662701              1564821500.574            0                         963                       1.0000000000E+000         1.6000000000E+001         0.0000000000E+000         4.2779052194E+001         4.3460850437E+001         4.0284338502E+002         4.1065080546E+002         1.2348981956E+000         1.5397459199E+000         
2019-08-03                08:39:10.782              214.02720813              5136.652995               215.02720813              1564821550.782            0                         963                       1.0000000000E+000         1.6000000000E+001         0.0000000000E+000         4.2779052194E+001         4.3460850437E+001         4.0283118029E+002         4.1069208349E+002         1.2348981956E+000         1.5397459199E+000         
2019-08-03                08:39:59.885              214.02777646              5136.666635               215.02777646              1564821599.886            0                         963                       1.0000000000E+000         1.6000000000E+001         0.0000000000E+000         4.2779052194E+001         4.3460850437E+001         4.0285941249E+002         4.1067964098E+002         1.2348981956E+000         1.5397459199E+000         
2019-08-03                08:40:46.155              214.02831199              5136.679488               215.02831199              1564821646.156            0                         963                       1.0000000000E+000         1.6000000000E+001         0.0000000000E+000         4.2779052194E+001         4.3460850437E+001         4.0288276043E+002         4.1070842323E+002         1.2348981956E+000         1.5397459199E+000         
2019-08-03                08:41:35.367              214.02888156              5136.693158               215.02888156              1564821695.367            0                         963                       1.0000000000E+000         1.0000000000E+000         0.0000000000E+000         4.2779052194E+001         4.3460850437E+001         4.0723449691E+002         4.1073222607E+002         1.2348981956E+000         1.5397459199E+000         
2019-08-03                08:42:25.569              214.02946260              5136.707103               215.02946260              1564821745.569            0                         963                       1.0000000000E+000         1.0000000000E+000         0.0000000000E+000         4.2779052194E+001         4.3460850437E+001         4.0783952155E+002         4.1516874852E+002         1.2348981956E+000         1.5397459199E+000         
2019-08-03                08:43:14.671              214.03003093              5136.720742               215.03003093              1564821794.672            0                         963                       1.0000000000E+000         1.0000000000E+000         0.0000000000E+000         4.2779052194E+001         4.3460850437E+001         4.0232575894E+002         4.1578556101E+002         1.2348981956E+000         1.5397459199E+000         
2019-08-03                08:43:42.233              214.03034992              5136.728398               215.03034992              1564821822.233            0                         963                       2.0000000000E+000         1.0000000000E+000         0.0000000000E+000         4.2674994376E+001         4.3460850437E+001         4.0232575894E+002         4.1016437237E+002         1.2348981956E+000         1.5397459199E+000         
2019-08-03                08:44:01.983              214.03057852              5136.733884               215.03057852              1564821841.984            0                         963                       1.0000000000E+000         1.0000000000E+000         0.0000000000E+000         4.2674994376E+001         4.3460850437E+001         4.0018210396E+002         4.1016437237E+002         1.2348981956E+000         1.5397459199E+000         
2019-08-03                08:44:52.164              214.03115931              5136.747823               215.03115931              1564821892.164            0                         963                       1.0000000000E+000         1.0000000000E+000         0.0000000000E+000         4.2674994376E+001         4.3355134181E+001         3.9991279392E+002         4.0797895203E+002         1.2348981956E+000         1.5397459199E+000         
2019-08-03                08:45:42.358              214.03174025              5136.761766               215.03174025              1564821942.358            0                         963                       1.0000000000E+000         1.6000000000E+001         0.0000000000E+000         4.2674994376E+001         4.3355134181E+001         4.0121237746E+002         4.0770439495E+002         1.2348981956E+000         1.5397459199E+000         
2019-08-03                08:46:31.460              214.03230856              5136.775406               215.03230856              1564821991.460            0                         963                       1.0000000000E+000         2.0000000000E+000         0.0000000000E+000         4.2674994376E+001         4.3355134181E+001         4.0275485524E+002         4.0902929861E+002         1.2348981956E+000         1.5397459199E+000         
2019-08-03                08:47:21.713              214.03289020              5136.789365               215.03289020              1564822041.713            0                         963                       1.0000000000E+000         2.0000000000E+000         0.0000000000E+000         4.2674994376E+001         4.3355134181E+001         4.0288504820E+002         4.1060182886E+002         1.2348981956E+000         1.5397459199E+000         
2019-08-03                08:48:09.907              214.03344800              5136.802752               215.03344800              1564822089.907            0                         963                       1.0000000000E+000         2.0000000000E+000         0.0000000000E+000         4.2674994376E+001         4.3355134181E+001         4.0292758508E+002         4.1073455840E+002         1.2348981956E+000         1.5397459199E+000         
2019-08-03                08:49:01.082              214.03404031              5136.816967               215.03404031              1564822141.083            0                         963                       1.0000000000E+000         2.0000000000E+000         0.0000000000E+000         4.2674994376E+001         4.3355134181E+001         4.0294916264E+002         4.1077792405E+002         1.2348981956E+000         1.5397459199E+000         
2019-08-03                08:49:06.398              214.03410184              5136.818444               215.03410184              1564822146.399            0                         963                       3.0000000000E+000         2.0000000000E+000         0.0000000000E+000         4.2674994376E+001         4.3353732474E+001         4.0294916264E+002         4.1078373274E+002         1.2298821336E+000         1.5337163541E+000         
2019-08-03                08:49:40.551              214.03449712              5136.827931               215.03449712              1564822180.551            0                         963                       1.0000000000E+000         2.0000000000E+000         0.0000000000E+000         4.2674994376E+001         4.3353732474E+001         4.0295459609E+002         4.1078373274E+002         1.2298821336E+000         1.5337163541E+000         
2019-08-03                08:50:30.760              214.03507825              5136.841878               215.03507825              1564822230.761            0                         963                       1.0000000000E+000         3.0000000000E+000         0.0000000000E+000         4.2674994376E+001         4.3352331049E+001         4.0299784344E+002         4.1077308566E+002         1.2298821336E+000         1.5337163541E+000         
2019-08-03                08:51:21.940              214.03567060              5136.856094               215.03567060              1564822281.940            0                         963                       1.0000000000E+000         3.0000000000E+000         0.0000000000E+000         4.2674994376E+001         4.3352331049E+001         4.0605700906E+002         4.1081717213E+002         1.2298821336E+000         1.5337163541E+000         
2019-08-03                08:52:13.124              214.03626301              5136.870312               215.03626301              1564822333.124            0                         963                       1.0000000000E+000         3.0000000000E+000         0.0000000000E+000         4.2674994376E+001         4.3352331049E+001         4.0575759489E+002         4.1393569445E+002         1.2298821336E+000         1.5337163541E+000         
2019-08-03                08:53:02.384              214.03683316              5136.883996               215.03683316              1564822382.385            0                         963                       1.0000000000E+000         3.0000000000E+000         0.0000000000E+000         4.2674994376E+001         4.3352331049E+001         4.0189943246E+002         4.1363047077E+002         1.2298821336E+000         1.5337163541E+000         
