DATE                      TIME                      FRAC_DAYS_SINCE_JAN1      FRAC_HRS_SINCE_JAN1       JULIAN_DAYS               EPOCH_TIME                ALARM_STATUS              INST_STATUS               species                   MPVPosition               solenoid_valves           CH4                       CH4_dry                   CO2                       CO2_dry                   H2O                       h2o_reported              
2019-07-17                17:30:21.907              197.39608689              4737.506085               198.39608689              1563384621.907            0                         963                       1.0000000000E+000         0.0000000000E+000         0.0000000000E+000         3.5164129157E+001         3.5735239051E+001         4.6332115911E+002         4.7237284127E+002         1.2547596078E+000         1.5636036556E+000         
2019-07-17                17:31:12.111              197.39666795              4737.520031               198.39666795              1563384672.111            0                         963                       1.0000000000E+000         0.0000000000E+000         0.0000000000E+000         3.5164129157E+001         3.5733711731E+001         4.6343120526E+002         4.7249560556E+002         1.2547596078E+000         1.5636036556E+000         
2019-07-17                17:32:01.381              197.39723822              4737.533717               198.39723822              1563384721.382            0                         963                       1.0000000000E+000         0.0000000000E+000         0.0000000000E+000         3.5164129157E+001         3.5733711731E+001         4.6336562313E+002         4.7260783079E+002         1.2547596078E+000         1.5636036556E+000         
2019-07-17                17:32:51.683              197.39782041              4737.547690               198.39782041              1563384771.683            0                         963                       1.0000000000E+000         0.0000000000E+000         0.0000000000E+000         3.5164129157E+001         3.5733711731E+001         4.6315011487E+002         4.7254095004E+002         1.2547596078E+000         1.5636036556E+000         
2019-07-17                17:33:34.062              197.39831091              4737.559462               198.39831091              1563384814.063            0                         963                       1.0000000000E+000         0.0000000000E+000         0.0000000000E+000         3.5164129157E+001         3.5733711731E+001         4.6286063414E+002         4.7232117439E+002         1.2547596078E+000         1.5636036556E+000         
2019-07-17                17:34:24.234              197.39889161              4737.573399               198.39889161              1563384864.235            0                         963                       1.0000000000E+000         0.0000000000E+000         0.0000000000E+000         3.5164129157E+001         3.5733711731E+001         4.6263626328E+002         4.7202596151E+002         1.2547596078E+000         1.5636036556E+000         
2019-07-17                17:35:14.368              197.39947186              4737.587325               198.39947186              1563384914.369            0                         963                       1.0000000000E+000         0.0000000000E+000         0.0000000000E+000         3.5164129157E+001         3.5733711731E+001         4.6255085748E+002         4.7179714778E+002         1.2547596078E+000         1.5636036556E+000         
2019-07-17                17:36:04.500              197.40005209              4737.601250               198.40005209              1563384964.501            0                         963                       1.0000000000E+000         0.0000000000E+000         0.0000000000E+000         3.5164129157E+001         3.5733711731E+001         4.6244300213E+002         4.7171005082E+002         1.2547596078E+000         1.5636036556E+000         
2019-07-17                17:36:54.734              197.40063351              4737.615204               198.40063351              1563385014.735            0                         963                       1.0000000000E+000         0.0000000000E+000         0.0000000000E+000         3.5164129157E+001         3.5733711731E+001         4.6224632980E+002         4.7160005977E+002         1.2547596078E+000         1.5636036556E+000         
2019-07-17                17:37:44.016              197.40120389              4737.628893               198.40120389              1563385064.016            0                         963                       1.0000000000E+000         0.0000000000E+000         0.0000000000E+000         3.5164129157E+001         3.5733711731E+001         4.6208331351E+002         4.7139949304E+002         1.2547596078E+000         1.5636036556E+000         
2019-07-17                17:38:33.243              197.40177366              4737.642568               198.40177366              1563385113.244            0                         963                       1.0000000000E+000         0.0000000000E+000         0.0000000000E+000         3.5164129157E+001         3.5733711731E+001         4.6190575141E+002         4.7123324877E+002         1.2547596078E+000         1.5636036556E+000         
2019-07-17                17:39:23.378              197.40235392              4737.656494               198.40235392              1563385163.379            0                         963                       1.0000000000E+000         0.0000000000E+000         0.0000000000E+000         3.5164129157E+001         3.5733711731E+001         4.6170728009E+002         4.7105217069E+002         1.2547596078E+000         1.5636036556E+000         
2019-07-17                17:40:13.525              197.40293432              4737.670424               198.40293432              1563385213.525            0                         963                       1.0000000000E+000         0.0000000000E+000         0.0000000000E+000         3.5164129157E+001         3.5733711731E+001         4.6149579846E+002         4.7084976934E+002         1.2547596078E+000         1.5636036556E+000         
2019-07-17                17:41:02.795              197.40350457              4737.684110               198.40350457              1563385262.795            0                         963                       1.0000000000E+000         0.0000000000E+000         0.0000000000E+000         3.5164129157E+001         3.5733711731E+001         4.6125008564E+002         4.7063410005E+002         1.2547596078E+000         1.5636036556E+000         
2019-07-17                17:41:52.895              197.40408444              4737.698027               198.40408444              1563385312.896            0                         963                       1.0000000000E+000         0.0000000000E+000         0.0000000000E+000         3.5164129157E+001         3.5733711731E+001         4.6099727587E+002         4.7038352176E+002         1.2547596078E+000         1.5636036556E+000         
2019-07-17                17:42:01.157              197.40418006              4737.700321               198.40418006              1563385321.157            0                         963                       3.0000000000E+000         0.0000000000E+000         0.0000000000E+000         3.5164129157E+001         3.5731939884E+001         4.6099727587E+002         4.7009729223E+002         1.2470684895E+000         1.5543681660E+000         
2019-07-17                17:42:36.234              197.40458605              4737.710065               198.40458605              1563385356.235            0                         963                       1.0000000000E+000         0.0000000000E+000         0.0000000000E+000         3.5164129157E+001         3.5731939884E+001         4.6071722028E+002         4.7009729223E+002         1.2470684895E+000         1.5543681660E+000         
2019-07-17                17:43:26.437              197.40516711              4737.724011               198.40516711              1563385406.438            0                         963                       1.0000000000E+000         0.0000000000E+000         0.0000000000E+000         3.5164129157E+001         3.5730168583E+001         4.6039853982E+002         4.6978332080E+002         1.2470684895E+000         1.5543681660E+000         
2019-07-17                17:44:17.598              197.40575924              4737.738222               198.40575924              1563385457.598            0                         963                       1.0000000000E+000         0.0000000000E+000         0.0000000000E+000         3.5164129157E+001         3.5730168583E+001         4.6008965020E+002         4.6945836927E+002         1.2470684895E+000         1.5543681660E+000         
2019-07-17                17:45:07.684              197.40633894              4737.752134               198.40633894              1563385507.684            0                         963                       1.0000000000E+000         0.0000000000E+000         0.0000000000E+000         3.5164129157E+001         3.5730168583E+001         4.5980591063E+002         4.6914340124E+002         1.2470684895E+000         1.5543681660E+000         
2019-07-17                17:45:13.006              197.40640053              4737.753613               198.40640053              1563385513.006            0                         963                       3.0000000000E+000         0.0000000000E+000         0.0000000000E+000         3.5164129157E+001         3.5730316221E+001         4.5980591063E+002         4.6885643961E+002         1.2477095081E+000         1.5551380533E+000         
2019-07-17                17:45:47.096              197.40679510              4737.763082               198.40679510              1563385547.097            0                         963                       1.0000000000E+000         0.0000000000E+000         0.0000000000E+000         3.5164129157E+001         3.5730316221E+001         4.5956371306E+002         4.6885643961E+002         1.2477095081E+000         1.5551380533E+000         
2019-07-17                17:46:36.411              197.40736587              4737.776781               198.40736587              1563385596.411            0                         963                       1.0000000000E+000         0.0000000000E+000         0.0000000000E+000         3.5164129157E+001         3.5730463863E+001         4.5949476076E+002         4.6861183501E+002         1.2477095081E+000         1.5551380533E+000         
2019-07-17                17:47:26.539              197.40794605              4737.790705               198.40794605              1563385646.539            0                         963                       1.0000000000E+000         0.0000000000E+000         0.0000000000E+000         3.5164129157E+001         3.5730463863E+001         4.5958819370E+002         4.6854152514E+002         1.2477095081E+000         1.5551380533E+000         
2019-07-17                17:48:15.793              197.40851613              4737.804387               198.40851613              1563385695.794            0                         963                       1.0000000000E+000         0.0000000000E+000         0.0000000000E+000         3.5164129157E+001         3.5730463863E+001         4.5968860870E+002         4.6863679763E+002         1.2477095081E+000         1.5551380533E+000         
2019-07-17                17:49:05.888              197.40909594              4737.818302               198.40909594              1563385745.889            0                         963                       1.0000000000E+000         0.0000000000E+000         0.0000000000E+000         3.5164129157E+001         3.5730463863E+001         4.5977825092E+002         4.6873918966E+002         1.2477095081E+000         1.5551380533E+000         
2019-07-17                17:49:14.730              197.40919826              4737.820758               198.40919826              1563385754.730            0                         963                       3.0000000000E+000         0.0000000000E+000         0.0000000000E+000         3.5164129157E+001         3.5729624432E+001         4.5977825092E+002         4.6881717120E+002         1.2440650269E+000         1.5507605258E+000         
2019-07-17                17:49:48.197              197.40958562              4737.830055               198.40958562              1563385788.198            0                         963                       1.0000000000E+000         0.0000000000E+000         0.0000000000E+000         3.5164129157E+001         3.5729624432E+001         4.5984612681E+002         4.6881717120E+002         1.2440650269E+000         1.5507605258E+000         
2019-07-17                17:50:39.387              197.41017809              4737.844274               198.41017809              1563385839.387            0                         963                       1.0000000000E+000         0.0000000000E+000         0.0000000000E+000         3.5164129157E+001         3.5728785124E+001         4.5982194075E+002         4.6887295588E+002         1.2440650269E+000         1.5507605258E+000         
2019-07-17                17:51:29.499              197.41075809              4737.858194               198.41075809              1563385889.499            0                         963                       1.0000000000E+000         0.0000000000E+000         0.0000000000E+000         3.5164129157E+001         3.5728785124E+001         4.5980183034E+002         4.6884829505E+002         1.2440650269E+000         1.5507605258E+000         
2019-07-17                17:52:17.773              197.41131682              4737.871604               198.41131682              1563385937.773            0                         963                       1.0000000000E+000         0.0000000000E+000         0.0000000000E+000         3.5164129157E+001         3.5728785124E+001         4.5977924281E+002         4.6882778987E+002         1.2440650269E+000         1.5507605258E+000         
2019-07-17                17:53:07.908              197.41189709              4737.885530               198.41189709              1563385987.909            0                         963                       1.0000000000E+000         0.0000000000E+000         0.0000000000E+000         3.5164129157E+001         3.5728785124E+001         4.5973902105E+002         4.6880475894E+002         1.2440650269E+000         1.5507605258E+000         
2019-07-17                17:53:58.042              197.41247735              4737.899456               198.41247735              1563386038.043            0                         963                       1.0000000000E+000         0.0000000000E+000         0.0000000000E+000         3.5164129157E+001         3.5728785124E+001         4.5970995054E+002         4.6876374763E+002         1.2440650269E+000         1.5507605258E+000         
2019-07-17                17:54:48.151              197.41305730              4737.913375               198.41305730              1563386088.151            0                         963                       1.0000000000E+000         0.0000000000E+000         0.0000000000E+000         3.5164129157E+001         3.5728785124E+001         4.5960760182E+002         4.6873410646E+002         1.2440650269E+000         1.5507605258E+000         
2019-07-17                17:55:37.375              197.41362704              4737.927049               198.41362704              1563386137.376            0                         963                       1.0000000000E+000         0.0000000000E+000         0.0000000000E+000         3.5164129157E+001         3.5728785124E+001         4.5944976627E+002         4.6862974862E+002         1.2440650269E+000         1.5507605258E+000         
2019-07-17                17:56:27.469              197.41420682              4737.940964               198.41420682              1563386187.469            0                         963                       1.0000000000E+000         0.0000000000E+000         0.0000000000E+000         3.5164129157E+001         3.5728785124E+001         4.5931507501E+002         4.6846881474E+002         1.2440650269E+000         1.5507605258E+000         
2019-07-17                17:57:17.553              197.41478650              4737.954876               198.41478650              1563386237.554            0                         963                       1.0000000000E+000         0.0000000000E+000         0.0000000000E+000         3.5164129157E+001         3.5728785124E+001         4.5917850880E+002         4.6833147948E+002         1.2440650269E+000         1.5507605258E+000         
2019-07-17                17:58:07.799              197.41536806              4737.968833               198.41536806              1563386287.800            0                         963                       1.0000000000E+000         0.0000000000E+000         0.0000000000E+000         3.5164129157E+001         3.5728785124E+001         4.5898806304E+002         4.6819223246E+002         1.2440650269E+000         1.5507605258E+000         
2019-07-17                17:58:58.042              197.41594957              4737.982790               198.41594957              1563386338.043            0                         963                       1.0000000000E+000         0.0000000000E+000         0.0000000000E+000         3.5164129157E+001         3.5728785124E+001         4.5879614698E+002         4.6799804823E+002         1.2440650269E+000         1.5507605258E+000         
2019-07-17                17:59:48.148              197.41652950              4737.996708               198.41652950              1563386388.149            0                         963                       1.0000000000E+000         0.0000000000E+000         0.0000000000E+000         3.5164129157E+001         3.5728785124E+001         4.5857375961E+002         4.6780236484E+002         1.2440650269E+000         1.5507605258E+000         
2019-07-17                18:00:17.674              197.41687123              4738.004909               198.41687123              1563386417.674            0                         963                       2.0000000000E+000         0.0000000000E+000         0.0000000000E+000         4.7027801575E+001         3.5728785124E+001         4.5857375961E+002         4.6757561197E+002         1.2440650269E+000         1.5507605258E+000         
2019-07-17                18:00:37.420              197.41709977              4738.010394               198.41709977              1563386437.420            0                         963                       1.0000000000E+000         0.0000000000E+000         0.0000000000E+000         4.7027801575E+001         3.5728785124E+001         4.5827481446E+002         4.6757561197E+002         1.2440650269E+000         1.5507605258E+000         
2019-07-17                18:01:27.566              197.41768017              4738.024324               198.41768017              1563386487.567            0                         963                       1.0000000000E+000         0.0000000000E+000         0.0000000000E+000         4.7027801575E+001         4.7782961148E+001         4.5806955383E+002         4.6727079850E+002         1.2440650269E+000         1.5507605258E+000         
2019-07-17                18:02:17.694              197.41826035              4738.038248               198.41826035              1563386537.694            0                         963                       1.0000000000E+000         0.0000000000E+000         0.0000000000E+000         4.7027801575E+001         4.7782961148E+001         4.5785813886E+002         4.6706150859E+002         1.2440650269E+000         1.5507605258E+000         
2019-07-17                18:03:07.907              197.41884152              4738.052196               198.41884152              1563386587.907            0                         963                       1.0000000000E+000         0.0000000000E+000         0.0000000000E+000         4.7027801575E+001         4.7782961148E+001         4.5775727454E+002         4.6684594351E+002         1.2440650269E+000         1.5507605258E+000         
2019-07-17                18:03:58.115              197.41942263              4738.066143               198.41942263              1563386638.115            0                         963                       1.0000000000E+000         0.0000000000E+000         0.0000000000E+000         4.7027801575E+001         4.7782961148E+001         4.5770152415E+002         4.6674309921E+002         1.2440650269E+000         1.5507605258E+000         
2019-07-17                18:04:46.417              197.41998168              4738.079560               198.41998168              1563386686.417            0                         963                       1.0000000000E+000         0.0000000000E+000         0.0000000000E+000         4.7027801575E+001         4.7782961148E+001         4.5760736216E+002         4.6668625444E+002         1.2440650269E+000         1.5507605258E+000         
2019-07-17                18:05:36.494              197.42056128              4738.093471               198.42056128              1563386736.495            0                         963                       1.0000000000E+000         0.0000000000E+000         0.0000000000E+000         4.7027801575E+001         4.7782961148E+001         4.5751429139E+002         4.6659024404E+002         1.2440650269E+000         1.5507605258E+000         
2019-07-17                18:06:06.065              197.42090353              4738.101685               198.42090353              1563386766.065            0                         963                       2.0000000000E+000         0.0000000000E+000         0.0000000000E+000         4.7261788031E+001         4.7782961148E+001         4.5751429139E+002         4.6649534628E+002         1.2440650269E+000         1.5507605258E+000         
2019-07-17                18:06:25.924              197.42113339              4738.107201               198.42113339              1563386785.925            0                         963                       1.0000000000E+000         0.0000000000E+000         0.0000000000E+000         4.7261788031E+001         4.7782961148E+001         4.5743348959E+002         4.6649534628E+002         1.2440650269E+000         1.5507605258E+000         
2019-07-17                18:07:15.108              197.42170265              4738.120864               198.42170265              1563386835.109            0                         963                       1.0000000000E+000         0.0000000000E+000         0.0000000000E+000         4.7261788031E+001         4.8020704895E+001         4.5737250998E+002         4.6641295833E+002         1.2440650269E+000         1.5507605258E+000         
2019-07-17                18:08:04.361              197.42227271              4738.134545               198.42227271              1563386884.362            0                         963                       1.0000000000E+000         0.0000000000E+000         0.0000000000E+000         4.7261788031E+001         4.8020704895E+001         4.5728006989E+002         4.6635078169E+002         1.2440650269E+000         1.5507605258E+000         
2019-07-17                18:08:33.914              197.42261475              4738.142754               198.42261475              1563386913.914            0                         963                       2.0000000000E+000         0.0000000000E+000         0.0000000000E+000         4.8254392105E+001         4.8020704895E+001         4.5728006989E+002         4.6625652698E+002         1.2440650269E+000         1.5507605258E+000         
2019-07-17                18:08:53.663              197.42284332              4738.148240               198.42284332              1563386933.663            0                         963                       1.0000000000E+000         0.0000000000E+000         0.0000000000E+000         4.8254392105E+001         4.8020704895E+001         4.5723024559E+002         4.6625652698E+002         1.2440650269E+000         1.5507605258E+000         
2019-07-17                18:09:43.841              197.42342409              4738.162178               198.42342409              1563386983.841            0                         963                       1.0000000000E+000         0.0000000000E+000         0.0000000000E+000         4.8254392105E+001         4.9029247933E+001         4.5714285907E+002         4.6620572463E+002         1.2440650269E+000         1.5507605258E+000         
2019-07-17                18:10:33.973              197.42400432              4738.176104               198.42400432              1563387033.973            0                         963                       1.0000000000E+000         0.0000000000E+000         0.0000000000E+000         4.8254392105E+001         4.9029247933E+001         4.5702855653E+002         4.6611662270E+002         1.2440650269E+000         1.5507605258E+000         
2019-07-17                18:11:24.112              197.42458464              4738.190031               198.42458464              1563387084.113            0                         963                       1.0000000000E+000         0.0000000000E+000         0.0000000000E+000         4.8254392105E+001         4.9029247933E+001         4.5697195607E+002         4.6600007639E+002         1.2440650269E+000         1.5507605258E+000         
2019-07-17                18:12:13.361              197.42515464              4738.203711               198.42515464              1563387133.361            0                         963                       1.0000000000E+000         0.0000000000E+000         0.0000000000E+000         4.8254392105E+001         4.9029247933E+001         4.5695225693E+002         4.6594236487E+002         1.2440650269E+000         1.5507605258E+000         
2019-07-17                18:13:02.628              197.42572486              4738.217397               198.42572486              1563387182.628            0                         963                       1.0000000000E+000         0.0000000000E+000         0.0000000000E+000         4.8254392105E+001         4.9029247933E+001         4.5692109844E+002         4.6592227903E+002         1.2440650269E+000         1.5507605258E+000         
2019-07-17                18:13:52.770              197.42630522              4738.231325               198.42630522              1563387232.771            0                         963                       1.0000000000E+000         0.0000000000E+000         0.0000000000E+000         4.8254392105E+001         4.9029247933E+001         4.5694317910E+002         4.6589050889E+002         1.2440650269E+000         1.5507605258E+000         
2019-07-17                18:14:41.993              197.42687493              4738.244998               198.42687493              1563387281.994            0                         963                       1.0000000000E+000         0.0000000000E+000         0.0000000000E+000         4.8254392105E+001         4.9029247933E+001         4.5703728107E+002         4.6591302300E+002         1.2440650269E+000         1.5507605258E+000         
2019-07-17                18:15:32.088              197.42745473              4738.258914               198.42745473              1563387332.089            0                         963                       1.0000000000E+000         0.0000000000E+000         0.0000000000E+000         4.8254392105E+001         4.9029247933E+001         4.5715804659E+002         4.6600897220E+002         1.2440650269E+000         1.5507605258E+000         
2019-07-17                18:16:00.638              197.42778516              4738.266844               198.42778516              1563387360.638            0                         963                       2.0000000000E+000         0.0000000000E+000         0.0000000000E+000         1.5232822690E+002         4.9029247933E+001         4.5715804659E+002         4.6613210836E+002         1.2440650269E+000         1.5507605258E+000         
2019-07-17                18:16:20.384              197.42801370              4738.272329               198.42801370              1563387380.384            0                         963                       1.0000000000E+000         0.0000000000E+000         0.0000000000E+000         1.5232822690E+002         4.9029247933E+001         4.5729227730E+002         4.6613210836E+002         1.2440650269E+000         1.5507605258E+000         
2019-07-17                18:17:11.598              197.42860647              4738.286555               198.42860647              1563387431.599            0                         963                       1.0000000000E+000         0.0000000000E+000         0.0000000000E+000         1.5232822690E+002         1.5477427190E+002         4.5743395871E+002         4.6626897403E+002         1.2440650269E+000         1.5507605258E+000         
2019-07-17                18:18:01.700              197.42918634              4738.300472               198.42918634              1563387481.700            0                         963                       1.0000000000E+000         0.0000000000E+000         0.0000000000E+000         1.5232822690E+002         1.5477427190E+002         4.5765702549E+002         4.6641343667E+002         1.2440650269E+000         1.5507605258E+000         
2019-07-17                18:18:49.947              197.42974477              4738.313874               198.42974477              1563387529.948            0                         963                       1.0000000000E+000         0.0000000000E+000         0.0000000000E+000         1.5232822690E+002         1.5477427190E+002         4.5806643707E+002         4.6664088227E+002         1.2440650269E+000         1.5507605258E+000         
2019-07-17                18:19:40.112              197.43032538              4738.327809               198.43032538              1563387580.113            0                         963                       1.0000000000E+000         0.0000000000E+000         0.0000000000E+000         1.5232822690E+002         1.5477427190E+002         4.5879663764E+002         4.6705833064E+002         1.2440650269E+000         1.5507605258E+000         
2019-07-17                18:20:09.667              197.43066745              4738.336019               198.43066745              1563387609.668            0                         963                       2.0000000000E+000         0.0000000000E+000         0.0000000000E+000         4.6118893544E+001         1.5477427190E+002         4.5879663764E+002         4.6780286512E+002         1.2440650269E+000         1.5507605258E+000         
2019-07-17                18:20:29.420              197.43089606              4738.341506               198.43089606              1563387629.420            0                         963                       1.0000000000E+000         0.0000000000E+000         0.0000000000E+000         4.6118893544E+001         1.5477427190E+002         4.6013425434E+002         4.6780286512E+002         1.2440650269E+000         1.5507605258E+000         
2019-07-17                18:21:20.635              197.43148884              4738.355732               198.43148884              1563387680.636            0                         963                       1.0000000000E+000         0.0000000000E+000         0.0000000000E+000         4.6118893544E+001         4.6859458120E+001         4.6118339772E+002         4.6916673939E+002         1.2440650269E+000         1.5507605258E+000         
2019-07-17                18:22:11.773              197.43208072              4738.369937               198.43208072              1563387731.774            0                         963                       1.0000000000E+000         0.0000000000E+000         0.0000000000E+000         4.6118893544E+001         4.6859458120E+001         4.6257983309E+002         4.7023647757E+002         1.2440650269E+000         1.5507605258E+000         
2019-07-17                18:23:02.930              197.43267280              4738.384147               198.43267280              1563387782.930            0                         963                       1.0000000000E+000         0.0000000000E+000         0.0000000000E+000         4.6118893544E+001         4.6859458120E+001         4.6404599420E+002         4.7166032511E+002         1.2440650269E+000         1.5507605258E+000         
2019-07-17                18:23:53.118              197.43325368              4738.398088               198.43325368              1563387833.118            0                         963                       1.0000000000E+000         0.0000000000E+000         0.0000000000E+000         4.6118893544E+001         4.6859458120E+001         4.6522288115E+002         4.7315526712E+002         1.2440650269E+000         1.5507605258E+000         
2019-07-17                18:24:42.395              197.43382403              4738.411777               198.43382403              1563387882.396            0                         963                       1.0000000000E+000         0.0000000000E+000         0.0000000000E+000         4.6118893544E+001         4.6859458120E+001         4.6641175038E+002         4.7435525649E+002         1.2440650269E+000         1.5507605258E+000         
2019-07-17                18:25:33.562              197.43441624              4738.425990               198.43441624              1563387933.563            0                         963                       1.0000000000E+000         0.0000000000E+000         0.0000000000E+000         4.6118893544E+001         4.6859458120E+001         4.6785651834E+002         4.7556746336E+002         1.2440650269E+000         1.5507605258E+000         
2019-07-17                18:26:23.696              197.43499648              4738.439916               198.43499648              1563387983.696            0                         963                       1.0000000000E+000         0.0000000000E+000         0.0000000000E+000         4.6118893544E+001         4.6859458120E+001         4.6914594331E+002         4.7704059226E+002         1.2440650269E+000         1.5507605258E+000         
2019-07-17                18:27:11.957              197.43555507              4738.453322               198.43555507              1563388031.958            0                         963                       1.0000000000E+000         0.0000000000E+000         0.0000000000E+000         4.6118893544E+001         4.6859458120E+001         4.7008381337E+002         4.7835532878E+002         1.2440650269E+000         1.5507605258E+000         
2019-07-17                18:28:01.217              197.43612520              4738.467005               198.43612520              1563388081.217            0                         963                       1.0000000000E+000         0.0000000000E+000         0.0000000000E+000         4.6118893544E+001         4.6859458120E+001         4.7075200169E+002         4.7931160933E+002         1.2440650269E+000         1.5507605258E+000         
2019-07-17                18:28:51.309              197.43670498              4738.480919               198.43670498              1563388131.310            0                         963                       1.0000000000E+000         0.0000000000E+000         0.0000000000E+000         4.6118893544E+001         4.6859458120E+001         4.7132833520E+002         4.7999291426E+002         1.2440650269E+000         1.5507605258E+000         
2019-07-17                18:29:40.513              197.43727447              4738.494587               198.43727447              1563388180.514            0                         963                       1.0000000000E+000         0.0000000000E+000         0.0000000000E+000         4.6118893544E+001         4.6859458120E+001         4.7181065990E+002         4.8058056127E+002         1.2440650269E+000         1.5507605258E+000         
2019-07-17                18:30:29.776              197.43784464              4738.508271               198.43784464              1563388229.777            0                         963                       1.0000000000E+000         0.0000000000E+000         0.0000000000E+000         4.6118893544E+001         4.6859458120E+001         4.7221132681E+002         4.8107235404E+002         1.2440650269E+000         1.5507605258E+000         
