DATE                      TIME                      FRAC_DAYS_SINCE_JAN1      FRAC_HRS_SINCE_JAN1       JULIAN_DAYS               EPOCH_TIME                ALARM_STATUS              INST_STATUS               species                   MPVPosition               solenoid_valves           CH4                       CH4_dry                   CO2                       CO2_dry                   H2O                       h2o_reported              
2019-09-01                21:53:28.753              243.57880501              5845.891320               244.57880501              1567374808.753            0                         963                       1.0000000000E+000         1.6000000000E+001         0.0000000000E+000         4.2268905534E+001         4.3046572457E+001         4.3797784085E+002         4.4796427581E+002         1.4223540569E+000         1.7638688900E+000         
2019-09-01                21:54:18.867              243.57938503              5845.905241               244.57938503              1567374858.867            0                         963                       1.0000000000E+000         1.6000000000E+001         0.0000000000E+000         4.2268905534E+001         4.3046572457E+001         4.3789304352E+002         4.4782935696E+002         1.4223540569E+000         1.7638688900E+000         
2019-09-01                21:55:08.207              243.57995610              5845.918946               244.57995610              1567374908.207            0                         963                       1.0000000000E+000         1.6000000000E+001         0.0000000000E+000         4.2268905534E+001         4.3046572457E+001         4.3783902318E+002         4.4774265228E+002         1.4223540569E+000         1.7638688900E+000         
2019-09-01                21:55:59.408              243.58054872              5845.933169               244.58054872              1567374959.409            0                         963                       1.0000000000E+000         1.6000000000E+001         0.0000000000E+000         4.2268905534E+001         4.3046572457E+001         4.3775457485E+002         4.4768741684E+002         1.4223540569E+000         1.7638688900E+000         
2019-09-01                21:56:50.565              243.58114081              5845.947379               244.58114081              1567375010.566            0                         963                       1.0000000000E+000         1.6000000000E+001         0.0000000000E+000         4.2268905534E+001         4.3046572457E+001         4.3766187635E+002         4.4760106901E+002         1.4223540569E+000         1.7638688900E+000         
2019-09-01                21:57:40.661              243.58172062              5845.961295               244.58172062              1567375060.662            0                         963                       1.0000000000E+000         1.6000000000E+001         0.0000000000E+000         4.2268905534E+001         4.3046572457E+001         4.3755854362E+002         4.4750628542E+002         1.4223540569E+000         1.7638688900E+000         
2019-09-01                21:58:28.964              243.58227969              5845.974712               244.58227969              1567375108.965            0                         963                       1.0000000000E+000         1.6000000000E+001         0.0000000000E+000         4.2268905534E+001         4.3046572457E+001         4.3748436556E+002         4.4740062841E+002         1.4223540569E+000         1.7638688900E+000         
2019-09-01                21:59:20.197              243.58287266              5845.988944               244.58287266              1567375160.198            0                         963                       1.0000000000E+000         1.0000000000E+000         0.0000000000E+000         4.2268905534E+001         4.3046572457E+001         7.7459302784E+002         4.4732478185E+002         1.4223540569E+000         1.7638688900E+000         
2019-09-01                22:00:10.447              243.58345425              5846.002902               244.58345425              1567375210.447            0                         963                       1.0000000000E+000         1.0000000000E+000         0.0000000000E+000         4.2268905534E+001         4.3046572457E+001         8.6400311764E+002         7.9201609127E+002         1.4223540569E+000         1.7638688900E+000         
2019-09-01                22:00:59.585              243.58402297              5846.016551               244.58402297              1567375259.585            0                         963                       1.0000000000E+000         1.6000000000E+001         0.0000000000E+000         4.2268905534E+001         4.3046572457E+001         5.3857442673E+002         8.8343729865E+002         1.4223540569E+000         1.7638688900E+000         
2019-09-01                22:01:49.668              243.58460265              5846.030464               244.58460265              1567375309.669            0                         963                       1.0000000000E+000         2.0000000000E+000         0.0000000000E+000         4.2268905534E+001         4.3046572457E+001         6.0825590701E+002         5.5068868035E+002         1.4223540569E+000         1.7638688900E+000         
2019-09-01                22:02:39.905              243.58518410              5846.044418               244.58518410              1567375359.906            0                         963                       1.0000000000E+000         2.0000000000E+000         0.0000000000E+000         4.2268905534E+001         4.3046572457E+001         6.5452591269E+002         6.2193751898E+002         1.4223540569E+000         1.7638688900E+000         
2019-09-01                22:03:31.092              243.58577653              5846.058637               244.58577653              1567375411.092            0                         963                       1.0000000000E+000         1.6000000000E+001         0.0000000000E+000         4.2268905534E+001         4.3046572457E+001         4.9758678801E+002         6.6924828441E+002         1.4223540569E+000         1.7638688900E+000         
2019-09-01                22:04:20.354              243.58634669              5846.072321               244.58634669              1567375460.354            0                         963                       1.0000000000E+000         3.0000000000E+000         0.0000000000E+000         4.2268905534E+001         4.3046572457E+001         7.6132053125E+002         5.0877909914E+002         1.4223540569E+000         1.7638688900E+000         
2019-09-01                22:05:10.451              243.58692653              5846.086237               244.58692653              1567375510.452            0                         963                       1.0000000000E+000         3.0000000000E+000         0.0000000000E+000         4.2268905534E+001         4.3046572457E+001         8.3096988242E+002         7.7844505396E+002         1.4223540569E+000         1.7638688900E+000         
2019-09-01                22:06:00.651              243.58750753              5846.100181               244.58750753              1567375560.651            0                         963                       1.0000000000E+000         1.6000000000E+001         0.0000000000E+000         4.2268905534E+001         4.3046572457E+001         5.1229395502E+002         8.4966104080E+002         1.4223540569E+000         1.7638688900E+000         
2019-09-01                22:06:50.881              243.58808890              5846.114134               244.58808890              1567375610.881            0                         963                       1.0000000000E+000         4.0000000000E+000         0.0000000000E+000         4.2268905534E+001         4.3046572457E+001         9.3550002651E+002         5.2381707716E+002         1.4223540569E+000         1.7638688900E+000         
2019-09-01                22:07:39.164              243.58864773              5846.127546               244.58864773              1567375659.164            0                         963                       1.0000000000E+000         4.0000000000E+000         0.0000000000E+000         4.2268905534E+001         4.3046572457E+001         1.1041994207E+003         9.5654240064E+002         1.4223540569E+000         1.7638688900E+000         
2019-09-01                22:08:29.302              243.58922803              5846.141473               244.58922803              1567375709.302            0                         963                       1.0000000000E+000         1.6000000000E+001         0.0000000000E+000         4.2268905534E+001         4.3046572457E+001         6.2213952511E+002         1.1290363814E+003         1.4223540569E+000         1.7638688900E+000         
2019-09-01                22:09:20.529              243.58982094              5846.155703               244.58982094              1567375760.529            0                         963                       1.0000000000E+000         5.0000000000E+000         0.0000000000E+000         4.2268905534E+001         4.3046572457E+001         8.5192671821E+002         6.3613342386E+002         1.4223540569E+000         1.7638688900E+000         
2019-09-01                22:10:11.730              243.59041354              5846.169925               244.59041354              1567375811.730            0                         963                       1.0000000000E+000         5.0000000000E+000         0.0000000000E+000         4.2268905534E+001         4.3046572457E+001         9.8102474411E+002         8.7108926256E+002         1.4223540569E+000         1.7638688900E+000         
2019-09-01                22:11:01.838              243.59099351              5846.183844               244.59099351              1567375861.839            0                         963                       1.0000000000E+000         1.6000000000E+001         0.0000000000E+000         4.2268905534E+001         4.3046572457E+001         5.8237428521E+002         1.0030911141E+003         1.4223540569E+000         1.7638688900E+000         
2019-09-01                22:11:51.022              243.59156275              5846.197506               244.59156275              1567375911.022            0                         963                       1.0000000000E+000         6.0000000000E+000         0.0000000000E+000         4.2268905534E+001         4.3046572457E+001         7.3092452372E+002         5.9547373710E+002         1.4223540569E+000         1.7638688900E+000         
2019-09-01                22:12:41.250              243.59214411              5846.211459               244.59214411              1567375961.251            0                         963                       1.0000000000E+000         6.0000000000E+000         0.0000000000E+000         4.2268905534E+001         4.3046572457E+001         8.1816910406E+002         7.4736534345E+002         1.4223540569E+000         1.7638688900E+000         
2019-09-01                22:13:31.477              243.59272544              5846.225411               244.59272544              1567376011.478            0                         963                       1.0000000000E+000         1.6000000000E+001         0.0000000000E+000         4.2268905534E+001         4.3046572457E+001         5.2940066457E+002         8.3657233218E+002         1.4223540569E+000         1.7638688900E+000         
2019-09-01                22:14:21.848              243.59330843              5846.239402               244.59330843              1567376061.848            0                         963                       1.0000000000E+000         7.0000000000E+000         0.0000000000E+000         4.2268905534E+001         4.3046572457E+001         9.1440623017E+002         5.4130857108E+002         1.4223540569E+000         1.7638688900E+000         
2019-09-01                22:15:10.180              243.59386782              5846.252828               244.59386782              1567376110.180            0                         963                       1.0000000000E+000         7.0000000000E+000         0.0000000000E+000         4.2268905534E+001         4.3046572457E+001         1.0448458686E+003         9.3497413766E+002         1.4223540569E+000         1.7638688900E+000         
2019-09-01                22:16:00.414              243.59444925              5846.266782               244.59444925              1567376160.415            0                         963                       1.0000000000E+000         1.6000000000E+001         0.0000000000E+000         4.2268905534E+001         4.3046572457E+001         5.7328623786E+002         1.0683477789E+003         1.4223540569E+000         1.7638688900E+000         
2019-09-01                22:16:50.647              243.59503064              5846.280735               244.59503064              1567376210.647            0                         963                       1.0000000000E+000         8.0000000000E+000         0.0000000000E+000         4.2268905534E+001         4.3046572457E+001         6.2231512307E+002         5.8618127063E+002         1.4223540569E+000         1.7638688900E+000         
2019-09-01                22:17:39.813              243.59559970              5846.294393               244.59559970              1567376259.814            0                         963                       1.0000000000E+000         8.0000000000E+000         0.0000000000E+000         4.2268905534E+001         4.3046572457E+001         6.5783673573E+002         6.3631297158E+002         1.4223540569E+000         1.7638688900E+000         
2019-09-01                22:18:28.944              243.59616833              5846.308040               244.59616833              1567376308.944            0                         963                       1.0000000000E+000         1.6000000000E+001         0.0000000000E+000         4.2268905534E+001         4.3046572457E+001         4.8388383967E+002         6.7263357841E+002         1.4223540569E+000         1.7638688900E+000         
2019-09-01                22:19:20.138              243.59676087              5846.322261               244.59676087              1567376360.139            0                         963                       1.0000000000E+000         9.0000000000E+000         0.0000000000E+000         4.2268905534E+001         4.3046572457E+001         4.4402695814E+002         4.9476792786E+002         1.4223540569E+000         1.7638688900E+000         
2019-09-01                22:20:11.334              243.59735340              5846.336482               244.59735340              1567376411.334            0                         963                       1.0000000000E+000         9.0000000000E+000         0.0000000000E+000         4.2268905534E+001         4.3046572457E+001         4.3591810802E+002         4.5401453816E+002         1.4223540569E+000         1.7638688900E+000         
2019-09-01                22:21:01.454              243.59793351              5846.350404               244.59793351              1567376461.455            0                         963                       1.0000000000E+000         1.6000000000E+001         0.0000000000E+000         4.2268905534E+001         4.3046572457E+001         4.3599893150E+002         4.4572329419E+002         1.4223540569E+000         1.7638688900E+000         
2019-09-01                22:21:51.638              243.59851433              5846.364344               244.59851433              1567376511.638            0                         963                       1.0000000000E+000         1.0000000000E+001         0.0000000000E+000         4.2268905534E+001         4.3046572457E+001         4.3604766270E+002         4.4580593565E+002         1.4223540569E+000         1.7638688900E+000         
2019-09-01                22:22:41.845              243.59909543              5846.378290               244.59909543              1567376561.845            0                         963                       1.0000000000E+000         1.0000000000E+001         0.0000000000E+000         4.2268905534E+001         4.3046572457E+001         4.3603164919E+002         4.4585576297E+002         1.4223540569E+000         1.7638688900E+000         
2019-09-01                22:23:32.095              243.59967704              5846.392249               244.59967704              1567376612.096            0                         963                       1.0000000000E+000         1.6000000000E+001         0.0000000000E+000         4.2268905534E+001         4.3046572457E+001         4.3602593222E+002         4.4583938927E+002         1.4223540569E+000         1.7638688900E+000         
2019-09-01                22:24:21.345              243.60024706              5846.405929               244.60024706              1567376661.346            0                         963                       1.0000000000E+000         1.1000000000E+001         0.0000000000E+000         4.2268905534E+001         4.3046572457E+001         4.3599897810E+002         4.4583354370E+002         1.4223540569E+000         1.7638688900E+000         
2019-09-01                22:25:11.464              243.60082714              5846.419851               244.60082714              1567376711.465            0                         963                       1.0000000000E+000         1.1000000000E+001         0.0000000000E+000         4.2268905534E+001         4.3046572457E+001         4.3592719373E+002         4.4580598330E+002         1.4223540569E+000         1.7638688900E+000         
2019-09-01                22:26:01.684              243.60140839              5846.433801               244.60140839              1567376761.685            0                         963                       1.0000000000E+000         1.6000000000E+001         0.0000000000E+000         4.2268905534E+001         4.3046572457E+001         4.3590638579E+002         4.4573258427E+002         1.4223540569E+000         1.7638688900E+000         
2019-09-01                22:26:51.917              243.60198979              5846.447755               244.60198979              1567376811.918            0                         963                       1.0000000000E+000         1.2000000000E+001         0.0000000000E+000         4.2268905534E+001         4.3046572457E+001         4.3598928022E+002         4.4571130829E+002         1.4223540569E+000         1.7638688900E+000         
2019-09-01                22:27:41.161              243.60255973              5846.461434               244.60255973              1567376861.161            0                         963                       1.0000000000E+000         1.2000000000E+001         0.0000000000E+000         4.2268905534E+001         4.3046572457E+001         4.3605461075E+002         4.4579606728E+002         1.4223540569E+000         1.7638688900E+000         
2019-09-01                22:28:31.316              243.60314024              5846.475366               244.60314024              1567376911.317            0                         963                       1.0000000000E+000         1.6000000000E+001         0.0000000000E+000         4.2268905534E+001         4.3046572457E+001         4.3607899108E+002         4.4586286730E+002         1.4223540569E+000         1.7638688900E+000         
2019-09-01                22:29:22.506              243.60373271              5846.489585               244.60373271              1567376962.506            0                         963                       1.0000000000E+000         1.3000000000E+001         0.0000000000E+000         4.2268905534E+001         4.3046572457E+001         4.3609655360E+002         4.4588779602E+002         1.4223540569E+000         1.7638688900E+000         
2019-09-01                22:30:13.720              243.60432546              5846.503811               244.60432546              1567377013.720            0                         963                       1.0000000000E+000         1.3000000000E+001         0.0000000000E+000         4.2268905534E+001         4.3046572457E+001         4.3612853746E+002         4.4590575358E+002         1.4223540569E+000         1.7638688900E+000         
2019-09-01                22:31:04.003              243.60490744              5846.517779               244.60490744              1567377064.003            0                         963                       1.0000000000E+000         1.6000000000E+001         0.0000000000E+000         4.2268905534E+001         4.3046572457E+001         4.3618221316E+002         4.4593845686E+002         1.4223540569E+000         1.7638688900E+000         
2019-09-01                22:31:53.098              243.60547568              5846.531416               244.60547568              1567377113.099            0                         963                       1.0000000000E+000         1.4000000000E+001         0.0000000000E+000         4.2268905534E+001         4.3046572457E+001         4.3623612255E+002         4.4599333989E+002         1.4223540569E+000         1.7638688900E+000         
2019-09-01                22:32:44.280              243.60606807              5846.545634               244.60606807              1567377164.281            0                         963                       1.0000000000E+000         1.4000000000E+001         0.0000000000E+000         4.2268905534E+001         4.3046572457E+001         4.3627530384E+002         4.4604846188E+002         1.4223540569E+000         1.7638688900E+000         
2019-09-01                22:33:35.497              243.60666086              5846.559861               244.60666086              1567377215.498            0                         963                       1.0000000000E+000         1.6000000000E+001         0.0000000000E+000         4.2268905534E+001         4.3046572457E+001         4.3631515684E+002         4.4608852448E+002         1.4223540569E+000         1.7638688900E+000         
2019-09-01                22:34:25.617              243.60724094              5846.573783               244.60724094              1567377265.617            0                         963                       1.0000000000E+000         1.5000000000E+001         0.0000000000E+000         4.2268905534E+001         4.3046572457E+001         4.3636081176E+002         4.4612927390E+002         1.4223540569E+000         1.7638688900E+000         
2019-09-01                22:35:14.726              243.60780934              5846.587424               244.60780934              1567377314.727            0                         963                       1.0000000000E+000         1.5000000000E+001         0.0000000000E+000         4.2268905534E+001         4.3046572457E+001         4.3633513916E+002         4.4617595575E+002         1.4223540569E+000         1.7638688900E+000         
2019-09-01                22:36:05.905              243.60840169              5846.601641               244.60840169              1567377365.906            0                         963                       1.0000000000E+000         1.6000000000E+001         0.0000000000E+000         4.2268905534E+001         4.3046572457E+001         4.3628207508E+002         4.4614970569E+002         1.4223540569E+000         1.7638688900E+000         
2019-09-01                22:36:57.086              243.60899406              5846.615857               244.60899406              1567377417.087            0                         963                       1.0000000000E+000         1.6000000000E+001         0.0000000000E+000         4.2268905534E+001         4.3046572457E+001         4.3624668127E+002         4.4609544802E+002         1.4223540569E+000         1.7638688900E+000         
2019-09-01                22:37:47.414              243.60957656              5846.629837               244.60957656              1567377467.415            0                         963                       1.0000000000E+000         1.6000000000E+001         0.0000000000E+000         4.2268905534E+001         4.3046572457E+001         4.3621921220E+002         4.4605925810E+002         1.4223540569E+000         1.7638688900E+000         
2019-09-01                22:38:36.555              243.61014532              5846.643488               244.61014532              1567377516.556            0                         963                       1.0000000000E+000         1.6000000000E+001         0.0000000000E+000         4.2268905534E+001         4.3046572457E+001         4.3623229239E+002         4.4603117116E+002         1.4223540569E+000         1.7638688900E+000         
2019-09-01                22:39:27.808              243.61073852              5846.657724               244.61073852              1567377567.808            0                         963                       1.0000000000E+000         1.6000000000E+001         0.0000000000E+000         4.2268905534E+001         4.3046572457E+001         4.3626706257E+002         4.4604454557E+002         1.4223540569E+000         1.7638688900E+000         
2019-09-01                22:40:18.043              243.61131995              5846.671679               244.61131995              1567377618.044            0                         963                       1.0000000000E+000         1.6000000000E+001         0.0000000000E+000         4.2268905534E+001         4.3046572457E+001         4.3631264434E+002         4.4608009784E+002         1.4223540569E+000         1.7638688900E+000         
2019-09-01                22:41:07.158              243.61188841              5846.685322               244.61188841              1567377667.159            0                         963                       1.0000000000E+000         1.6000000000E+001         0.0000000000E+000         4.2268905534E+001         4.3046572457E+001         4.3633265009E+002         4.4612670489E+002         1.4223540569E+000         1.7638688900E+000         
2019-09-01                22:41:57.246              243.61246814              5846.699235               244.61246814              1567377717.247            0                         963                       1.0000000000E+000         1.6000000000E+001         0.0000000000E+000         4.2268905534E+001         4.3046572457E+001         4.3635127823E+002         4.4614716064E+002         1.4223540569E+000         1.7638688900E+000         
2019-09-01                22:42:47.471              243.61304944              5846.713187               244.61304944              1567377767.472            0                         963                       1.0000000000E+000         1.6000000000E+001         0.0000000000E+000         4.2268905534E+001         4.3046572457E+001         4.3636812923E+002         4.4616620778E+002         1.4223540569E+000         1.7638688900E+000         
2019-09-01                22:43:37.717              243.61363098              5846.727144               244.61363098              1567377817.717            0                         963                       1.0000000000E+000         1.6000000000E+001         0.0000000000E+000         4.2268905534E+001         4.3046572457E+001         4.3639631116E+002         4.4618343781E+002         1.4223540569E+000         1.7638688900E+000         
2019-09-01                22:44:27.835              243.61421105              5846.741065               244.61421105              1567377867.835            0                         963                       1.0000000000E+000         1.6000000000E+001         0.0000000000E+000         4.2268905534E+001         4.3046572457E+001         4.3642465875E+002         4.4621225365E+002         1.4223540569E+000         1.7638688900E+000         
2019-09-01                22:45:16.999              243.61478008              5846.754722               244.61478008              1567377916.999            0                         963                       1.0000000000E+000         1.6000000000E+001         0.0000000000E+000         4.2268905534E+001         4.3046572457E+001         4.3646156470E+002         4.4624123885E+002         1.4223540569E+000         1.7638688900E+000         
2019-09-01                22:46:07.210              243.61536123              5846.768669               244.61536123              1567377967.210            0                         963                       1.0000000000E+000         1.6000000000E+001         0.0000000000E+000         4.2268905534E+001         4.3046572457E+001         4.3649124790E+002         4.4627897494E+002         1.4223540569E+000         1.7638688900E+000         
2019-09-01                22:46:58.367              243.61595332              5846.782880               244.61595332              1567378018.367            0                         963                       1.0000000000E+000         1.0000000000E+000         0.0000000000E+000         4.2268905534E+001         4.3046572457E+001         6.1718969304E+002         4.4630932581E+002         1.4223540569E+000         1.7638688900E+000         
2019-09-01                22:47:48.457              243.61653307              5846.796794               244.61653307              1567378068.457            0                         963                       1.0000000000E+000         1.0000000000E+000         0.0000000000E+000         4.2268905534E+001         4.3046572457E+001         6.9272589575E+002         6.3107225431E+002         1.4223540569E+000         1.7638688900E+000         
2019-09-01                22:48:37.598              243.61710184              5846.810444               244.61710184              1567378117.599            0                         963                       1.0000000000E+000         1.6000000000E+001         0.0000000000E+000         4.2268905534E+001         4.3046572457E+001         5.1198261310E+002         7.0830750671E+002         1.4223540569E+000         1.7638688900E+000         
2019-09-01                22:49:28.802              243.61769448              5846.824667               244.61769448              1567378168.803            0                         963                       1.0000000000E+000         2.0000000000E+000         0.0000000000E+000         4.2268905534E+001         4.3046572457E+001         5.4104396565E+002         5.2349873217E+002         1.4223540569E+000         1.7638688900E+000         
2019-09-01                22:50:19.990              243.61828693              5846.838886               244.61828693              1567378219.991            0                         963                       1.0000000000E+000         2.0000000000E+000         0.0000000000E+000         4.2268905534E+001         4.3046572457E+001         5.8792573539E+002         5.5321376706E+002         1.4223540569E+000         1.7638688900E+000         
2019-09-01                22:51:10.081              243.61886668              5846.852800               244.61886668              1567378270.081            0                         963                       1.0000000000E+000         1.6000000000E+001         0.0000000000E+000         4.2268905534E+001         4.3046572457E+001         4.8334955281E+002         6.0115005707E+002         1.4223540569E+000         1.7638688900E+000         
2019-09-01                22:51:59.276              243.61943606              5846.866466               244.61943606              1567378319.276            0                         963                       1.0000000000E+000         3.0000000000E+000         0.0000000000E+000         4.2268905534E+001         4.3046572457E+001         6.0296332654E+002         4.9422162319E+002         1.4223540569E+000         1.7638688900E+000         
2019-09-01                22:52:49.476              243.62001708              5846.880410               244.62001708              1567378369.476            0                         963                       1.0000000000E+000         3.0000000000E+000         0.0000000000E+000         4.2268905534E+001         4.3046572457E+001         6.6078179397E+002         6.1652589153E+002         1.4223540569E+000         1.7638688900E+000         
2019-09-01                22:53:39.687              243.62059824              5846.894358               244.62059824              1567378419.688            0                         963                       1.0000000000E+000         1.6000000000E+001         0.0000000000E+000         4.2268905534E+001         4.3046572457E+001         4.9443142712E+002         6.7564488038E+002         1.4223540569E+000         1.7638688900E+000         
