DATE                      TIME                      FRAC_DAYS_SINCE_JAN1      FRAC_HRS_SINCE_JAN1       JULIAN_DAYS               EPOCH_TIME                ALARM_STATUS              INST_STATUS               species                   MPVPosition               solenoid_valves           CH4                       CH4_dry                   CO2                       CO2_dry                   H2O                       h2o_reported              
2019-04-23                05:21:47.213              111.89012978              2685.363115               112.89012978              1555996907.213            0                         963                       1.0000000000E+000         0.0000000000E+000         0.0000000000E+000         2.7212631084E+002         2.7568201807E+002         4.0928186286E+002         4.1583697049E+002         1.0150701005E+000         1.2738825314E+000         
2019-04-23                05:22:36.467              111.89069985              2685.376796               112.89069985              1555996956.467            0                         963                       1.0000000000E+000         0.0000000000E+000         0.0000000000E+000         2.7212631084E+002         2.7568201807E+002         4.0922602056E+002         4.1581875020E+002         1.0150701005E+000         1.2738825314E+000         
2019-04-23                05:23:24.759              111.89125878              2685.390211               112.89125878              1555997004.759            0                         963                       1.0000000000E+000         0.0000000000E+000         0.0000000000E+000         2.7212631084E+002         2.7568201807E+002         4.0915295102E+002         4.1576201601E+002         1.0150701005E+000         1.2738825314E+000         
2019-04-23                05:23:50.615              111.89155804              2685.397393               112.89155804              1555997030.615            0                         963                       2.0000000000E+000         0.0000000000E+000         0.0000000000E+000         1.7697854268E+001         2.7568201807E+002         4.0915295102E+002         4.1568777943E+002         1.0150701005E+000         1.2738825314E+000         
2019-04-23                05:24:11.052              111.89179458              2685.403070               112.89179458              1555997051.052            0                         963                       1.0000000000E+000         0.0000000000E+000         0.0000000000E+000         1.7697854268E+001         2.7568201807E+002         4.0911318803E+002         4.1568777943E+002         1.0150701005E+000         1.2738825314E+000         
2019-04-23                05:25:01.273              111.89237586              2685.417021               112.89237586              1555997101.274            0                         963                       1.0000000000E+000         0.0000000000E+000         0.0000000000E+000         1.7697854268E+001         1.7929101250E+001         4.0906941733E+002         4.1564738137E+002         1.0150701005E+000         1.2738825314E+000         
2019-04-23                05:25:04.898              111.89241780              2685.418027               112.89241780              1555997104.898            0                         963                       3.0000000000E+000         0.0000000000E+000         0.0000000000E+000         1.7697854268E+001         1.7930566579E+001         4.0906941733E+002         4.1564432987E+002         1.0277828201E+000         1.2893487843E+000         
2019-04-23                05:25:16.108              111.89254756              2685.421141               112.89254756              1555997116.109            0                         963                       2.0000000000E+000         0.0000000000E+000         0.0000000000E+000         1.6770720661E+001         1.7930566579E+001         4.0906941733E+002         4.1564432987E+002         1.0277828201E+000         1.2893487843E+000         
2019-04-23                05:25:35.987              111.89277764              2685.426663               112.89277764              1555997135.988            0                         963                       1.0000000000E+000         0.0000000000E+000         0.0000000000E+000         1.6770720661E+001         1.7930566579E+001         4.0904855252E+002         4.1564432987E+002         1.0277828201E+000         1.2893487843E+000         
2019-04-23                05:26:25.220              111.89334747              2685.440339               112.89334747              1555997185.221            0                         963                       1.0000000000E+000         0.0000000000E+000         0.0000000000E+000         1.6770720661E+001         1.6992631208E+001         4.0901109677E+002         4.1566456764E+002         1.0277828201E+000         1.2893487843E+000         
2019-04-23                05:27:15.634              111.89393095              2685.454343               112.89393095              1555997235.634            0                         963                       1.0000000000E+000         0.0000000000E+000         0.0000000000E+000         1.6770720661E+001         1.6992631208E+001         4.0895498094E+002         4.1562650607E+002         1.0277828201E+000         1.2893487843E+000         
2019-04-23                05:28:05.846              111.89451212              2685.468291               112.89451212              1555997285.847            0                         963                       1.0000000000E+000         0.0000000000E+000         0.0000000000E+000         1.6770720661E+001         1.6992631208E+001         4.0890933951E+002         4.1556948262E+002         1.0277828201E+000         1.2893487843E+000         
2019-04-23                05:28:55.109              111.89508229              2685.481975               112.89508229              1555997335.110            0                         963                       1.0000000000E+000         0.0000000000E+000         0.0000000000E+000         1.6770720661E+001         1.6992631208E+001         4.0885465940E+002         4.1552310298E+002         1.0277828201E+000         1.2893487843E+000         
2019-04-23                05:29:44.345              111.89565215              2685.495652               112.89565215              1555997384.346            0                         963                       1.0000000000E+000         0.0000000000E+000         0.0000000000E+000         1.6770720661E+001         1.6992631208E+001         4.0883593905E+002         4.1546753846E+002         1.0277828201E+000         1.2893487843E+000         
2019-04-23                05:30:34.767              111.89623574              2685.509658               112.89623574              1555997434.768            0                         963                       1.0000000000E+000         0.0000000000E+000         0.0000000000E+000         1.6770720661E+001         1.6992631208E+001         4.0883060979E+002         4.1544851533E+002         1.0277828201E+000         1.2893487843E+000         
2019-04-23                05:31:24.092              111.89680663              2685.523359               112.89680663              1555997484.093            0                         963                       1.0000000000E+000         0.0000000000E+000         0.0000000000E+000         1.6770720661E+001         1.6992631208E+001         4.0880131576E+002         4.1544309988E+002         1.0277828201E+000         1.2893487843E+000         
2019-04-23                05:32:12.384              111.89736557              2685.536774               112.89736557              1555997532.385            0                         963                       1.0000000000E+000         0.0000000000E+000         0.0000000000E+000         1.6770720661E+001         1.6992631208E+001         4.0876689284E+002         4.1541333204E+002         1.0277828201E+000         1.2893487843E+000         
2019-04-23                05:33:01.651              111.89793578              2685.550459               112.89793578              1555997581.651            0                         963                       1.0000000000E+000         0.0000000000E+000         0.0000000000E+000         1.6770720661E+001         1.6992631208E+001         4.0874830362E+002         4.1537835235E+002         1.0277828201E+000         1.2893487843E+000         
2019-04-23                05:33:50.892              111.89850571              2685.564137               112.89850571              1555997630.893            0                         963                       1.0000000000E+000         0.0000000000E+000         0.0000000000E+000         1.6770720661E+001         1.6992631208E+001         4.0874716063E+002         4.1535946247E+002         1.0277828201E+000         1.2893487843E+000         
2019-04-23                05:34:19.086              111.89883203              2685.571969               112.89883203              1555997659.087            0                         963                       2.0000000000E+000         0.0000000000E+000         0.0000000000E+000         2.6774026824E+002         1.6992631208E+001         4.0874716063E+002         4.1535830099E+002         1.0277828201E+000         1.2893487843E+000         
2019-04-23                05:34:39.325              111.89906627              2685.577591               112.89906627              1555997679.326            0                         963                       1.0000000000E+000         0.0000000000E+000         0.0000000000E+000         2.6774026824E+002         1.6992631208E+001         4.0871482604E+002         4.1535830099E+002         1.0277828201E+000         1.2893487843E+000         
2019-04-23                05:35:28.615              111.89963676              2685.591282               112.89963676              1555997728.616            0                         963                       1.0000000000E+000         0.0000000000E+000         0.0000000000E+000         2.6774026824E+002         2.7128301340E+002         4.0870387698E+002         4.1532544342E+002         1.0277828201E+000         1.2893487843E+000         
2019-04-23                05:36:17.880              111.90020694              2685.604967               112.90020694              1555997777.880            0                         963                       1.0000000000E+000         0.0000000000E+000         0.0000000000E+000         2.6774026824E+002         2.7128301340E+002         4.0871642590E+002         4.1531431727E+002         1.0277828201E+000         1.2893487843E+000         
2019-04-23                05:37:07.131              111.90077698              2685.618648               112.90077698              1555997827.131            0                         963                       1.0000000000E+000         0.0000000000E+000         0.0000000000E+000         2.6774026824E+002         2.7128301340E+002         4.0870344059E+002         4.1532706915E+002         1.0277828201E+000         1.2893487843E+000         
2019-04-23                05:37:56.420              111.90134745              2685.632339               112.90134745              1555997876.420            0                         963                       1.0000000000E+000         0.0000000000E+000         0.0000000000E+000         2.6774026824E+002         2.7128301340E+002         4.0870419951E+002         4.1531387382E+002         1.0277828201E+000         1.2893487843E+000         
2019-04-23                05:38:45.701              111.90191785              2685.646028               112.90191785              1555997925.702            0                         963                       1.0000000000E+000         0.0000000000E+000         0.0000000000E+000         2.6774026824E+002         2.7128301340E+002         4.0872301615E+002         4.1531464501E+002         1.0277828201E+000         1.2893487843E+000         
2019-04-23                05:39:33.973              111.90247654              2685.659437               112.90247654              1555997973.973            0                         963                       1.0000000000E+000         0.0000000000E+000         0.0000000000E+000         2.6774026824E+002         2.7128301340E+002         4.0871855993E+002         4.1533376600E+002         1.0277828201E+000         1.2893487843E+000         
2019-04-23                05:40:23.197              111.90304626              2685.673110               112.90304626              1555998023.197            0                         963                       1.0000000000E+000         0.0000000000E+000         0.0000000000E+000         2.6774026824E+002         2.7128301340E+002         4.0872446055E+002         4.1532923770E+002         1.0277828201E+000         1.2893487843E+000         
2019-04-23                05:41:13.615              111.90362981              2685.687116               112.90362981              1555998073.616            0                         963                       1.0000000000E+000         0.0000000000E+000         0.0000000000E+000         2.6774026824E+002         2.7128301340E+002         4.0875936774E+002         4.1533523375E+002         1.0277828201E+000         1.2893487843E+000         
2019-04-23                05:42:02.816              111.90419927              2685.700782               112.90419927              1555998122.817            0                         963                       1.0000000000E+000         0.0000000000E+000         0.0000000000E+000         2.6774026824E+002         2.7128301340E+002         4.0878596671E+002         4.1537070554E+002         1.0277828201E+000         1.2893487843E+000         
2019-04-23                05:42:52.042              111.90476902              2685.714456               112.90476902              1555998172.043            0                         963                       1.0000000000E+000         0.0000000000E+000         0.0000000000E+000         2.6774026824E+002         2.7128301340E+002         4.0880233235E+002         4.1539773473E+002         1.0277828201E+000         1.2893487843E+000         
2019-04-23                05:43:19.869              111.90509109              2685.722186               112.90509109              1555998199.870            0                         963                       2.0000000000E+000         0.0000000000E+000         0.0000000000E+000         1.8164522822E+001         2.7128301340E+002         4.0880233235E+002         4.1541436507E+002         1.0277828201E+000         1.2893487843E+000         
2019-04-23                05:43:40.382              111.90532851              2685.727884               112.90532851              1555998220.383            0                         963                       1.0000000000E+000         0.0000000000E+000         0.0000000000E+000         1.8164522822E+001         2.7128301340E+002         4.0882176222E+002         4.1541436507E+002         1.0277828201E+000         1.2893487843E+000         
2019-04-23                05:44:31.667              111.90592207              2685.742130               112.90592207              1555998271.667            0                         963                       1.0000000000E+000         0.0000000000E+000         0.0000000000E+000         1.8164522822E+001         1.8404876190E+001         4.0884470144E+002         4.1543410921E+002         1.0277828201E+000         1.2893487843E+000         
2019-04-23                05:45:20.921              111.90649215              2685.755812               112.90649215              1555998320.922            0                         963                       1.0000000000E+000         0.0000000000E+000         0.0000000000E+000         1.8164522822E+001         1.8404876190E+001         4.0887742007E+002         4.1545741945E+002         1.0277828201E+000         1.2893487843E+000         
2019-04-23                05:46:10.177              111.90706225              2685.769494               112.90706225              1555998370.178            0                         963                       1.0000000000E+000         0.0000000000E+000         0.0000000000E+000         1.8164522822E+001         1.8404876190E+001         4.0885844971E+002         4.1549066727E+002         1.0277828201E+000         1.2893487843E+000         
2019-04-23                05:46:59.464              111.90763270              2685.783185               112.90763270              1555998419.465            0                         963                       1.0000000000E+000         0.0000000000E+000         0.0000000000E+000         1.8164522822E+001         1.8404876190E+001         4.0883880080E+002         4.1547139008E+002         1.0277828201E+000         1.2893487843E+000         
2019-04-23                05:47:47.756              111.90819162              2685.796599               112.90819162              1555998467.756            0                         963                       1.0000000000E+000         0.0000000000E+000         0.0000000000E+000         1.8164522822E+001         1.8404876190E+001         4.0887169367E+002         4.1545142336E+002         1.0277828201E+000         1.2893487843E+000         
2019-04-23                05:48:36.986              111.90876142              2685.810274               112.90876142              1555998516.987            0                         963                       1.0000000000E+000         0.0000000000E+000         0.0000000000E+000         1.8164522822E+001         1.8404876190E+001         4.0890021168E+002         4.1548484825E+002         1.0277828201E+000         1.2893487843E+000         
2019-04-23                05:49:26.194              111.90933095              2685.823943               112.90933095              1555998566.194            0                         963                       1.0000000000E+000         0.0000000000E+000         0.0000000000E+000         1.8164522822E+001         1.8404876190E+001         4.0891981117E+002         4.1551382751E+002         1.0277828201E+000         1.2893487843E+000         
2019-04-23                05:50:16.569              111.90991399              2685.837936               112.90991399              1555998616.569            0                         963                       1.0000000000E+000         0.0000000000E+000         0.0000000000E+000         1.8164522822E+001         1.8404876190E+001         4.0892501957E+002         4.1553374401E+002         1.0277828201E+000         1.2893487843E+000         
2019-04-23                05:50:42.421              111.91021322              2685.845117               112.91021322              1555998642.422            0                         963                       2.0000000000E+000         0.0000000000E+000         0.0000000000E+000         1.8131628886E+001         1.8404876190E+001         4.0892501957E+002         4.1553903665E+002         1.0277828201E+000         1.2893487843E+000         
2019-04-23                05:51:02.872              111.91044992              2685.850798               112.91044992              1555998662.873            0                         963                       1.0000000000E+000         0.0000000000E+000         0.0000000000E+000         1.8131628886E+001         1.8404876190E+001         4.0894610650E+002         4.1553903665E+002         1.0277828201E+000         1.2893487843E+000         
2019-04-23                05:51:51.140              111.91100856              2685.864206               112.91100856              1555998711.140            0                         963                       1.0000000000E+000         0.0000000000E+000         0.0000000000E+000         1.8131628886E+001         1.8371547001E+001         4.0896294863E+002         4.1556046464E+002         1.0277828201E+000         1.2893487843E+000         
2019-04-23                05:52:40.391              111.91157861              2685.877887               112.91157861              1555998760.392            0                         963                       1.0000000000E+000         0.0000000000E+000         0.0000000000E+000         1.8131628886E+001         1.8371547001E+001         4.0897551107E+002         4.1557757919E+002         1.0277828201E+000         1.2893487843E+000         
2019-04-23                05:53:31.664              111.91217205              2685.892129               112.91217205              1555998811.665            0                         963                       1.0000000000E+000         0.0000000000E+000         0.0000000000E+000         1.8131628886E+001         1.8371547001E+001         4.0900302844E+002         4.1559034481E+002         1.0277828201E+000         1.2893487843E+000         
2019-04-23                05:54:21.895              111.91275343              2685.906082               112.91275343              1555998861.896            0                         963                       1.0000000000E+000         0.0000000000E+000         0.0000000000E+000         1.8131628886E+001         1.8371547001E+001         4.0900847817E+002         4.1561830725E+002         1.0277828201E+000         1.2893487843E+000         
2019-04-23                05:55:10.158              111.91331203              2685.919489               112.91331203              1555998910.159            0                         963                       1.0000000000E+000         0.0000000000E+000         0.0000000000E+000         1.8131628886E+001         1.8371547001E+001         4.0900226896E+002         4.1562384513E+002         1.0277828201E+000         1.2893487843E+000         
2019-04-23                05:55:59.444              111.91388245              2685.933179               112.91388245              1555998959.444            0                         963                       1.0000000000E+000         0.0000000000E+000         0.0000000000E+000         1.8131628886E+001         1.8371547001E+001         4.0902579096E+002         4.1561753549E+002         1.0277828201E+000         1.2893487843E+000         
2019-04-23                05:56:49.753              111.91446473              2685.947154               112.91446473              1555999009.753            0                         963                       1.0000000000E+000         0.0000000000E+000         0.0000000000E+000         1.8131628886E+001         1.8371547001E+001         4.0903578869E+002         4.1564143793E+002         1.0277828201E+000         1.2893487843E+000         
2019-04-23                05:57:40.119              111.91504769              2685.961144               112.91504769              1555999060.120            0                         963                       1.0000000000E+000         0.0000000000E+000         0.0000000000E+000         1.8131628886E+001         1.8371547001E+001         4.0903402939E+002         4.1565159737E+002         1.0277828201E+000         1.2893487843E+000         
2019-04-23                05:58:29.355              111.91561755              2685.974821               112.91561755              1555999109.356            0                         963                       1.0000000000E+000         0.0000000000E+000         0.0000000000E+000         1.8131628886E+001         1.8371547001E+001         4.0903956980E+002         4.1564980961E+002         1.0277828201E+000         1.2893487843E+000         
2019-04-23                05:59:18.592              111.91618742              2685.988498               112.91618742              1555999158.593            0                         963                       1.0000000000E+000         0.0000000000E+000         0.0000000000E+000         1.8131628886E+001         1.8371547001E+001         4.0905218685E+002         4.1565543964E+002         1.0277828201E+000         1.2893487843E+000         
2019-04-23                06:00:08.864              111.91676926              2686.002462               112.91676926              1555999208.864            0                         963                       1.0000000000E+000         0.0000000000E+000         0.0000000000E+000         1.8131628886E+001         1.8371547001E+001         4.0903385526E+002         4.1566826075E+002         1.0277828201E+000         1.2893487843E+000         
2019-04-23                06:00:57.118              111.91732775              2686.015866               112.91732775              1555999257.118            0                         963                       1.0000000000E+000         0.0000000000E+000         0.0000000000E+000         1.8131628886E+001         1.8371547001E+001         4.0898657209E+002         4.1564963267E+002         1.0277828201E+000         1.2893487843E+000         
2019-04-23                06:01:45.364              111.91788616              2686.029268               112.91788616              1555999305.364            0                         963                       1.0000000000E+000         0.0000000000E+000         0.0000000000E+000         1.8131628886E+001         1.8371547001E+001         4.0893659452E+002         4.1560158473E+002         1.0277828201E+000         1.2893487843E+000         
2019-04-23                06:02:34.581              111.91845580              2686.042939               112.91845580              1555999354.581            0                         963                       1.0000000000E+000         0.0000000000E+000         0.0000000000E+000         1.8131628886E+001         1.8371547001E+001         4.0890591821E+002         4.1555079882E+002         1.0277828201E+000         1.2893487843E+000         
2019-04-23                06:03:00.440              111.91875509              2686.050122               112.91875509              1555999380.440            0                         963                       2.0000000000E+000         0.0000000000E+000         0.0000000000E+000         1.8103716815E+001         1.8371547001E+001         4.0890591821E+002         4.1551962634E+002         1.0277828201E+000         1.2893487843E+000         
2019-04-23                06:03:20.878              111.91899166              2686.055800               112.91899166              1555999400.879            0                         963                       1.0000000000E+000         0.0000000000E+000         0.0000000000E+000         1.8103716815E+001         1.8371547001E+001         4.0883218997E+002         4.1551962634E+002         1.0277828201E+000         1.2893487843E+000         
2019-04-23                06:03:23.591              111.91902304              2686.056553               112.91902304              1555999403.591            0                         963                       3.0000000000E+000         0.0000000000E+000         0.0000000000E+000         1.8103716815E+001         1.8345729115E+001         4.0883218997E+002         4.1551273884E+002         1.0486714682E+000         1.3147372467E+000         
2019-04-23                06:03:56.657              111.91940575              2686.065738               112.91940575              1555999436.657            0                         963                       1.0000000000E+000         0.0000000000E+000         0.0000000000E+000         1.8103716815E+001         1.8345729115E+001         4.0884107831E+002         4.1551273884E+002         1.0486714682E+000         1.3147372467E+000         
2019-04-23                06:04:44.951              111.91996472              2686.079153               112.91996472              1555999484.952            0                         963                       1.0000000000E+000         0.0000000000E+000         0.0000000000E+000         1.8103716815E+001         1.8348194730E+001         4.0883034339E+002         4.1558986581E+002         1.0486714682E+000         1.3147372467E+000         
2019-04-23                06:05:34.305              111.92053594              2686.092863               112.92053594              1555999534.305            0                         963                       1.0000000000E+000         0.0000000000E+000         0.0000000000E+000         1.8103716815E+001         1.8348194730E+001         4.0877416595E+002         4.1557895369E+002         1.0486714682E+000         1.3147372467E+000         
2019-04-23                06:06:24.592              111.92111797              2686.106831               112.92111797              1555999584.593            0                         963                       1.0000000000E+000         0.0000000000E+000         0.0000000000E+000         1.8103716815E+001         1.8348194730E+001         4.0876996423E+002         4.1552184892E+002         1.0486714682E+000         1.3147372467E+000         
2019-04-23                06:07:14.960              111.92170093              2686.120822               112.92170093              1555999634.960            0                         963                       1.0000000000E+000         0.0000000000E+000         0.0000000000E+000         1.8103716815E+001         1.8348194730E+001         4.0874853664E+002         4.1551757784E+002         1.0486714682E+000         1.3147372467E+000         
2019-04-23                06:08:04.213              111.92227098              2686.134504               112.92227098              1555999684.213            0                         963                       1.0000000000E+000         0.0000000000E+000         0.0000000000E+000         1.8103716815E+001         1.8348194730E+001         4.0869588013E+002         4.1549579654E+002         1.0486714682E+000         1.3147372467E+000         
2019-04-23                06:08:53.515              111.92284161              2686.148199               112.92284161              1555999733.515            0                         963                       1.0000000000E+000         0.0000000000E+000         0.0000000000E+000         1.8103716815E+001         1.8348194730E+001         4.0866768577E+002         4.1544227083E+002         1.0486714682E+000         1.3147372467E+000         
2019-04-23                06:09:41.924              111.92340190              2686.161646               112.92340190              1555999781.924            0                         963                       1.0000000000E+000         0.0000000000E+000         0.0000000000E+000         1.8103716815E+001         1.8348194730E+001         4.0866171203E+002         4.1541361106E+002         1.0486714682E+000         1.3147372467E+000         
2019-04-23                06:10:31.163              111.92397179              2686.175323               112.92397179              1555999831.163            0                         963                       1.0000000000E+000         0.0000000000E+000         0.0000000000E+000         1.8103716815E+001         1.8348194730E+001         4.0869648587E+002         4.1540753872E+002         1.0486714682E+000         1.3147372467E+000         
2019-04-23                06:11:20.433              111.92454205              2686.189009               112.92454205              1555999880.433            0                         963                       1.0000000000E+000         0.0000000000E+000         0.0000000000E+000         1.8103716815E+001         1.8348194730E+001         4.0872571981E+002         4.1544288657E+002         1.0486714682E+000         1.3147372467E+000         
2019-04-23                06:12:09.719              111.92511249              2686.202700               112.92511249              1555999929.719            0                         963                       1.0000000000E+000         0.0000000000E+000         0.0000000000E+000         1.8103716815E+001         1.8348194730E+001         4.0874075073E+002         4.1547260307E+002         1.0486714682E+000         1.3147372467E+000         
2019-04-23                06:12:37.973              111.92543950              2686.210548               112.92543950              1555999957.973            0                         963                       2.0000000000E+000         0.0000000000E+000         0.0000000000E+000         1.7865442807E+001         1.8348194730E+001         4.0874075073E+002         4.1548788211E+002         1.0486714682E+000         1.3147372467E+000         
2019-04-23                06:12:58.076              111.92567219              2686.216132               112.92567219              1555999978.077            0                         963                       1.0000000000E+000         0.0000000000E+000         0.0000000000E+000         1.7865442807E+001         1.8348194730E+001         4.0878859174E+002         4.1548788211E+002         1.0486714682E+000         1.3147372467E+000         
2019-04-23                06:13:46.444              111.92623199              2686.229568               112.92623199              1556000026.444            0                         963                       1.0000000000E+000         0.0000000000E+000         0.0000000000E+000         1.7865442807E+001         1.8106702999E+001         4.0880381645E+002         4.1553651284E+002         1.0486714682E+000         1.3147372467E+000         
2019-04-23                06:14:34.742              111.92679100              2686.242984               112.92679100              1556000074.742            0                         963                       1.0000000000E+000         0.0000000000E+000         0.0000000000E+000         1.7865442807E+001         1.8106702999E+001         4.0885712731E+002         4.1555198886E+002         1.0486714682E+000         1.3147372467E+000         
2019-04-23                06:15:23.983              111.92736093              2686.256662               112.92736093              1556000123.984            0                         963                       1.0000000000E+000         0.0000000000E+000         0.0000000000E+000         1.7865442807E+001         1.8106702999E+001         4.0888799270E+002         4.1560617973E+002         1.0486714682E+000         1.3147372467E+000         
2019-04-23                06:16:13.315              111.92793190              2686.270366               112.92793190              1556000173.316            0                         963                       1.0000000000E+000         0.0000000000E+000         0.0000000000E+000         1.7865442807E+001         1.8106702999E+001         4.0888638685E+002         4.1563755463E+002         1.0486714682E+000         1.3147372467E+000         
2019-04-23                06:17:01.598              111.92849072              2686.283777               112.92849072              1556000221.598            0                         963                       1.0000000000E+000         0.0000000000E+000         0.0000000000E+000         1.7865442807E+001         1.8106702999E+001         4.0891380037E+002         4.1563592226E+002         1.0486714682E+000         1.3147372467E+000         
2019-04-23                06:17:50.898              111.92906132              2686.297472               112.92906132              1556000270.898            0                         963                       1.0000000000E+000         0.0000000000E+000         0.0000000000E+000         1.7865442807E+001         1.8106702999E+001         4.0895674722E+002         4.1566378830E+002         1.0486714682E+000         1.3147372467E+000         
2019-04-23                06:18:39.167              111.92961999              2686.310880               112.92961999              1556000319.167            0                         963                       1.0000000000E+000         0.0000000000E+000         0.0000000000E+000         1.7865442807E+001         1.8106702999E+001         4.0897919173E+002         4.1570744408E+002         1.0486714682E+000         1.3147372467E+000         
2019-04-23                06:19:28.421              111.93019007              2686.324562               112.93019007              1556000368.422            0                         963                       1.0000000000E+000         0.0000000000E+000         0.0000000000E+000         1.7865442807E+001         1.8106702999E+001         4.0900328510E+002         4.1573025909E+002         1.0486714682E+000         1.3147372467E+000         
2019-04-23                06:19:55.627              111.93050494              2686.332119               112.93050494              1556000395.627            0                         963                       2.0000000000E+000         0.0000000000E+000         0.0000000000E+000         1.7990884939E+001         1.8106702999E+001         4.0900328510E+002         4.1575475017E+002         1.0486714682E+000         1.3147372467E+000         
2019-04-23                06:20:15.756              111.93073793              2686.337710               112.93073793              1556000415.757            0                         963                       1.0000000000E+000         0.0000000000E+000         0.0000000000E+000         1.7990884939E+001         1.8106702999E+001         4.0906003204E+002         4.1575475017E+002         1.0486714682E+000         1.3147372467E+000         
2019-04-23                06:21:05.016              111.93130806              2686.351393               112.93130806              1556000465.016            0                         963                       1.0000000000E+000         0.0000000000E+000         0.0000000000E+000         1.7990884939E+001         1.8233839139E+001         4.0911754283E+002         4.1581243384E+002         1.0486714682E+000         1.3147372467E+000         
2019-04-23                06:21:54.252              111.93187792              2686.365070               112.93187792              1556000514.252            0                         963                       1.0000000000E+000         0.0000000000E+000         0.0000000000E+000         1.7990884939E+001         1.8233839139E+001         4.0916886235E+002         4.1587089397E+002         1.0486714682E+000         1.3147372467E+000         
