DATE                      TIME                      FRAC_DAYS_SINCE_JAN1      FRAC_HRS_SINCE_JAN1       JULIAN_DAYS               EPOCH_TIME                ALARM_STATUS              INST_STATUS               species                   MPVPosition               solenoid_valves           CH4                       CH4_dry                   CO2                       CO2_dry                   H2O                       h2o_reported              
2019-04-02                00:25:34.480              90.68442686               2176.426245               91.68442686               1554164734.481            0                         963                       1.0000000000E+000         0.0000000000E+000         0.0000000000E+000         2.0922620172E+000         2.1103144091E+000         4.3858568055E+002         4.4336469166E+002         6.7299722724E-001         8.5336999747E-001         
2019-04-02                00:26:23.802              90.68499772               2176.439945               91.68499772               1554164783.803            0                         963                       1.0000000000E+000         0.0000000000E+000         0.0000000000E+000         2.0922620172E+000         2.1103144091E+000         4.3838415081E+002         4.4321065977E+002         6.7299722724E-001         8.5336999747E-001         
2019-04-02                00:27:13.023              90.68556740               2176.453618               91.68556740               1554164833.023            0                         963                       1.0000000000E+000         0.0000000000E+000         0.0000000000E+000         2.0922620172E+000         2.1103144091E+000         4.3819169492E+002         4.4300700486E+002         6.7299722724E-001         8.5336999747E-001         
2019-04-02                00:28:02.257              90.68613725               2176.467294               91.68613725               1554164882.258            0                         963                       1.0000000000E+000         0.0000000000E+000         0.0000000000E+000         2.0922620172E+000         2.1103144091E+000         4.3801112132E+002         4.4281251948E+002         6.7299722724E-001         8.5336999747E-001         
2019-04-02                00:28:51.519              90.68670740               2176.480978               91.68670740               1554164931.519            0                         963                       1.0000000000E+000         0.0000000000E+000         0.0000000000E+000         2.0922620172E+000         2.1103144091E+000         4.3777743605E+002         4.4263004169E+002         6.7299722724E-001         8.5336999747E-001         
2019-04-02                00:29:17.805              90.68701163               2176.488279               91.68701163               1554164957.805            0                         963                       2.0000000000E+000         0.0000000000E+000         0.0000000000E+000         1.2490386426E+001         2.1103144091E+000         4.3777743605E+002         4.4239389216E+002         6.7299722724E-001         8.5336999747E-001         
2019-04-02                00:29:37.959              90.68724490               2176.493878               91.68724490               1554164977.959            0                         963                       1.0000000000E+000         0.0000000000E+000         0.0000000000E+000         1.2490386426E+001         2.1103144091E+000         4.3750964059E+002         4.4239389216E+002         6.7299722724E-001         8.5336999747E-001         
2019-04-02                00:30:05.223              90.68756046               2176.501451               91.68756046               1554165005.224            0                         963                       2.0000000000E+000         0.0000000000E+000         0.0000000000E+000         1.2236252376E+001         1.2598155601E+001         4.3750964059E+002         4.4212327274E+002         6.7299722724E-001         8.5336999747E-001         
2019-04-02                00:30:25.339              90.68779329               2176.507039               91.68779329               1554165025.340            0                         963                       1.0000000000E+000         0.0000000000E+000         0.0000000000E+000         1.2236252376E+001         1.2598155601E+001         4.3730856743E+002         4.4212327274E+002         6.7299722724E-001         8.5336999747E-001         
2019-04-02                00:31:14.578              90.68836317               2176.520716               91.68836317               1554165074.578            0                         963                       1.0000000000E+000         0.0000000000E+000         0.0000000000E+000         1.2236252376E+001         1.2341828839E+001         4.3725173087E+002         4.4192007922E+002         6.7299722724E-001         8.5336999747E-001         
2019-04-02                00:32:03.789              90.68893274               2176.534386               91.68893274               1554165123.789            0                         963                       1.0000000000E+000         0.0000000000E+000         0.0000000000E+000         1.2236252376E+001         1.2341828839E+001         4.3712772169E+002         4.4186264330E+002         6.7299722724E-001         8.5336999747E-001         
2019-04-02                00:32:53.036              90.68950273               2176.548066               91.68950273               1554165173.036            0                         963                       1.0000000000E+000         0.0000000000E+000         0.0000000000E+000         1.2236252376E+001         1.2341828839E+001         4.3702767276E+002         4.4173732643E+002         6.7299722724E-001         8.5336999747E-001         
2019-04-02                00:33:42.295              90.69007286               2176.561749               91.69007286               1554165222.295            0                         963                       1.0000000000E+000         0.0000000000E+000         0.0000000000E+000         1.2236252376E+001         1.2341828839E+001         4.3707607580E+002         4.4163622245E+002         6.7299722724E-001         8.5336999747E-001         
2019-04-02                00:34:09.601              90.69038891               2176.569334               91.69038891               1554165249.602            0                         963                       2.0000000000E+000         0.0000000000E+000         0.0000000000E+000         1.2695223754E+001         1.2341828839E+001         4.3707607580E+002         4.4168513592E+002         6.7299722724E-001         8.5336999747E-001         
2019-04-02                00:34:29.701              90.69062155               2176.574917               91.69062155               1554165269.702            0                         963                       1.0000000000E+000         0.0000000000E+000         0.0000000000E+000         1.2695223754E+001         1.2341828839E+001         4.3708835040E+002         4.4168513592E+002         6.7299722724E-001         8.5336999747E-001         
2019-04-02                00:34:59.381              90.69096506               2176.583161               91.69096506               1554165299.381            0                         963                       2.0000000000E+000         0.0000000000E+000         0.0000000000E+000         1.7980581837E+002         1.2804760300E+001         4.3708835040E+002         4.4169753995E+002         6.7299722724E-001         8.5336999747E-001         
2019-04-02                00:35:19.137              90.69119372               2176.588649               91.69119372               1554165319.137            0                         963                       1.0000000000E+000         0.0000000000E+000         0.0000000000E+000         1.7980581837E+002         1.2804760300E+001         4.3708274002E+002         4.4169753995E+002         6.7299722724E-001         8.5336999747E-001         
2019-04-02                00:35:46.401              90.69150928               2176.596223               91.69150928               1554165346.402            0                         963                       2.0000000000E+000         0.0000000000E+000         0.0000000000E+000         1.2671216088E+001         1.8135721350E+002         4.3708274002E+002         4.4169187042E+002         6.7299722724E-001         8.5336999747E-001         
2019-04-02                00:36:06.523              90.69174218               2176.601812               91.69174218               1554165366.524            0                         963                       1.0000000000E+000         0.0000000000E+000         0.0000000000E+000         1.2671216088E+001         1.8135721350E+002         4.3707869073E+002         4.4169187042E+002         6.7299722724E-001         8.5336999747E-001         
2019-04-02                00:36:34.609              90.69206725               2176.609614               91.69206725               1554165394.610            0                         963                       2.0000000000E+000         0.0000000000E+000         0.0000000000E+000         1.2649558817E+001         1.2780545492E+001         4.3707869073E+002         4.4168777843E+002         6.7299722724E-001         8.5336999747E-001         
2019-04-02                00:36:54.921              90.69230234               2176.615256               91.69230234               1554165414.922            0                         963                       1.0000000000E+000         0.0000000000E+000         0.0000000000E+000         1.2649558817E+001         1.2780545492E+001         4.3706083344E+002         4.4168777843E+002         6.7299722724E-001         8.5336999747E-001         
2019-04-02                00:37:23.446              90.69263248               2176.623179               91.69263248               1554165443.446            0                         963                       2.0000000000E+000         0.0000000000E+000         0.0000000000E+000         1.2404603030E+001         1.2758701358E+001         4.3706083344E+002         4.4166973282E+002         6.7299722724E-001         8.5336999747E-001         
2019-04-02                00:37:43.371              90.69286310               2176.628714               91.69286310               1554165463.372            0                         963                       1.0000000000E+000         0.0000000000E+000         0.0000000000E+000         1.2404603030E+001         1.2758701358E+001         4.3699578938E+002         4.4166973282E+002         6.7299722724E-001         8.5336999747E-001         
2019-04-02                00:38:32.618              90.69343308               2176.642394               91.69343308               1554165512.618            0                         963                       1.0000000000E+000         0.0000000000E+000         0.0000000000E+000         1.2404603030E+001         1.2511632051E+001         4.3696654390E+002         4.4160400286E+002         6.7299722724E-001         8.5336999747E-001         
2019-04-02                00:39:21.898              90.69400345               2176.656083               91.69400345               1554165561.898            0                         963                       1.0000000000E+000         0.0000000000E+000         0.0000000000E+000         1.2404603030E+001         1.2511632051E+001         4.3691617852E+002         4.4157444898E+002         6.7299722724E-001         8.5336999747E-001         
2019-04-02                00:39:48.178              90.69430763               2176.663383               91.69430763               1554165588.179            0                         963                       2.0000000000E+000         0.0000000000E+000         0.0000000000E+000         1.9659070220E+002         1.2511632051E+001         4.3691617852E+002         4.4152355248E+002         6.7299722724E-001         8.5336999747E-001         
2019-04-02                00:40:08.306              90.69454059               2176.668974               91.69454059               1554165608.307            0                         963                       1.0000000000E+000         0.0000000000E+000         0.0000000000E+000         1.9659070220E+002         1.2511632051E+001         4.3677017978E+002         4.4152355248E+002         6.7299722724E-001         8.5336999747E-001         
2019-04-02                00:40:56.566              90.69509916               2176.682380               91.69509916               1554165656.567            0                         963                       1.0000000000E+000         0.0000000000E+000         0.0000000000E+000         1.9659070220E+002         1.9828692016E+002         4.3668430773E+002         4.4137601416E+002         6.7299722724E-001         8.5336999747E-001         
2019-04-02                00:41:45.826              90.69566929               2176.696063               91.69566929               1554165705.827            0                         963                       1.0000000000E+000         0.0000000000E+000         0.0000000000E+000         1.9659070220E+002         1.9828692016E+002         4.3653694118E+002         4.4128923657E+002         6.7299722724E-001         8.5336999747E-001         
2019-04-02                00:42:35.046              90.69623897               2176.709735               91.69623897               1554165755.047            0                         963                       1.0000000000E+000         0.0000000000E+000         0.0000000000E+000         1.9659070220E+002         1.9828692016E+002         4.3636000967E+002         4.4114031601E+002         6.7299722724E-001         8.5336999747E-001         
2019-04-02                00:43:24.299              90.69680902               2176.723416               91.69680902               1554165804.299            0                         963                       1.0000000000E+000         0.0000000000E+000         0.0000000000E+000         1.9659070220E+002         1.9828692016E+002         4.3622055214E+002         4.4096151872E+002         6.7299722724E-001         8.5336999747E-001         
2019-04-02                00:44:12.598              90.69736804               2176.736833               91.69736804               1554165852.599            0                         963                       1.0000000000E+000         0.0000000000E+000         0.0000000000E+000         1.9659070220E+002         1.9828692016E+002         4.3606144755E+002         4.4082059058E+002         6.7299722724E-001         8.5336999747E-001         
2019-04-02                00:45:01.835              90.69793792               2176.750510               91.69793792               1554165901.836            0                         963                       1.0000000000E+000         0.0000000000E+000         0.0000000000E+000         1.9659070220E+002         1.9828692016E+002         4.3588024762E+002         4.4065980819E+002         6.7299722724E-001         8.5336999747E-001         
2019-04-02                00:45:51.035              90.69850735               2176.764176               91.69850735               1554165951.035            0                         963                       1.0000000000E+000         0.0000000000E+000         0.0000000000E+000         1.9659070220E+002         1.9828692016E+002         4.3571187542E+002         4.4047669748E+002         6.7299722724E-001         8.5336999747E-001         
2019-04-02                00:46:40.263              90.69907712               2176.777851               91.69907712               1554166000.263            0                         963                       1.0000000000E+000         0.0000000000E+000         0.0000000000E+000         1.9659070220E+002         1.9828692016E+002         4.3552816637E+002         4.4030654976E+002         6.7299722724E-001         8.5336999747E-001         
2019-04-02                00:47:29.496              90.69964696               2176.791527               91.69964696               1554166049.497            0                         963                       1.0000000000E+000         0.0000000000E+000         0.0000000000E+000         1.9659070220E+002         1.9828692016E+002         4.3548678609E+002         4.4012090345E+002         6.7299722724E-001         8.5336999747E-001         
2019-04-02                00:47:56.401              90.69995834               2176.799000               91.69995834               1554166076.401            0                         963                       2.0000000000E+000         0.0000000000E+000         0.0000000000E+000         8.5718724232E+001         1.9828692016E+002         4.3548678609E+002         4.4007908681E+002         6.7299722724E-001         8.5336999747E-001         
2019-04-02                00:48:16.894              90.70019554               2176.804693               91.70019554               1554166096.895            0                         963                       1.0000000000E+000         0.0000000000E+000         0.0000000000E+000         8.5718724232E+001         1.9828692016E+002         4.3554724836E+002         4.4007908681E+002         6.7299722724E-001         8.5336999747E-001         
2019-04-02                00:48:44.417              90.70051410               2176.812338               91.70051410               1554166124.418            0                         963                       2.0000000000E+000         0.0000000000E+000         0.0000000000E+000         1.8139633667E+002         8.6458319937E+001         4.3554724836E+002         4.4014018667E+002         6.7299722724E-001         8.5336999747E-001         
2019-04-02                00:49:04.311              90.70074434               2176.817864               91.70074434               1554166144.311            0                         963                       1.0000000000E+000         0.0000000000E+000         0.0000000000E+000         1.8139633667E+002         8.6458319937E+001         4.3548509002E+002         4.4014018667E+002         6.7299722724E-001         8.5336999747E-001         
2019-04-02                00:49:29.585              90.70103686               2176.824885               91.70103686               1554166169.585            0                         963                       2.0000000000E+000         0.0000000000E+000         0.0000000000E+000         2.2266280962E+000         1.8296145506E+002         4.3548509002E+002         4.4007737285E+002         6.7299722724E-001         8.5336999747E-001         
2019-04-02                00:49:50.641              90.70128058               2176.830734               91.70128058               1554166190.642            0                         963                       1.0000000000E+000         0.0000000000E+000         0.0000000000E+000         2.2266280962E+000         1.8296145506E+002         4.3539382407E+002         4.4007737285E+002         6.7299722724E-001         8.5336999747E-001         
2019-04-02                00:50:39.868              90.70185034               2176.844408               91.70185034               1554166239.869            0                         963                       1.0000000000E+000         0.0000000000E+000         0.0000000000E+000         2.2266280962E+000         2.2458398215E+000         4.3531159653E+002         4.3998514448E+002         6.7299722724E-001         8.5336999747E-001         
2019-04-02                00:51:29.096              90.70242010               2176.858082               91.70242010               1554166289.097            0                         963                       1.0000000000E+000         0.0000000000E+000         0.0000000000E+000         2.2266280962E+000         2.2458398215E+000         4.3516507845E+002         4.3990204984E+002         6.7299722724E-001         8.5336999747E-001         
2019-04-02                00:51:57.329              90.70274687               2176.865925               91.70274687               1554166317.330            0                         963                       2.0000000000E+000         0.0000000000E+000         0.0000000000E+000         1.2352981151E+001         2.2458398215E+000         4.3516507845E+002         4.3975398669E+002         6.7299722724E-001         8.5336999747E-001         
2019-04-02                00:52:17.552              90.70298094               2176.871542               91.70298094               1554166337.553            0                         963                       1.0000000000E+000         0.0000000000E+000         0.0000000000E+000         1.2352981151E+001         2.2458398215E+000         4.3500960761E+002         4.3975398669E+002         6.7299722724E-001         8.5336999747E-001         
2019-04-02                00:53:06.829              90.70355127               2176.885231               91.70355127               1554166386.830            0                         963                       1.0000000000E+000         0.0000000000E+000         0.0000000000E+000         1.2352981151E+001         1.2459564769E+001         4.3493249060E+002         4.3959687638E+002         6.7299722724E-001         8.5336999747E-001         
2019-04-02                00:53:56.085              90.70412137               2176.898913               91.70412137               1554166436.086            0                         963                       1.0000000000E+000         0.0000000000E+000         0.0000000000E+000         1.2352981151E+001         1.2459564769E+001         4.3485246861E+002         4.3951894615E+002         6.7299722724E-001         8.5336999747E-001         
2019-04-02                00:54:44.358              90.70468007               2176.912322               91.70468007               1554166484.358            0                         963                       1.0000000000E+000         0.0000000000E+000         0.0000000000E+000         1.2352981151E+001         1.2459564769E+001         4.3475551141E+002         4.3943808032E+002         6.7299722724E-001         8.5336999747E-001         
2019-04-02                00:55:11.608              90.70499547               2176.919891               91.70499547               1554166511.609            0                         963                       2.0000000000E+000         0.0000000000E+000         0.0000000000E+000         1.2760252644E+001         1.2459564769E+001         4.3475551141E+002         4.3934010068E+002         6.7299722724E-001         8.5336999747E-001         
2019-04-02                00:55:31.733              90.70522840               2176.925482               91.70522840               1554166531.734            0                         963                       1.0000000000E+000         0.0000000000E+000         0.0000000000E+000         1.2760252644E+001         1.2459564769E+001         4.3459290840E+002         4.3934010068E+002         6.7299722724E-001         8.5336999747E-001         
2019-04-02                00:56:00.229              90.70555821               2176.933397               91.70555821               1554166560.229            0                         963                       2.0000000000E+000         0.0000000000E+000         0.0000000000E+000         1.7823076755E+002         1.2870350270E+001         4.3459290840E+002         4.3917578299E+002         6.7299722724E-001         8.5336999747E-001         
2019-04-02                00:56:20.124              90.70578847               2176.938923               91.70578847               1554166580.124            0                         963                       1.0000000000E+000         0.0000000000E+000         0.0000000000E+000         1.7823076755E+002         1.2870350270E+001         4.3437999272E+002         4.3917578299E+002         6.7299722724E-001         8.5336999747E-001         
2019-04-02                00:56:48.214              90.70611360               2176.946726               91.70611360               1554166608.215            0                         963                       2.0000000000E+000         0.0000000000E+000         0.0000000000E+000         1.2101466836E+001         1.7976857287E+002         4.3437999272E+002         4.3896062206E+002         6.7299722724E-001         8.5336999747E-001         
2019-04-02                00:57:08.529              90.70634872               2176.952369               91.70634872               1554166628.529            0                         963                       1.0000000000E+000         0.0000000000E+000         0.0000000000E+000         1.2101466836E+001         1.7976857287E+002         4.3426935888E+002         4.3896062206E+002         6.7299722724E-001         8.5336999747E-001         
2019-04-02                00:57:57.772              90.70691866               2176.966048               91.70691866               1554166677.772            0                         963                       1.0000000000E+000         0.0000000000E+000         0.0000000000E+000         1.2101466836E+001         1.2205880346E+001         4.3414464867E+002         4.3884882157E+002         6.7299722724E-001         8.5336999747E-001         
2019-04-02                00:58:26.253              90.70724831               2176.973959               91.70724831               1554166706.254            0                         963                       2.0000000000E+000         0.0000000000E+000         0.0000000000E+000         1.7940853851E+002         1.2205880346E+001         4.3414464867E+002         4.3872279627E+002         6.7299722724E-001         8.5336999747E-001         
2019-04-02                00:58:46.144              90.70747853               2176.979485               91.70747853               1554166726.145            0                         963                       1.0000000000E+000         0.0000000000E+000         0.0000000000E+000         1.7940853851E+002         1.2205880346E+001         4.3394731668E+002         4.3872279627E+002         6.7299722724E-001         8.5336999747E-001         
2019-04-02                00:59:13.408              90.70779409               2176.987058               91.70779409               1554166753.409            0                         963                       2.0000000000E+000         0.0000000000E+000         0.0000000000E+000         1.2848814297E+001         1.8095650584E+002         4.3394731668E+002         4.3852338337E+002         6.7299722724E-001         8.5336999747E-001         
2019-04-02                00:59:33.535              90.70802703               2176.992649               91.70802703               1554166773.535            0                         963                       1.0000000000E+000         0.0000000000E+000         0.0000000000E+000         1.2848814297E+001         1.8095650584E+002         4.3373876560E+002         4.3852338337E+002         6.7299722724E-001         8.5336999747E-001         
2019-04-02                01:00:22.796              90.70859719               2177.006332               91.70859719               1554166822.797            0                         963                       1.0000000000E+000         0.0000000000E+000         0.0000000000E+000         1.2848814297E+001         1.2959676048E+001         4.3359737017E+002         4.3831263307E+002         6.7299722724E-001         8.5336999747E-001         
2019-04-02                01:01:12.033              90.70916706               2177.020009               91.70916706               1554166872.034            0                         963                       1.0000000000E+000         0.0000000000E+000         0.0000000000E+000         1.2848814297E+001         1.2959676048E+001         4.3340471743E+002         4.3816974659E+002         6.7299722724E-001         8.5336999747E-001         
2019-04-02                01:02:01.237              90.70973655               2177.033677               91.70973655               1554166921.238            0                         963                       1.0000000000E+000         0.0000000000E+000         0.0000000000E+000         1.2848814297E+001         1.2959676048E+001         4.3323759906E+002         4.3797506230E+002         6.7299722724E-001         8.5336999747E-001         
2019-04-02                01:02:50.487              90.71030657               2177.047358               91.71030657               1554166970.488            0                         963                       1.0000000000E+000         0.0000000000E+000         0.0000000000E+000         1.2848814297E+001         1.2959676048E+001         4.3307438281E+002         4.3780618162E+002         6.7299722724E-001         8.5336999747E-001         
2019-04-02                01:03:38.769              90.71086539               2177.060769               91.71086539               1554167018.770            0                         963                       1.0000000000E+000         0.0000000000E+000         0.0000000000E+000         1.2848814297E+001         1.2959676048E+001         4.3288213935E+002         4.3764124422E+002         6.7299722724E-001         8.5336999747E-001         
2019-04-02                01:04:27.999              90.71143517               2177.074444               91.71143517               1554167067.999            0                         963                       1.0000000000E+000         0.0000000000E+000         0.0000000000E+000         1.2848814297E+001         1.2959676048E+001         4.3275805069E+002         4.3744697351E+002         6.7299722724E-001         8.5336999747E-001         
2019-04-02                01:05:17.232              90.71200500               2177.088120               91.71200500               1554167117.232            0                         963                       1.0000000000E+000         0.0000000000E+000         0.0000000000E+000         1.2848814297E+001         1.2959676048E+001         4.3274220016E+002         4.3732157631E+002         6.7299722724E-001         8.5336999747E-001         
2019-04-02                01:06:06.450              90.71257466               2177.101792               91.71257466               1554167166.451            0                         963                       1.0000000000E+000         0.0000000000E+000         0.0000000000E+000         1.2848814297E+001         1.2959676048E+001         4.3277087015E+002         4.3730555864E+002         6.7299722724E-001         8.5336999747E-001         
2019-04-02                01:06:55.701              90.71314470               2177.115473               91.71314470               1554167215.702            0                         963                       1.0000000000E+000         0.0000000000E+000         0.0000000000E+000         1.2848814297E+001         1.2959676048E+001         4.3275352096E+002         4.3733453095E+002         6.7299722724E-001         8.5336999747E-001         
2019-04-02                01:07:43.960              90.71370324               2177.128878               91.71370324               1554167263.960            0                         963                       1.0000000000E+000         0.0000000000E+000         0.0000000000E+000         1.2848814297E+001         1.2959676048E+001         4.3270063036E+002         4.3731699881E+002         6.7299722724E-001         8.5336999747E-001         
2019-04-02                01:08:10.382              90.71400906               2177.136217               91.71400906               1554167290.383            0                         963                       2.0000000000E+000         0.0000000000E+000         0.0000000000E+000         1.2497094364E+001         1.2959676048E+001         4.3270063036E+002         4.3726355047E+002         6.7299722724E-001         8.5336999747E-001         
2019-04-02                01:08:31.328              90.71425149               2177.142036               91.71425149               1554167311.329            0                         963                       1.0000000000E+000         0.0000000000E+000         0.0000000000E+000         1.2497094364E+001         1.2959676048E+001         4.3264372342E+002         4.3726355047E+002         6.7299722724E-001         8.5336999747E-001         
2019-04-02                01:09:20.608              90.71482186               2177.155725               91.71482186               1554167360.609            0                         963                       1.0000000000E+000         0.0000000000E+000         0.0000000000E+000         1.2497094364E+001         1.2604921416E+001         4.3257847190E+002         4.3720604344E+002         6.7299722724E-001         8.5336999747E-001         
2019-04-02                01:10:09.842              90.71539169               2177.169401               91.71539169               1554167409.842            0                         963                       1.0000000000E+000         0.0000000000E+000         0.0000000000E+000         1.2497094364E+001         1.2604921416E+001         4.3246471722E+002         4.3714010383E+002         6.7299722724E-001         8.5336999747E-001         
2019-04-02                01:10:59.059              90.71596134               2177.183072               91.71596134               1554167459.060            0                         963                       1.0000000000E+000         0.0000000000E+000         0.0000000000E+000         1.2497094364E+001         1.2604921416E+001         4.3237696244E+002         4.3702514958E+002         6.7299722724E-001         8.5336999747E-001         
2019-04-02                01:11:48.265              90.71653084               2177.196740               91.71653084               1554167508.265            0                         963                       1.0000000000E+000         0.0000000000E+000         0.0000000000E+000         1.2497094364E+001         1.2604921416E+001         4.3229111999E+002         4.3693646941E+002         6.7299722724E-001         8.5336999747E-001         
2019-04-02                01:12:37.512              90.71710083               2177.210420               91.71710083               1554167557.512            0                         963                       1.0000000000E+000         0.0000000000E+000         0.0000000000E+000         1.2497094364E+001         1.2604921416E+001         4.3219154271E+002         4.3684972173E+002         6.7299722724E-001         8.5336999747E-001         
2019-04-02                01:13:03.799              90.71740509               2177.217722               91.71740509               1554167583.800            0                         963                       2.0000000000E+000         0.0000000000E+000         0.0000000000E+000         1.2281599062E+001         1.2604921416E+001         4.3219154271E+002         4.3674909439E+002         6.7299722724E-001         8.5336999747E-001         
2019-04-02                01:13:23.921              90.71763797               2177.223311               91.71763797               1554167603.921            0                         963                       1.0000000000E+000         0.0000000000E+000         0.0000000000E+000         1.2281599062E+001         1.2604921416E+001         4.3204043077E+002         4.3674909439E+002         6.7299722724E-001         8.5336999747E-001         
2019-04-02                01:14:13.154              90.71820780               2177.236987               91.71820780               1554167653.154            0                         963                       1.0000000000E+000         0.0000000000E+000         0.0000000000E+000         1.2281599062E+001         1.2387566784E+001         4.3204168223E+002         4.3659638893E+002         6.7299722724E-001         8.5336999747E-001         
2019-04-02                01:15:02.414              90.71877794               2177.250671               91.71877794               1554167702.414            0                         963                       1.0000000000E+000         0.0000000000E+000         0.0000000000E+000         1.2281599062E+001         1.2387566784E+001         4.3217009614E+002         4.3659765359E+002         6.7299722724E-001         8.5336999747E-001         
2019-04-02                01:15:28.289              90.71907742               2177.257858               91.71907742               1554167728.289            0                         963                       2.0000000000E+000         0.0000000000E+000         0.0000000000E+000         1.2469639335E+001         1.2387566784E+001         4.3217009614E+002         4.3672742166E+002         6.7299722724E-001         8.5336999747E-001         
2019-04-02                01:15:48.723              90.71931394               2177.263534               91.71931394               1554167748.724            0                         963                       1.0000000000E+000         0.0000000000E+000         0.0000000000E+000         1.2469639335E+001         1.2387566784E+001         4.3228589157E+002         4.3672742166E+002         6.7299722724E-001         8.5336999747E-001         
2019-04-02                01:16:37.979              90.71988402               2177.277216               91.71988402               1554167797.979            0                         963                       1.0000000000E+000         0.0000000000E+000         0.0000000000E+000         1.2469639335E+001         1.2577229500E+001         4.3230453210E+002         4.3684443817E+002         6.7299722724E-001         8.5336999747E-001         
2019-04-02                01:17:27.230              90.72045405               2177.290897               91.72045405               1554167847.230            0                         963                       1.0000000000E+000         0.0000000000E+000         0.0000000000E+000         1.2469639335E+001         1.2577229500E+001         4.3236556329E+002         4.3686327527E+002         6.7299722724E-001         8.5336999747E-001         
2019-04-02                01:18:16.523              90.72102457               2177.304590               91.72102457               1554167896.523            0                         963                       1.0000000000E+000         0.0000000000E+000         0.0000000000E+000         1.2469639335E+001         1.2577229500E+001         4.3240456950E+002         4.3692495005E+002         6.7299722724E-001         8.5336999747E-001         
2019-04-02                01:18:43.813              90.72134044               2177.312171               91.72134044               1554167923.814            0                         963                       2.0000000000E+000         0.0000000000E+000         0.0000000000E+000         1.2421898036E+001         1.2577229500E+001         4.3240456950E+002         4.3696436759E+002         6.7299722724E-001         8.5336999747E-001         
2019-04-02                01:19:03.950              90.72157351               2177.317764               91.72157351               1554167943.951            0                         963                       1.0000000000E+000         0.0000000000E+000         0.0000000000E+000         1.2421898036E+001         1.2577229500E+001         4.3235303779E+002         4.3696436759E+002         6.7299722724E-001         8.5336999747E-001         
2019-04-02                01:19:53.181              90.72214331               2177.331439               91.72214331               1554167993.182            0                         963                       1.0000000000E+000         0.0000000000E+000         0.0000000000E+000         1.2421898036E+001         1.2529076281E+001         4.3238388012E+002         4.3691229247E+002         6.7299722724E-001         8.5336999747E-001         
2019-04-02                01:20:42.403              90.72271300               2177.345112               91.72271300               1554168042.403            0                         963                       1.0000000000E+000         0.0000000000E+000         0.0000000000E+000         1.2421898036E+001         1.2529076281E+001         4.3244903975E+002         4.3694346003E+002         6.7299722724E-001         8.5336999747E-001         
2019-04-02                01:21:31.632              90.72328279               2177.358787               91.72328279               1554168091.633            0                         963                       1.0000000000E+000         0.0000000000E+000         0.0000000000E+000         1.2421898036E+001         1.2529076281E+001         4.3247295717E+002         4.3700930679E+002         6.7299722724E-001         8.5336999747E-001         
2019-04-02                01:22:20.862              90.72385258               2177.372462               91.72385258               1554168140.863            0                         963                       1.0000000000E+000         0.0000000000E+000         0.0000000000E+000         1.2421898036E+001         1.2529076281E+001         4.3250986348E+002         4.3703347642E+002         6.7299722724E-001         8.5336999747E-001         
2019-04-02                01:23:10.117              90.72442265               2177.386144               91.72442265               1554168190.117            0                         963                       1.0000000000E+000         0.0000000000E+000         0.0000000000E+000         1.2421898036E+001         1.2529076281E+001         4.3254604492E+002         4.3707077192E+002         6.7299722724E-001         8.5336999747E-001         
2019-04-02                01:23:37.401              90.72473844               2177.393723               91.72473844               1554168217.401            0                         963                       2.0000000000E+000         0.0000000000E+000         0.0000000000E+000         1.2330078584E+001         1.2529076281E+001         4.3254604492E+002         4.3710733490E+002         6.7299722724E-001         8.5336999747E-001         
2019-04-02                01:23:57.503              90.72497110               2177.399306               91.72497110               1554168237.503            0                         963                       1.0000000000E+000         0.0000000000E+000         0.0000000000E+000         1.2330078584E+001         1.2529076281E+001         4.3258409504E+002         4.3710733490E+002         6.7299722724E-001         8.5336999747E-001         
2019-04-02                01:24:24.773              90.72528674               2177.406882               91.72528674               1554168264.774            0                         963                       2.0000000000E+000         0.0000000000E+000         0.0000000000E+000         1.2597803514E+001         1.2436464596E+001         4.3258409504E+002         4.3714578626E+002         6.7299722724E-001         8.5336999747E-001         
2019-04-02                01:24:44.890              90.72551956               2177.412469               91.72551956               1554168284.890            0                         963                       1.0000000000E+000         0.0000000000E+000         0.0000000000E+000         1.2597803514E+001         1.2436464596E+001         4.3256243400E+002         4.3714578626E+002         6.7299722724E-001         8.5336999747E-001         
2019-04-02                01:24:47.493              90.72554969               2177.413193               91.72554969               1554168287.493            0                         963                       3.0000000000E+000         0.0000000000E+000         0.0000000000E+000         1.2597803514E+001         1.2706668972E+001         4.3256243400E+002         4.3713101028E+002         6.7507936353E-001         8.5595547479E-001         
2019-04-02                01:24:58.259              90.72567431               2177.416183               91.72567431               1554168298.260            0                         963                       2.0000000000E+000         0.0000000000E+000         0.0000000000E+000         1.2542735867E+001         1.2706668972E+001         4.3256243400E+002         4.3713101028E+002         6.7507936353E-001         8.5595547479E-001         
2019-04-02                01:25:18.572              90.72590940               2177.421826               91.72590940               1554168318.572            0                         963                       1.0000000000E+000         0.0000000000E+000         0.0000000000E+000         1.2542735867E+001         1.2706668972E+001         4.3254093712E+002         4.3713101028E+002         6.7507936353E-001         8.5595547479E-001         
2019-04-02                01:26:07.816              90.72647936               2177.435505               91.72647936               1554168367.817            0                         963                       1.0000000000E+000         0.0000000000E+000         0.0000000000E+000         1.2542735867E+001         1.2651294197E+001         4.3250926100E+002         4.3711640011E+002         6.7507936353E-001         8.5595547479E-001         
