DATE                      TIME                      FRAC_DAYS_SINCE_JAN1      FRAC_HRS_SINCE_JAN1       JULIAN_DAYS               EPOCH_TIME                ALARM_STATUS              INST_STATUS               species                   MPVPosition               solenoid_valves           CH4                       CH4_dry                   CO2                       CO2_dry                   H2O                       h2o_reported              
2019-10-03                17:16:37.325              275.38654312              6609.277035               276.38654312              1570122997.326            0                         963                       1.0000000000E+000         1.6000000000E+001         0.0000000000E+000         1.7320370298E+002         1.7497156508E+002         4.7157896620E+002         4.7775431688E+002         7.9499024198E-001         1.0043118865E+000         
2019-10-03                17:17:26.572              275.38711311              6609.290715               276.38711311              1570123046.573            0                         963                       1.0000000000E+000         1.6000000000E+001         0.0000000000E+000         1.7320370298E+002         1.7497156508E+002         4.7128131334E+002         4.7746199198E+002         7.9499024198E-001         1.0043118865E+000         
2019-10-03                17:18:17.730              275.38770522              6609.304925               276.38770522              1570123097.731            0                         963                       1.0000000000E+000         1.6000000000E+001         0.0000000000E+000         1.7320370298E+002         1.7497156508E+002         4.7098204972E+002         4.7716062585E+002         7.9499024198E-001         1.0043118865E+000         
2019-10-03                17:19:08.908              275.38829756              6609.319141               276.38829756              1570123148.909            0                         963                       1.0000000000E+000         1.6000000000E+001         0.0000000000E+000         1.7320370298E+002         1.7497156508E+002         4.7084810835E+002         4.7685762887E+002         7.9499024198E-001         1.0043118865E+000         
2019-10-03                17:19:58.168              275.38886770              6609.332825               276.38886770              1570123198.169            0                         963                       1.0000000000E+000         1.6000000000E+001         0.0000000000E+000         1.7320370298E+002         1.7497156508E+002         4.7078553603E+002         4.7672201656E+002         7.9499024198E-001         1.0043118865E+000         
2019-10-03                17:20:48.232              275.38944713              6609.346731               276.38944713              1570123248.232            0                         963                       1.0000000000E+000         1.6000000000E+001         0.0000000000E+000         1.7320370298E+002         1.7497156508E+002         4.7065611377E+002         4.7665866364E+002         7.9499024198E-001         1.0043118865E+000         
2019-10-03                17:21:39.401              275.39003936              6609.360945               276.39003936              1570123299.401            0                         963                       1.0000000000E+000         1.6000000000E+001         0.0000000000E+000         1.7320370298E+002         1.7497156508E+002         4.7047895875E+002         4.7652762681E+002         7.9499024198E-001         1.0043118865E+000         
2019-10-03                17:22:30.598              275.39063193              6609.375166               276.39063193              1570123350.599            0                         963                       1.0000000000E+000         1.6000000000E+001         0.0000000000E+000         1.7320370298E+002         1.7497156508E+002         4.7025774669E+002         4.7634826176E+002         7.9499024198E-001         1.0043118865E+000         
2019-10-03                17:23:20.674              275.39121152              6609.389076               276.39121152              1570123400.675            0                         963                       1.0000000000E+000         1.6000000000E+001         0.0000000000E+000         1.7320370298E+002         1.7497156508E+002         4.7001310616E+002         4.7612429004E+002         7.9499024198E-001         1.0043118865E+000         
2019-10-03                17:23:27.568              275.39129130              6609.390991               276.39129130              1570123407.568            0                         963                       3.0000000000E+000         1.6000000000E+001         0.0000000000E+000         1.7320370298E+002         1.7498122648E+002         4.7001310616E+002         4.7590865096E+002         8.0359945579E-001         1.0149227175E+000         
2019-10-03                17:24:01.040              275.39167872              6609.400289               276.39167872              1570123441.041            0                         963                       1.0000000000E+000         1.6000000000E+001         0.0000000000E+000         1.7320370298E+002         1.7498122648E+002         4.6977586562E+002         4.7590865096E+002         8.0359945579E-001         1.0149227175E+000         
2019-10-03                17:24:52.250              275.39227141              6609.414514               276.39227141              1570123492.250            0                         963                       1.0000000000E+000         1.6000000000E+001         0.0000000000E+000         1.7320370298E+002         1.7499089132E+002         4.6955366581E+002         4.7570048339E+002         8.0359945579E-001         1.0149227175E+000         
2019-10-03                17:25:43.407              275.39286351              6609.428724               276.39286351              1570123543.407            0                         963                       1.0000000000E+000         1.6000000000E+001         0.0000000000E+000         1.7320370298E+002         1.7499089132E+002         4.6934441503E+002         4.7547548129E+002         8.0359945579E-001         1.0149227175E+000         
2019-10-03                17:26:33.470              275.39344294              6609.442631               276.39344294              1570123593.470            0                         963                       1.0000000000E+000         1.6000000000E+001         0.0000000000E+000         1.7320370298E+002         1.7499089132E+002         4.6912229676E+002         4.7526359153E+002         8.0359945579E-001         1.0149227175E+000         
2019-10-03                17:26:37.953              275.39349484              6609.443876               276.39349484              1570123597.954            0                         963                       3.0000000000E+000         1.6000000000E+001         0.0000000000E+000         1.7320370298E+002         1.7499237390E+002         4.6912229676E+002         4.7504358141E+002         8.0492021459E-001         1.0165500704E+000         
2019-10-03                17:27:10.059              275.39386642              6609.452794               276.39386642              1570123630.059            0                         963                       1.0000000000E+000         1.6000000000E+001         0.0000000000E+000         1.7320370298E+002         1.7499237390E+002         4.6890414162E+002         4.7504358141E+002         8.0492021459E-001         1.0165500704E+000         
2019-10-03                17:28:01.234              275.39445874              6609.467010               276.39445874              1570123681.235            0                         963                       1.0000000000E+000         1.6000000000E+001         0.0000000000E+000         1.7320370298E+002         1.7499385656E+002         4.6870652573E+002         4.7482758010E+002         8.0492021459E-001         1.0165500704E+000         
2019-10-03                17:28:52.421              275.39505117              6609.481228               276.39505117              1570123732.421            0                         963                       1.0000000000E+000         1.6000000000E+001         0.0000000000E+000         1.7320370298E+002         1.7499385656E+002         4.6848426912E+002         4.7462746782E+002         8.0492021459E-001         1.0165500704E+000         
2019-10-03                17:29:42.486              275.39563063              6609.495135               276.39563063              1570123782.486            0                         963                       1.0000000000E+000         1.6000000000E+001         0.0000000000E+000         1.7320370298E+002         1.7499385656E+002         4.6825127982E+002         4.7440240355E+002         8.0492021459E-001         1.0165500704E+000         
2019-10-03                17:30:31.724              275.39620052              6609.508812               276.39620052              1570123831.725            0                         963                       1.0000000000E+000         1.6000000000E+001         0.0000000000E+000         1.7320370298E+002         1.7499385656E+002         4.6803921231E+002         4.7416647102E+002         8.0492021459E-001         1.0165500704E+000         
2019-10-03                17:31:22.911              275.39679296              6609.523031               276.39679296              1570123882.912            0                         963                       1.0000000000E+000         1.6000000000E+001         0.0000000000E+000         1.7320370298E+002         1.7499385656E+002         4.6779786657E+002         4.7395172456E+002         8.0492021459E-001         1.0165500704E+000         
2019-10-03                17:32:14.095              275.39738537              6609.537249               276.39738537              1570123934.096            0                         963                       1.0000000000E+000         1.6000000000E+001         0.0000000000E+000         1.7320370298E+002         1.7499385656E+002         4.6750901520E+002         4.7370733001E+002         8.0492021459E-001         1.0165500704E+000         
2019-10-03                17:33:03.313              275.39795502              6609.550921               276.39795502              1570123983.314            0                         963                       1.0000000000E+000         1.6000000000E+001         0.0000000000E+000         1.7320370298E+002         1.7499385656E+002         4.6727980757E+002         4.7341482973E+002         8.0492021459E-001         1.0165500704E+000         
2019-10-03                17:33:52.552              275.39852491              6609.564598               276.39852491              1570124032.552            0                         963                       1.0000000000E+000         1.6000000000E+001         0.0000000000E+000         1.7320370298E+002         1.7499385656E+002         4.6712620033E+002         4.7318272663E+002         8.0492021459E-001         1.0165500704E+000         
2019-10-03                17:34:43.750              275.39911749              6609.578820               276.39911749              1570124083.751            0                         963                       1.0000000000E+000         1.6000000000E+001         0.0000000000E+000         1.7320370298E+002         1.7499385656E+002         4.6697758476E+002         4.7302717894E+002         8.0492021459E-001         1.0165500704E+000         
2019-10-03                17:35:34.960              275.39971020              6609.593045               276.39971020              1570124134.961            0                         963                       1.0000000000E+000         1.6000000000E+001         0.0000000000E+000         1.7320370298E+002         1.7499385656E+002         4.6679261491E+002         4.7287668598E+002         8.0492021459E-001         1.0165500704E+000         
2019-10-03                17:36:25.059              275.40029005              6609.606961               276.40029005              1570124185.060            0                         963                       1.0000000000E+000         1.6000000000E+001         0.0000000000E+000         1.7320370298E+002         1.7499385656E+002         4.6654465190E+002         4.7268937950E+002         8.0492021459E-001         1.0165500704E+000         
2019-10-03                17:37:15.147              275.40086976              6609.620874               276.40086976              1570124235.147            0                         963                       1.0000000000E+000         1.6000000000E+001         0.0000000000E+000         1.7320370298E+002         1.7499385656E+002         4.6629158698E+002         4.7243828409E+002         8.0492021459E-001         1.0165500704E+000         
2019-10-03                17:38:06.315              275.40146198              6609.635088               276.40146198              1570124286.315            0                         963                       1.0000000000E+000         1.6000000000E+001         0.0000000000E+000         1.7320370298E+002         1.7499385656E+002         4.6602134579E+002         4.7218202232E+002         8.0492021459E-001         1.0165500704E+000         
2019-10-03                17:38:57.469              275.40205404              6609.649297               276.40205404              1570124337.469            0                         963                       1.0000000000E+000         1.6000000000E+001         0.0000000000E+000         1.7320370298E+002         1.7499385656E+002         4.6578362377E+002         4.7190836730E+002         8.0492021459E-001         1.0165500704E+000         
2019-10-03                17:39:47.522              275.40263336              6609.663201               276.40263336              1570124387.522            0                         963                       1.0000000000E+000         1.6000000000E+001         0.0000000000E+000         1.7320370298E+002         1.7499385656E+002         4.6561106403E+002         4.7166764226E+002         8.0492021459E-001         1.0165500704E+000         
2019-10-03                17:40:36.773              275.40320339              6609.676881               276.40320339              1570124436.773            0                         963                       1.0000000000E+000         1.6000000000E+001         0.0000000000E+000         1.7320370298E+002         1.7499385656E+002         4.6543719314E+002         4.7149290265E+002         8.0492021459E-001         1.0165500704E+000         
2019-10-03                17:41:27.959              275.40379582              6609.691100               276.40379582              1570124487.959            0                         963                       1.0000000000E+000         1.6000000000E+001         0.0000000000E+000         1.7320370298E+002         1.7499385656E+002         4.6523531985E+002         4.7131683534E+002         8.0492021459E-001         1.0165500704E+000         
2019-10-03                17:42:19.128              275.40438807              6609.705314               276.40438807              1570124539.129            0                         963                       1.0000000000E+000         1.6000000000E+001         0.0000000000E+000         1.7320370298E+002         1.7499385656E+002         4.6501434462E+002         4.7111241188E+002         8.0492021459E-001         1.0165500704E+000         
2019-10-03                17:43:08.378              275.40495808              6609.718994               276.40495808              1570124588.378            0                         963                       1.0000000000E+000         1.6000000000E+001         0.0000000000E+000         1.7320370298E+002         1.7499385656E+002         4.6479119345E+002         4.7088864519E+002         8.0492021459E-001         1.0165500704E+000         
2019-10-03                17:43:58.459              275.40553772              6609.732905               276.40553772              1570124638.459            0                         963                       1.0000000000E+000         1.6000000000E+001         0.0000000000E+000         1.7320370298E+002         1.7499385656E+002         4.6457615169E+002         4.7066267506E+002         8.0492021459E-001         1.0165500704E+000         
2019-10-03                17:44:49.627              275.40612994              6609.747119               276.40612994              1570124689.627            0                         963                       1.0000000000E+000         1.6000000000E+001         0.0000000000E+000         1.7320370298E+002         1.7499385656E+002         4.6441871831E+002         4.7044491678E+002         8.0492021459E-001         1.0165500704E+000         
2019-10-03                17:45:40.809              275.40672233              6609.761336               276.40672233              1570124740.809            0                         963                       1.0000000000E+000         1.6000000000E+001         0.0000000000E+000         1.7320370298E+002         1.7499385656E+002         4.6433172595E+002         4.7028549461E+002         8.0492021459E-001         1.0165500704E+000         
2019-10-03                17:46:30.868              275.40730171              6609.775241               276.40730171              1570124790.868            0                         963                       1.0000000000E+000         1.6000000000E+001         0.0000000000E+000         1.7320370298E+002         1.7499385656E+002         4.6444861140E+002         4.7019740332E+002         8.0492021459E-001         1.0165500704E+000         
2019-10-03                17:46:34.476              275.40734348              6609.776244               276.40734348              1570124794.477            0                         963                       3.0000000000E+000         1.6000000000E+001         0.0000000000E+000         1.7320370298E+002         1.7500781489E+002         4.6444861140E+002         4.7036152679E+002         8.1735590147E-001         1.0318662802E+000         
2019-10-03                17:47:08.423              275.40773638              6609.785673               276.40773638              1570124828.423            0                         963                       1.0000000000E+000         1.6000000000E+001         0.0000000000E+000         1.7320370298E+002         1.7500781489E+002         4.6473638505E+002         4.7036152679E+002         8.1735590147E-001         1.0318662802E+000         
2019-10-03                17:47:59.599              275.40832870              6609.799889               276.40832870              1570124879.600            0                         963                       1.0000000000E+000         1.6000000000E+001         0.0000000000E+000         1.7320370298E+002         1.7502178042E+002         4.6493525000E+002         4.7069877777E+002         8.1735590147E-001         1.0318662802E+000         
2019-10-03                17:48:50.744              275.40892066              6609.814096               276.40892066              1570124930.745            0                         963                       1.0000000000E+000         1.6000000000E+001         0.0000000000E+000         1.7320370298E+002         1.7502178042E+002         4.6512324559E+002         4.7090019408E+002         8.1735590147E-001         1.0318662802E+000         
2019-10-03                17:49:39.969              275.40949038              6609.827769               276.40949038              1570124979.969            0                         963                       1.0000000000E+000         1.6000000000E+001         0.0000000000E+000         1.7320370298E+002         1.7502178042E+002         4.6575351635E+002         4.7109060158E+002         8.1735590147E-001         1.0318662802E+000         
2019-10-03                17:50:30.049              275.41007001              6609.841680               276.41007001              1570125030.049            0                         963                       1.0000000000E+000         1.6000000000E+001         0.0000000000E+000         1.7320370298E+002         1.7502178042E+002         4.6669458520E+002         4.7172895847E+002         8.1735590147E-001         1.0318662802E+000         
2019-10-03                17:51:21.223              275.41066230              6609.855895               276.41066230              1570125081.223            0                         963                       1.0000000000E+000         1.6000000000E+001         0.0000000000E+000         1.7320370298E+002         1.7502178042E+002         4.6746488108E+002         4.7268210089E+002         8.1735590147E-001         1.0318662802E+000         
2019-10-03                17:52:12.398              275.41125462              6609.870111               276.41125462              1570125132.399            0                         963                       1.0000000000E+000         1.6000000000E+001         0.0000000000E+000         1.7320370298E+002         1.7502178042E+002         4.6821626252E+002         4.7346227937E+002         8.1735590147E-001         1.0318662802E+000         
2019-10-03                17:53:02.466              275.41183410              6609.884018               276.41183410              1570125182.466            0                         963                       1.0000000000E+000         1.6000000000E+001         0.0000000000E+000         1.7320370298E+002         1.7502178042E+002         4.6899923411E+002         4.7422330076E+002         8.1735590147E-001         1.0318662802E+000         
2019-10-03                17:53:52.552              275.41241381              6609.897931               276.41241381              1570125232.553            0                         963                       1.0000000000E+000         1.6000000000E+001         0.0000000000E+000         1.7320370298E+002         1.7502178042E+002         4.6970371400E+002         4.7501631757E+002         8.1735590147E-001         1.0318662802E+000         
2019-10-03                17:54:43.733              275.41300617              6609.912148               276.41300617              1570125283.733            0                         963                       1.0000000000E+000         1.6000000000E+001         0.0000000000E+000         1.7320370298E+002         1.7502178042E+002         4.7058853495E+002         4.7572983567E+002         8.1735590147E-001         1.0318662802E+000         
2019-10-03                17:55:34.915              275.41359856              6609.926366               276.41359856              1570125334.916            0                         963                       1.0000000000E+000         1.6000000000E+001         0.0000000000E+000         1.7320370298E+002         1.7502178042E+002         4.7149254210E+002         4.7662600855E+002         8.1735590147E-001         1.0318662802E+000         
2019-10-03                17:56:24.161              275.41416853              6609.940045               276.41416853              1570125384.161            0                         963                       1.0000000000E+000         1.6000000000E+001         0.0000000000E+000         1.7320370298E+002         1.7502178042E+002         4.7227526893E+002         4.7754161377E+002         8.1735590147E-001         1.0318662802E+000         
2019-10-03                17:57:14.256              275.41474834              6609.953960               276.41474834              1570125434.257            0                         963                       1.0000000000E+000         1.6000000000E+001         0.0000000000E+000         1.7320370298E+002         1.7502178042E+002         4.7318607442E+002         4.7833438268E+002         8.1735590147E-001         1.0318662802E+000         
2019-10-03                17:58:05.408              275.41534038              6609.968169               276.41534038              1570125485.409            0                         963                       1.0000000000E+000         1.6000000000E+001         0.0000000000E+000         1.7320370298E+002         1.7502178042E+002         4.7412046908E+002         4.7925687347E+002         8.1735590147E-001         1.0318662802E+000         
2019-10-03                17:58:56.594              275.41593280              6609.982387               276.41593280              1570125536.594            0                         963                       1.0000000000E+000         1.6000000000E+001         0.0000000000E+000         1.7320370298E+002         1.7502178042E+002         4.7505122420E+002         4.8020325606E+002         8.1735590147E-001         1.0318662802E+000         
2019-10-03                17:59:46.681              275.41651252              6609.996301               276.41651252              1570125586.682            0                         963                       1.0000000000E+000         1.6000000000E+001         0.0000000000E+000         1.7320370298E+002         1.7502178042E+002         4.7602054414E+002         4.8114595241E+002         8.1735590147E-001         1.0318662802E+000         
2019-10-03                18:00:34.931              275.41707097              6610.009703               276.41707097              1570125634.932            0                         963                       1.0000000000E+000         1.6000000000E+001         0.0000000000E+000         1.7320370298E+002         1.7502178042E+002         4.7697121903E+002         4.8212770837E+002         8.1735590147E-001         1.0318662802E+000         
2019-10-03                18:01:26.124              275.41766347              6610.023923               276.41766347              1570125686.124            0                         963                       1.0000000000E+000         1.6000000000E+001         0.0000000000E+000         1.7320370298E+002         1.7502178042E+002         4.7789273465E+002         4.8309058005E+002         8.1735590147E-001         1.0318662802E+000         
2019-10-03                18:02:17.301              275.41825580              6610.038139               276.41825580              1570125737.301            0                         963                       1.0000000000E+000         1.6000000000E+001         0.0000000000E+000         1.7320370298E+002         1.7502178042E+002         4.7894095539E+002         4.8402391838E+002         8.1735590147E-001         1.0318662802E+000         
2019-10-03                18:03:06.536              275.41882565              6610.051816               276.41882565              1570125786.536            0                         963                       1.0000000000E+000         1.6000000000E+001         0.0000000000E+000         1.7320370298E+002         1.7502178042E+002         4.8001655323E+002         4.8508558739E+002         8.1735590147E-001         1.0318662802E+000         
2019-10-03                18:03:56.619              275.41940532              6610.065728               276.41940532              1570125836.620            0                         963                       1.0000000000E+000         1.6000000000E+001         0.0000000000E+000         1.7320370298E+002         1.7502178042E+002         4.8119128862E+002         4.8617498474E+002         8.1735590147E-001         1.0318662802E+000         
2019-10-03                18:04:48.828              275.42000958              6610.080230               276.42000958              1570125888.828            0                         963                       1.0000000000E+000         1.6000000000E+001         0.0000000000E+000         1.7320370298E+002         1.7502178042E+002         4.8277712892E+002         4.8736479155E+002         8.1735590147E-001         1.0318662802E+000         
2019-10-03                18:05:39.999              275.42060184              6610.094444               276.42060184              1570125939.999            0                         963                       1.0000000000E+000         1.6000000000E+001         0.0000000000E+000         1.7320370298E+002         1.7502178042E+002         4.8435507053E+002         4.8897097758E+002         8.1735590147E-001         1.0318662802E+000         
2019-10-03                18:06:30.088              275.42118157              6610.108358               276.42118157              1570125990.088            0                         963                       1.0000000000E+000         1.6000000000E+001         0.0000000000E+000         1.7320370298E+002         1.7502178042E+002         4.8581329342E+002         4.9056916359E+002         8.1735590147E-001         1.0318662802E+000         
2019-10-03                18:07:20.349              275.42176331              6610.122319               276.42176331              1570126040.350            0                         963                       1.0000000000E+000         1.6000000000E+001         0.0000000000E+000         1.7320370298E+002         1.7502178042E+002         4.8746499965E+002         4.9204609493E+002         8.1735590147E-001         1.0318662802E+000         
2019-10-03                18:08:12.553              275.42236752              6610.136821               276.42236752              1570126092.554            0                         963                       1.0000000000E+000         1.6000000000E+001         0.0000000000E+000         1.7320370298E+002         1.7502178042E+002         4.8892973453E+002         4.9371899193E+002         8.1735590147E-001         1.0318662802E+000         
2019-10-03                18:09:03.711              275.42295963              6610.151031               276.42295963              1570126143.712            0                         963                       1.0000000000E+000         1.6000000000E+001         0.0000000000E+000         1.7320370298E+002         1.7502178042E+002         4.8988357395E+002         4.9520251881E+002         8.1735590147E-001         1.0318662802E+000         
2019-10-03                18:09:52.944              275.42352944              6610.164707               276.42352944              1570126192.944            0                         963                       1.0000000000E+000         1.6000000000E+001         0.0000000000E+000         1.7320370298E+002         1.7502178042E+002         4.9061708948E+002         4.9616859563E+002         8.1735590147E-001         1.0318662802E+000         
2019-10-03                18:10:42.154              275.42409902              6610.178376               276.42409902              1570126242.155            0                         963                       1.0000000000E+000         1.6000000000E+001         0.0000000000E+000         1.7320370298E+002         1.7502178042E+002         4.9143444926E+002         4.9691152188E+002         8.1735590147E-001         1.0318662802E+000         
2019-10-03                18:11:33.315              275.42469115              6610.192588               276.42469115              1570126293.315            0                         963                       1.0000000000E+000         1.6000000000E+001         0.0000000000E+000         1.7320370298E+002         1.7502178042E+002         4.9232228076E+002         4.9773936808E+002         8.1735590147E-001         1.0318662802E+000         
2019-10-03                18:12:24.467              275.42528319              6610.206797               276.42528319              1570126344.468            0                         963                       1.0000000000E+000         1.6000000000E+001         0.0000000000E+000         1.7320370298E+002         1.7502178042E+002         4.9326698883E+002         4.9863859012E+002         8.1735590147E-001         1.0318662802E+000         
2019-10-03                18:13:14.539              275.42586272              6610.220705               276.42586272              1570126394.539            0                         963                       1.0000000000E+000         1.6000000000E+001         0.0000000000E+000         1.7320370298E+002         1.7502178042E+002         4.9436738710E+002         4.9959541845E+002         8.1735590147E-001         1.0318662802E+000         
2019-10-03                18:14:03.763              275.42643244              6610.234379               276.42643244              1570126443.763            0                         963                       1.0000000000E+000         1.6000000000E+001         0.0000000000E+000         1.7320370298E+002         1.7502178042E+002         4.9562228876E+002         5.0070993441E+002         8.1735590147E-001         1.0318662802E+000         
2019-10-03                18:14:54.937              275.42702475              6610.248594               276.42702475              1570126494.938            0                         963                       1.0000000000E+000         1.6000000000E+001         0.0000000000E+000         1.7320370298E+002         1.7502178042E+002         4.9695788395E+002         5.0198093599E+002         8.1735590147E-001         1.0318662802E+000         
2019-10-03                18:15:46.094              275.42761683              6610.262804               276.42761683              1570126546.094            0                         963                       1.0000000000E+000         1.6000000000E+001         0.0000000000E+000         1.7320370298E+002         1.7502178042E+002         4.9815596114E+002         5.0333366635E+002         8.1735590147E-001         1.0318662802E+000         
2019-10-03                18:16:35.332              275.42818672              6610.276481               276.42818672              1570126595.333            0                         963                       1.0000000000E+000         1.6000000000E+001         0.0000000000E+000         1.7320370298E+002         1.7502178042E+002         4.9923995220E+002         5.0454711442E+002         8.1735590147E-001         1.0318662802E+000         
2019-10-03                18:17:25.612              275.42876867              6610.290448               276.42876867              1570126645.613            0                         963                       1.0000000000E+000         1.6000000000E+001         0.0000000000E+000         1.7320370298E+002         1.7502178042E+002         5.0037923008E+002         5.0564501268E+002         8.1735590147E-001         1.0318662802E+000         
