DATE                      TIME                      FRAC_DAYS_SINCE_JAN1      FRAC_HRS_SINCE_JAN1       JULIAN_DAYS               EPOCH_TIME                ALARM_STATUS              INST_STATUS               species                   MPVPosition               solenoid_valves           CH4                       CH4_dry                   CO2                       CO2_dry                   H2O                       h2o_reported              
2019-06-14                14:19:59.012              164.26387745              3942.333059               165.26387745              1560521999.012            0                         963                       1.0000000000E+000         1.6000000000E+001         0.0000000000E+000         4.7209628423E+001         4.7837773401E+001         4.8351220137E+002         6.0811047652E+002         1.0334166115E+000         1.2961992108E+000         
2019-06-14                14:20:50.170              164.26446956              3942.347269               165.26446956              1560522050.170            0                         963                       1.0000000000E+000         1.0000000000E+001         0.0000000000E+000         4.7209628423E+001         4.7837773401E+001         4.2720260165E+002         4.9137601503E+002         1.0334166115E+000         1.2961992108E+000         
2019-06-14                14:21:41.335              164.26506176              3942.361482               165.26506176              1560522101.336            0                         963                       1.0000000000E+000         1.0000000000E+001         0.0000000000E+000         4.7209628423E+001         4.7837773401E+001         4.2707084695E+002         4.3415059933E+002         1.0334166115E+000         1.2961992108E+000         
2019-06-14                14:22:30.572              164.26563163              3942.375159               165.26563163              1560522150.573            0                         963                       1.0000000000E+000         1.6000000000E+001         0.0000000000E+000         4.7209628423E+001         4.7837773401E+001         4.2694775883E+002         4.3401670179E+002         1.0334166115E+000         1.2961992108E+000         
2019-06-14                14:23:19.832              164.26620177              3942.388842               165.26620177              1560522199.833            0                         963                       1.0000000000E+000         1.1000000000E+001         0.0000000000E+000         4.7209628423E+001         4.7837773401E+001         4.2680938867E+002         4.3389161176E+002         1.0334166115E+000         1.2961992108E+000         
2019-06-14                14:24:11.002              164.26679400              3942.403056               165.26679400              1560522251.002            0                         963                       1.0000000000E+000         1.1000000000E+001         0.0000000000E+000         4.7209628423E+001         4.7837773401E+001         4.2666737122E+002         4.3375099117E+002         1.0334166115E+000         1.2961992108E+000         
2019-06-14                14:25:01.230              164.26737535              3942.417008               165.26737535              1560522301.230            0                         963                       1.0000000000E+000         1.6000000000E+001         0.0000000000E+000         4.7209628423E+001         4.7837773401E+001         4.2651337959E+002         4.3360666394E+002         1.0334166115E+000         1.2961992108E+000         
2019-06-14                14:25:52.411              164.26796772              3942.431225               165.26796772              1560522352.411            0                         963                       1.0000000000E+000         1.2000000000E+001         0.0000000000E+000         4.7209628423E+001         4.7837773401E+001         4.2636443145E+002         4.3345016780E+002         1.0334166115E+000         1.2961992108E+000         
2019-06-14                14:26:42.585              164.26854844              3942.445163               165.26854844              1560522402.585            0                         963                       1.0000000000E+000         1.2000000000E+001         0.0000000000E+000         4.7209628423E+001         4.7837773401E+001         4.2620132973E+002         4.3329879718E+002         1.0334166115E+000         1.2961992108E+000         
2019-06-14                14:27:31.845              164.26911859              3942.458846               165.26911859              1560522451.846            0                         963                       1.0000000000E+000         1.6000000000E+001         0.0000000000E+000         4.7209628423E+001         4.7837773401E+001         4.2602524178E+002         4.3313304278E+002         1.0334166115E+000         1.2961992108E+000         
2019-06-14                14:28:21.091              164.26968855              3942.472525               165.26968855              1560522501.091            0                         963                       1.0000000000E+000         1.3000000000E+001         0.0000000000E+000         4.7209628423E+001         4.7837773401E+001         4.2586069157E+002         4.3295409095E+002         1.0334166115E+000         1.2961992108E+000         
2019-06-14                14:29:09.348              164.27024708              3942.485930               165.27024708              1560522549.348            0                         963                       1.0000000000E+000         1.3000000000E+001         0.0000000000E+000         4.7209628423E+001         4.7837773401E+001         4.2570453440E+002         4.3278686451E+002         1.0334166115E+000         1.2961992108E+000         
2019-06-14                14:29:58.565              164.27081672              3942.499601               165.27081672              1560522598.565            0                         963                       1.0000000000E+000         1.6000000000E+001         0.0000000000E+000         4.7209628423E+001         4.7837773401E+001         4.2552640164E+002         4.3262816760E+002         1.0334166115E+000         1.2961992108E+000         
2019-06-14                14:30:49.776              164.27140946              3942.513827               165.27140946              1560522649.777            0                         963                       1.0000000000E+000         1.4000000000E+001         0.0000000000E+000         4.7209628423E+001         4.7837773401E+001         4.2537077080E+002         4.3244713771E+002         1.0334166115E+000         1.2961992108E+000         
2019-06-14                14:31:40.956              164.27200181              3942.528043               165.27200181              1560522700.956            0                         963                       1.0000000000E+000         1.4000000000E+001         0.0000000000E+000         4.7209628423E+001         4.7837773401E+001         4.2522928217E+002         4.3228897569E+002         1.0334166115E+000         1.2961992108E+000         
2019-06-14                14:32:30.207              164.27257185              3942.541724               165.27257185              1560522750.208            0                         963                       1.0000000000E+000         1.6000000000E+001         0.0000000000E+000         4.7209628423E+001         4.7837773401E+001         4.2507685482E+002         4.3214518590E+002         1.0334166115E+000         1.2961992108E+000         
2019-06-14                14:33:19.461              164.27314192              3942.555406               165.27314192              1560522799.462            0                         963                       1.0000000000E+000         1.5000000000E+001         0.0000000000E+000         4.7209628423E+001         4.7837773401E+001         4.2489015890E+002         4.3199027948E+002         1.0334166115E+000         1.2961992108E+000         
2019-06-14                14:34:09.605              164.27372228              3942.569335               165.27372228              1560522849.605            0                         963                       1.0000000000E+000         1.5000000000E+001         0.0000000000E+000         4.7209628423E+001         4.7837773401E+001         4.2468910585E+002         4.3180054716E+002         1.0334166115E+000         1.2961992108E+000         
2019-06-14                14:34:58.872              164.27429251              3942.583020               165.27429251              1560522898.873            0                         963                       1.0000000000E+000         1.6000000000E+001         0.0000000000E+000         4.7209628423E+001         4.7837773401E+001         4.2451635147E+002         4.3159622419E+002         1.0334166115E+000         1.2961992108E+000         
2019-06-14                14:35:02.471              164.27433417              3942.584020               165.27433417              1560522902.472            0                         963                       3.0000000000E+000         1.6000000000E+001         0.0000000000E+000         4.7209628423E+001         4.7855484723E+001         4.2451635147E+002         4.3161542476E+002         1.0910160345E+000         1.3661102131E+000         
2019-06-14                14:35:34.482              164.27470465              3942.592912               165.27470465              1560522934.482            0                         963                       1.0000000000E+000         1.6000000000E+001         0.0000000000E+000         4.7209628423E+001         4.7855484723E+001         4.2438159533E+002         4.3161542476E+002         1.0910160345E+000         1.3661102131E+000         
2019-06-14                14:36:24.607              164.27528480              3942.606835               165.27528480              1560522984.607            0                         963                       1.0000000000E+000         1.6000000000E+001         0.0000000000E+000         4.7209628423E+001         4.7873237553E+001         4.2425786510E+002         4.3167358074E+002         1.0910160345E+000         1.3661102131E+000         
2019-06-14                14:37:13.865              164.27585493              3942.620518               165.27585493              1560523033.866            0                         963                       1.0000000000E+000         1.6000000000E+001         0.0000000000E+000         4.7209628423E+001         4.7873237553E+001         4.2406920383E+002         4.3154772449E+002         1.0910160345E+000         1.3661102131E+000         
2019-06-14                14:38:04.072              164.27643603              3942.634465               165.27643603              1560523084.073            0                         963                       1.0000000000E+000         1.6000000000E+001         0.0000000000E+000         4.7209628423E+001         4.7873237553E+001         4.2389823458E+002         4.3135582153E+002         1.0910160345E+000         1.3661102131E+000         
2019-06-14                14:38:54.349              164.27701794              3942.648431               165.27701794              1560523134.350            0                         963                       1.0000000000E+000         1.6000000000E+001         0.0000000000E+000         4.7209628423E+001         4.7873237553E+001         4.2373632711E+002         4.3118191458E+002         1.0910160345E+000         1.3661102131E+000         
2019-06-14                14:39:43.578              164.27758772              3942.662105               165.27758772              1560523183.579            0                         963                       1.0000000000E+000         1.6000000000E+001         0.0000000000E+000         4.7209628423E+001         4.7873237553E+001         4.2355930447E+002         4.3101722512E+002         1.0910160345E+000         1.3661102131E+000         
2019-06-14                14:40:32.841              164.27815788              3942.675789               165.27815788              1560523232.841            0                         963                       1.0000000000E+000         1.6000000000E+001         0.0000000000E+000         4.7209628423E+001         4.7873237553E+001         4.2336745879E+002         4.3083716077E+002         1.0910160345E+000         1.3661102131E+000         
2019-06-14                14:41:22.954              164.27873791              3942.689710               165.27873791              1560523282.955            0                         963                       1.0000000000E+000         1.6000000000E+001         0.0000000000E+000         4.7209628423E+001         4.7873237553E+001         4.2317854789E+002         4.3064201867E+002         1.0910160345E+000         1.3661102131E+000         
2019-06-14                14:42:12.213              164.27930802              3942.703393               165.27930802              1560523332.213            0                         963                       1.0000000000E+000         1.6000000000E+001         0.0000000000E+000         4.7209628423E+001         4.7873237553E+001         4.2302376873E+002         4.3044986179E+002         1.0910160345E+000         1.3661102131E+000         
2019-06-14                14:43:01.467              164.27987810              3942.717074               165.27987810              1560523381.468            0                         963                       1.0000000000E+000         1.6000000000E+001         0.0000000000E+000         4.7209628423E+001         4.7873237553E+001         4.2285868387E+002         4.3029242312E+002         1.0910160345E+000         1.3661102131E+000         
2019-06-14                14:43:51.627              164.28045865              3942.731008               165.28045865              1560523431.627            0                         963                       1.0000000000E+000         1.6000000000E+001         0.0000000000E+000         4.7209628423E+001         4.7873237553E+001         4.2271381120E+002         4.3012450167E+002         1.0910160345E+000         1.3661102131E+000         
2019-06-14                14:44:41.944              164.28104102              3942.744984               165.28104102              1560523481.944            0                         963                       1.0000000000E+000         1.6000000000E+001         0.0000000000E+000         4.7209628423E+001         4.7873237553E+001         4.2257491544E+002         4.2997713971E+002         1.0910160345E+000         1.3661102131E+000         
2019-06-14                14:45:31.190              164.28161100              3942.758664               165.28161100              1560523531.190            0                         963                       1.0000000000E+000         1.0000000000E+000         0.0000000000E+000         4.7209628423E+001         4.7873237553E+001         5.5139992865E+002         4.2983585735E+002         1.0910160345E+000         1.3661102131E+000         
2019-06-14                14:46:20.447              164.28218110              3942.772346               165.28218110              1560523580.447            0                         963                       1.0000000000E+000         1.0000000000E+000         0.0000000000E+000         4.7209628423E+001         4.7873237553E+001         5.8539451355E+002         5.6087442112E+002         1.0910160345E+000         1.3661102131E+000         
2019-06-14                14:47:10.584              164.28276139              3942.786273               165.28276139              1560523630.584            0                         963                       1.0000000000E+000         1.6000000000E+001         0.0000000000E+000         4.7209628423E+001         4.7873237553E+001         4.5720487850E+002         5.9545312188E+002         1.0910160345E+000         1.3661102131E+000         
2019-06-14                14:47:59.857              164.28333168              3942.799960               165.28333168              1560523679.857            0                         963                       1.0000000000E+000         2.0000000000E+000         0.0000000000E+000         4.7209628423E+001         4.7873237553E+001         6.0129590723E+002         4.6506085373E+002         1.0910160345E+000         1.3661102131E+000         
2019-06-14                14:48:49.104              164.28390167              3942.813640               165.28390167              1560523729.104            0                         963                       1.0000000000E+000         2.0000000000E+000         0.0000000000E+000         4.7209628423E+001         4.7873237553E+001         6.6428192116E+002         6.1162774307E+002         1.0910160345E+000         1.3661102131E+000         
2019-06-14                14:49:38.362              164.28447179              3942.827323               165.28447179              1560523778.363            0                         963                       1.0000000000E+000         1.6000000000E+001         0.0000000000E+000         4.7209628423E+001         4.7873237553E+001         4.9055182017E+002         6.7569602140E+002         1.0910160345E+000         1.3661102131E+000         
2019-06-14                14:50:27.582              164.28504147              3942.840995               165.28504147              1560523827.583            0                         963                       1.0000000000E+000         3.0000000000E+000         0.0000000000E+000         4.7209628423E+001         4.7873237553E+001         4.2629725228E+002         4.9898078304E+002         1.0910160345E+000         1.3661102131E+000         
2019-06-14                14:51:18.769              164.28563390              3942.855214               165.28563390              1560523878.769            0                         963                       1.0000000000E+000         3.0000000000E+000         0.0000000000E+000         4.7209628423E+001         4.7873237553E+001         4.2132039894E+002         4.3362215368E+002         1.0910160345E+000         1.3661102131E+000         
2019-06-14                14:52:08.035              164.28620411              3942.868899               165.28620411              1560523928.035            0                         963                       1.0000000000E+000         1.6000000000E+001         0.0000000000E+000         4.7209628423E+001         4.7873237553E+001         4.2282403258E+002         4.2855978499E+002         1.0910160345E+000         1.3661102131E+000         
2019-06-14                14:52:57.311              164.28677443              3942.882586               165.28677443              1560523977.311            0                         963                       1.0000000000E+000         4.0000000000E+000         0.0000000000E+000         4.7209628423E+001         4.7873237553E+001         7.0844503834E+002         4.3008925499E+002         1.0910160345E+000         1.3661102131E+000         
2019-06-14                14:53:45.625              164.28733363              3942.896007               165.28733363              1560524025.626            0                         963                       1.0000000000E+000         4.0000000000E+000         0.0000000000E+000         4.7209628423E+001         4.7873237553E+001         8.0461341510E+002         7.2061797641E+002         1.0910160345E+000         1.3661102131E+000         
2019-06-14                14:54:34.894              164.28790388              3942.909693               165.28790388              1560524074.895            0                         963                       1.0000000000E+000         1.6000000000E+001         0.0000000000E+000         4.7209628423E+001         4.7873237553E+001         5.7759236908E+002         8.1843877733E+002         1.0910160345E+000         1.3661102131E+000         
2019-06-14                14:55:23.201              164.28846299              3942.923112               165.28846299              1560524123.202            0                         963                       1.0000000000E+000         5.0000000000E+000         0.0000000000E+000         4.7209628423E+001         4.7873237553E+001         1.0036540877E+003         5.8751691616E+002         1.0910160345E+000         1.3661102131E+000         
2019-06-14                14:56:12.460              164.28903310              3942.936794               165.28903310              1560524172.460            0                         963                       1.0000000000E+000         5.0000000000E+000         0.0000000000E+000         4.7209628423E+001         4.7873237553E+001         1.0436843285E+003         1.0208994891E+003         1.0910160345E+000         1.3661102131E+000         
2019-06-14                14:57:01.696              164.28960296              3942.950471               165.28960296              1560524221.696            0                         963                       1.0000000000E+000         7.7955801105E+000         0.0000000000E+000         4.7209628423E+001         4.7873237553E+001         5.7877746725E+002         1.0616175541E+003         1.0910160345E+000         1.3661102131E+000         
2019-06-14                14:57:51.934              164.29018443              3942.964426               165.29018443              1560524271.935            0                         963                       1.0000000000E+000         6.0000000000E+000         0.0000000000E+000         4.7209628423E+001         4.7873237553E+001         7.1871475099E+002         5.8872237742E+002         1.0910160345E+000         1.3661102131E+000         
2019-06-14                14:58:41.210              164.29075476              3942.978114               165.29075476              1560524321.211            0                         963                       1.0000000000E+000         6.0000000000E+000         0.0000000000E+000         4.7209628423E+001         4.7873237553E+001         7.0920024582E+002         7.3106414958E+002         1.0910160345E+000         1.3661102131E+000         
2019-06-14                14:59:30.453              164.29132469              3942.991793               165.29132469              1560524370.453            0                         963                       1.0000000000E+000         6.0000000000E+000         0.0000000000E+000         4.7209628423E+001         4.7873237553E+001         5.0264292055E+002         7.2138616033E+002         1.0910160345E+000         1.3661102131E+000         
2019-06-14                15:00:21.667              164.29191744              3943.006019               165.29191744              1560524421.667            0                         963                       1.0000000000E+000         7.0000000000E+000         0.0000000000E+000         4.7209628423E+001         4.7873237553E+001         7.3956498476E+002         5.1127964015E+002         1.0910160345E+000         1.3661102131E+000         
2019-06-14                15:01:11.773              164.29249738              3943.019937               165.29249738              1560524471.774            0                         963                       1.0000000000E+000         7.0000000000E+000         0.0000000000E+000         4.7209628423E+001         4.7873237553E+001         7.7569124582E+002         7.5227264488E+002         1.0910160345E+000         1.3661102131E+000         
2019-06-14                15:02:00.996              164.29306709              3943.033610               165.29306709              1560524520.997            0                         963                       1.0000000000E+000         1.0067039106E+001         0.0000000000E+000         4.7209628423E+001         4.7873237553E+001         5.1718974215E+002         7.8901964956E+002         1.0910160345E+000         1.3661102131E+000         
2019-06-14                15:02:50.275              164.29363744              3943.047299               165.29363744              1560524570.275            0                         963                       1.0000000000E+000         8.0000000000E+000         0.0000000000E+000         4.7209628423E+001         4.7873237553E+001         1.0661045129E+003         5.2607641417E+002         1.0910160345E+000         1.3661102131E+000         
2019-06-14                15:03:18.845              164.29396811              3943.055235               165.29396811              1560524598.845            0                         963                       2.0000000000E+000         8.0000000000E+000         0.0000000000E+000         4.7256834943E+001         4.7873237553E+001         1.0661045129E+003         1.0844229758E+003         1.0910160345E+000         1.3661102131E+000         
2019-06-14                15:03:38.594              164.29419669              3943.060721               165.29419669              1560524618.594            0                         963                       1.0000000000E+000         8.0000000000E+000         0.0000000000E+000         4.7256834943E+001         4.7873237553E+001         8.7491262830E+002         1.0844229758E+003         1.0910160345E+000         1.3661102131E+000         
2019-06-14                15:04:27.880              164.29476713              3943.074411               165.29476713              1560524667.880            0                         963                       1.0000000000E+000         8.0000000000E+000         0.0000000000E+000         4.7256834943E+001         4.7921107639E+001         5.9157882772E+002         8.8994591482E+002         1.0910160345E+000         1.3661102131E+000         
2019-06-14                15:05:17.223              164.29533824              3943.088118               165.29533824              1560524717.224            0                         963                       1.0000000000E+000         9.0000000000E+000         0.0000000000E+000         4.7256834943E+001         4.7921107639E+001         8.7570464298E+002         6.0174369873E+002         1.0910160345E+000         1.3661102131E+000         
2019-06-14                15:06:07.378              164.29591874              3943.102050               165.29591874              1560524767.379            0                         963                       1.0000000000E+000         9.0000000000E+000         0.0000000000E+000         4.7256834943E+001         4.7921107639E+001         9.0277347743E+002         8.9075153837E+002         1.0910160345E+000         1.3661102131E+000         
2019-06-14                15:06:56.655              164.29648907              3943.115738               165.29648907              1560524816.656            0                         963                       1.0000000000E+000         9.0000000000E+000         0.0000000000E+000         4.7256834943E+001         4.7921107639E+001         5.3923870676E+002         9.1828548618E+002         1.0910160345E+000         1.3661102131E+000         
2019-06-14                15:07:45.894              164.29705897              3943.129415               165.29705897              1560524865.895            0                         963                       1.0000000000E+000         1.0000000000E+001         0.0000000000E+000         4.7256834943E+001         4.7921107639E+001         4.6484091745E+002         5.4850423765E+002         1.0910160345E+000         1.3661102131E+000         
2019-06-14                15:08:35.164              164.29762922              3943.143101               165.29762922              1560524915.165            0                         963                       1.0000000000E+000         1.0000000000E+001         0.0000000000E+000         4.7256834943E+001         4.7921107639E+001         4.1865330539E+002         4.7282809979E+002         1.0910160345E+000         1.3661102131E+000         
2019-06-14                15:09:26.385              164.29822206              3943.157329               165.29822206              1560524966.386            0                         963                       1.0000000000E+000         1.0000000000E+001         0.0000000000E+000         4.7256834943E+001         4.7921107639E+001         4.1856514462E+002         4.2584686379E+002         1.0910160345E+000         1.3661102131E+000         
2019-06-14                15:10:17.628              164.29881514              3943.171563               165.29881514              1560525017.628            0                         963                       1.0000000000E+000         1.1000000000E+001         0.0000000000E+000         4.7256834943E+001         4.7921107639E+001         4.1848410156E+002         4.2575718819E+002         1.0910160345E+000         1.3661102131E+000         
2019-06-14                15:11:08.836              164.29940784              3943.185788               165.29940784              1560525068.837            0                         963                       1.0000000000E+000         1.1000000000E+001         0.0000000000E+000         4.7256834943E+001         4.7921107639E+001         4.1844145020E+002         4.2567475260E+002         1.0910160345E+000         1.3661102131E+000         
2019-06-14                15:11:59.026              164.29998874              3943.199730               165.29998874              1560525119.027            0                         963                       1.0000000000E+000         1.3486033520E+001         0.0000000000E+000         4.7256834943E+001         4.7921107639E+001         4.1836650384E+002         4.2563136838E+002         1.0910160345E+000         1.3661102131E+000         
2019-06-14                15:12:48.273              164.30055873              3943.213409               165.30055873              1560525168.274            0                         963                       1.0000000000E+000         1.2000000000E+001         0.0000000000E+000         4.7256834943E+001         4.7921107639E+001         4.1832021103E+002         4.2555513425E+002         1.0910160345E+000         1.3661102131E+000         
2019-06-14                15:13:39.487              164.30115148              3943.227636               165.30115148              1560525219.488            0                         963                       1.0000000000E+000         1.2000000000E+001         0.0000000000E+000         4.7256834943E+001         4.7921107639E+001         4.1830323902E+002         4.2550804601E+002         1.0910160345E+000         1.3661102131E+000         
2019-06-14                15:13:44.861              164.30121367              3943.229128               165.30121367              1560525224.861            0                         963                       3.0000000000E+000         1.2000000000E+001         0.0000000000E+000         4.7256834943E+001         4.7924822391E+001         4.1830323902E+002         4.2553099616E+002         1.1030636117E+000         1.3807037205E+000         
2019-06-14                15:14:16.986              164.30158550              3943.238052               165.30158550              1560525256.987            0                         963                       1.0000000000E+000         1.2000000000E+001         0.0000000000E+000         4.7256834943E+001         4.7924822391E+001         4.1824197497E+002         4.2553099616E+002         1.1030636117E+000         1.3807037205E+000         
2019-06-14                15:15:06.262              164.30215581              3943.251739               165.30215581              1560525306.262            0                         963                       1.0000000000E+000         1.3000000000E+001         0.0000000000E+000         4.7256834943E+001         4.7928538959E+001         4.1829474137E+002         4.2550890139E+002         1.1030636117E+000         1.3807037205E+000         
2019-06-14                15:15:57.476              164.30274856              3943.265966               165.30274856              1560525357.476            0                         963                       1.0000000000E+000         1.3000000000E+001         0.0000000000E+000         4.7256834943E+001         4.7928538959E+001         4.1823815856E+002         4.2556258460E+002         1.1030636117E+000         1.3807037205E+000         
2019-06-14                15:16:48.632              164.30334066              3943.280176               165.30334066              1560525408.633            0                         963                       1.0000000000E+000         1.3000000000E+001         0.0000000000E+000         4.7256834943E+001         4.7928538959E+001         4.1804861496E+002         4.2550501867E+002         1.1030636117E+000         1.3807037205E+000         
2019-06-14                15:17:39.819              164.30393309              3943.294394               165.30393309              1560525459.819            0                         963                       1.0000000000E+000         1.4000000000E+001         0.0000000000E+000         4.7256834943E+001         4.7928538959E+001         4.1797146210E+002         4.2531218176E+002         1.1030636117E+000         1.3807037205E+000         
2019-06-14                15:18:29.075              164.30450318              3943.308076               165.30450318              1560525509.075            0                         963                       1.0000000000E+000         1.4000000000E+001         0.0000000000E+000         4.7256834943E+001         4.7928538959E+001         4.1787804135E+002         4.2523368837E+002         1.1030636117E+000         1.3807037205E+000         
2019-06-14                15:19:18.315              164.30507310              3943.321754               165.30507310              1560525558.316            0                         963                       1.0000000000E+000         1.4000000000E+001         0.0000000000E+000         4.7256834943E+001         4.7928538959E+001         4.1779933031E+002         4.2513864445E+002         1.1030636117E+000         1.3807037205E+000         
2019-06-14                15:20:07.582              164.30564332              3943.335440               165.30564332              1560525607.583            0                         963                       1.0000000000E+000         1.5000000000E+001         0.0000000000E+000         4.7256834943E+001         4.7928538959E+001         4.1778506378E+002         4.2505856581E+002         1.1030636117E+000         1.3807037205E+000         
