DATE                      TIME                      FRAC_DAYS_SINCE_JAN1      FRAC_HRS_SINCE_JAN1       JULIAN_DAYS               EPOCH_TIME                ALARM_STATUS              INST_STATUS               species                   MPVPosition               solenoid_valves           CH4                       CH4_dry                   CO2                       CO2_dry                   H2O                       h2o_reported              
2019-11-10                08:57:55.141              313.04022154              7512.965317               314.04022154              1573376275.141            0                         963                       1.0000000000E+000         1.2000000000E+001         0.0000000000E+000         4.2026866831E+001         4.3246078852E+001         5.0151234531E+002         4.8903151267E+002         2.2212882294E+000         2.6940537392E+000         
2019-11-10                08:58:46.322              313.04081392              7512.979534               314.04081392              1573376326.323            0                         963                       1.0000000000E+000         1.2000000000E+001         0.0000000000E+000         4.2026866831E+001         4.3246078852E+001         5.1190496550E+002         5.1930875201E+002         2.2212882294E+000         2.6940537392E+000         
2019-11-10                08:59:36.405              313.04139359              7512.993446               314.04139359              1573376376.406            0                         963                       1.0000000000E+000         1.6000000000E+001         0.0000000000E+000         4.2026866831E+001         4.3246078852E+001         4.7398636239E+002         5.3007015932E+002         2.2212882294E+000         2.6940537392E+000         
2019-11-10                09:00:27.499              313.04198494              7513.007639               314.04198494              1573376427.499            0                         963                       1.0000000000E+000         1.3000000000E+001         0.0000000000E+000         4.2026866831E+001         4.3246078852E+001         4.9310063651E+002         4.9080599635E+002         2.2212882294E+000         2.6940537392E+000         
2019-11-10                09:01:18.674              313.04257725              7513.021854               314.04257725              1573376478.674            0                         963                       1.0000000000E+000         1.3000000000E+001         0.0000000000E+000         4.2026866831E+001         4.3246078852E+001         4.9794346574E+002         5.1059854968E+002         2.2212882294E+000         2.6940537392E+000         
2019-11-10                09:02:09.808              313.04316907              7513.036058               314.04316907              1573376529.808            0                         963                       1.0000000000E+000         1.6000000000E+001         0.0000000000E+000         4.2026866831E+001         4.3246078852E+001         4.6843817263E+002         5.1561322903E+002         2.2212882294E+000         2.6940537392E+000         
2019-11-10                09:03:00.890              313.04376030              7513.050247               314.04376030              1573376580.890            0                         963                       1.0000000000E+000         1.4000000000E+001         0.0000000000E+000         4.2026866831E+001         4.3246078852E+001         4.8336634101E+002         4.8506092641E+002         2.2212882294E+000         2.6940537392E+000         
2019-11-10                09:03:50.124              313.04433014              7513.063923               314.04433014              1573376630.124            0                         963                       1.0000000000E+000         1.4000000000E+001         0.0000000000E+000         4.2026866831E+001         4.3246078852E+001         4.8656647234E+002         5.0051882802E+002         2.2212882294E+000         2.6940537392E+000         
2019-11-10                09:04:41.270              313.04492212              7513.078131               314.04492212              1573376681.271            0                         963                       1.0000000000E+000         1.6000000000E+001         0.0000000000E+000         4.2026866831E+001         4.3246078852E+001         4.6667772778E+002         5.0383251756E+002         2.2212882294E+000         2.6940537392E+000         
2019-11-10                09:05:32.545              313.04551557              7513.092374               314.04551557              1573376732.545            0                         963                       1.0000000000E+000         1.5000000000E+001         0.0000000000E+000         4.2026866831E+001         4.3246078852E+001         4.7629727755E+002         4.8323801133E+002         2.2212882294E+000         2.6940537392E+000         
2019-11-10                09:06:22.622              313.04609517              7513.106284               314.04609517              1573376782.623            0                         963                       1.0000000000E+000         1.5000000000E+001         0.0000000000E+000         4.2026866831E+001         4.3246078852E+001         4.7840492546E+002         4.9319891544E+002         2.2212882294E+000         2.6940537392E+000         
2019-11-10                09:07:12.696              313.04667472              7513.120193               314.04667472              1573376832.696            0                         963                       1.0000000000E+000         1.6000000000E+001         0.0000000000E+000         4.2026866831E+001         4.3246078852E+001         4.6550529582E+002         4.9538135425E+002         2.2212882294E+000         2.6940537392E+000         
2019-11-10                09:08:04.897              313.04727890              7513.134694               314.04727890              1573376884.897            0                         963                       1.0000000000E+000         1.6000000000E+001         0.0000000000E+000         4.2026866831E+001         4.3246078852E+001         4.6345655189E+002         4.8202397506E+002         2.2212882294E+000         2.6940537392E+000         
2019-11-10                09:08:57.098              313.04788309              7513.149194               314.04788309              1573376937.099            0                         963                       1.0000000000E+000         1.6000000000E+001         0.0000000000E+000         4.2026866831E+001         4.3246078852E+001         4.6356328532E+002         4.7990253047E+002         2.2212882294E+000         2.6940537392E+000         
2019-11-10                09:09:49.286              313.04848711              7513.163691               314.04848711              1573376989.286            0                         963                       1.0000000000E+000         1.6000000000E+001         0.0000000000E+000         4.2026866831E+001         4.3246078852E+001         4.6353906688E+002         4.8001305138E+002         2.2212882294E+000         2.6940537392E+000         
2019-11-10                09:10:41.494              313.04909138              7513.178193               314.04909138              1573377041.495            0                         963                       1.0000000000E+000         1.6000000000E+001         0.0000000000E+000         4.2026866831E+001         4.3246078852E+001         4.6355422296E+002         4.7998797354E+002         2.2212882294E+000         2.6940537392E+000         
2019-11-10                09:11:32.693              313.04968395              7513.192415               314.04968395              1573377092.693            0                         963                       1.0000000000E+000         1.6000000000E+001         0.0000000000E+000         4.2026866831E+001         4.3246078852E+001         4.6358022977E+002         4.8000366744E+002         2.2212882294E+000         2.6940537392E+000         
2019-11-10                09:12:23.885              313.05027646              7513.206635               314.05027646              1573377143.886            0                         963                       1.0000000000E+000         1.6000000000E+001         0.0000000000E+000         4.2026866831E+001         4.3246078852E+001         4.6353285054E+002         4.8003059712E+002         2.2212882294E+000         2.6940537392E+000         
2019-11-10                09:13:13.115              313.05084625              7513.220310               314.05084625              1573377193.116            0                         963                       1.0000000000E+000         1.6000000000E+001         0.0000000000E+000         4.2026866831E+001         4.3246078852E+001         4.6351014939E+002         4.7998153661E+002         2.2212882294E+000         2.6940537392E+000         
2019-11-10                09:14:03.244              313.05142645              7513.234235               314.05142645              1573377243.245            0                         963                       1.0000000000E+000         1.6000000000E+001         0.0000000000E+000         4.2026866831E+001         4.3246078852E+001         4.6349540805E+002         4.7995802990E+002         2.2212882294E+000         2.6940537392E+000         
2019-11-10                09:14:54.434              313.05201891              7513.248454               314.05201891              1573377294.434            0                         963                       1.0000000000E+000         1.6000000000E+001         0.0000000000E+000         4.2026866831E+001         4.3246078852E+001         4.6344633047E+002         4.7994276545E+002         2.2212882294E+000         2.6940537392E+000         
2019-11-10                09:15:45.625              313.05261140              7513.262674               314.05261140              1573377345.625            0                         963                       1.0000000000E+000         1.6000000000E+001         0.0000000000E+000         4.2026866831E+001         4.3246078852E+001         4.6339943997E+002         4.7989194633E+002         2.2212882294E+000         2.6940537392E+000         
2019-11-10                09:16:35.707              313.05319105              7513.276585               314.05319105              1573377395.707            0                         963                       1.0000000000E+000         1.6000000000E+001         0.0000000000E+000         4.2026866831E+001         4.3246078852E+001         4.6336909856E+002         4.7984339190E+002         2.2212882294E+000         2.6940537392E+000         
2019-11-10                09:17:27.898              313.05379513              7513.291083               314.05379513              1573377447.899            0                         963                       1.0000000000E+000         1.0000000000E+000         0.0000000000E+000         4.2026866831E+001         4.3246078852E+001         5.8370119658E+002         4.7981197382E+002         2.2212882294E+000         2.6940537392E+000         
2019-11-10                09:18:20.065              313.05439891              7513.305574               314.05439891              1573377500.066            0                         963                       1.0000000000E+000         1.0000000000E+000         0.0000000000E+000         4.2026866831E+001         4.3246078852E+001         6.2015197514E+002         6.0441411418E+002         2.2212882294E+000         2.6940537392E+000         
2019-11-10                09:19:11.217              313.05499095              7513.319783               314.05499095              1573377551.218            0                         963                       1.0000000000E+000         1.0000000000E+000         0.0000000000E+000         4.2026866831E+001         4.3246078852E+001         5.0834737377E+002         6.4215836614E+002         2.2212882294E+000         2.6940537392E+000         
2019-11-10                09:20:02.309              313.05558229              7513.333975               314.05558229              1573377602.310            0                         963                       1.0000000000E+000         2.0000000000E+000         0.0000000000E+000         4.2026866831E+001         4.3246078852E+001         5.7113977201E+002         5.2638632474E+002         2.2212882294E+000         2.6940537392E+000         
2019-11-10                09:20:52.391              313.05616194              7513.347887               314.05616194              1573377652.392            0                         963                       1.0000000000E+000         2.0000000000E+000         0.0000000000E+000         4.2026866831E+001         4.3246078852E+001         5.7721391803E+002         5.9140694142E+002         2.2212882294E+000         2.6940537392E+000         
2019-11-10                09:21:42.477              313.05674164              7513.361799               314.05674164              1573377702.478            0                         963                       1.0000000000E+000         2.0000000000E+000         0.0000000000E+000         4.2026866831E+001         4.3246078852E+001         4.8097718130E+002         5.9769663143E+002         2.2212882294E+000         2.6940537392E+000         
2019-11-10                09:21:46.084              313.05678338              7513.362801               314.05678338              1573377706.084            0                         963                       3.0000000000E+000         2.0000000000E+000         0.0000000000E+000         4.2026866831E+001         4.3190211005E+001         4.8097718130E+002         4.9726163497E+002         2.0233275230E+000         2.4671928053E+000         
2019-11-10                09:22:18.127              313.05715425              7513.371702               314.05715425              1573377738.127            0                         963                       1.0000000000E+000         1.6000000000E+001         0.0000000000E+000         4.2026866831E+001         4.3190211005E+001         4.6616075873E+002         4.9726163497E+002         2.0233275230E+000         2.4671928053E+000         
2019-11-10                09:23:08.200              313.05773380              7513.385611               314.05773380              1573377788.200            0                         963                       1.0000000000E+000         3.0000000000E+000         0.0000000000E+000         4.2026866831E+001         4.3134759938E+001         5.1805771060E+002         4.8119024932E+002         2.0233275230E+000         2.4671928053E+000         
2019-11-10                09:23:59.292              313.05832515              7513.399804               314.05832515              1573377839.293            0                         963                       1.0000000000E+000         3.0000000000E+000         0.0000000000E+000         4.2026866831E+001         4.3134759938E+001         5.3275733326E+002         5.3476041099E+002         2.0233275230E+000         2.4671928053E+000         
2019-11-10                09:24:49.417              313.05890530              7513.413727               314.05890530              1573377889.418            0                         963                       1.0000000000E+000         1.6000000000E+001         0.0000000000E+000         4.2026866831E+001         4.3134759938E+001         4.7761333954E+002         5.4993396424E+002         2.0233275230E+000         2.4671928053E+000         
2019-11-10                09:25:40.467              313.05949616              7513.427908               314.05949616              1573377940.468            0                         963                       1.0000000000E+000         4.0000000000E+000         0.0000000000E+000         4.2026866831E+001         4.3134759938E+001         4.9519840059E+002         4.9301207283E+002         2.0233275230E+000         2.4671928053E+000         
2019-11-10                09:26:30.552              313.06007584              7513.441820               314.06007584              1573377990.553            0                         963                       1.0000000000E+000         4.0000000000E+000         0.0000000000E+000         4.2026866831E+001         4.3134759938E+001         5.0348431010E+002         5.1116409389E+002         2.0233275230E+000         2.4671928053E+000         
2019-11-10                09:27:20.627              313.06065541              7513.455730               314.06065541              1573378040.627            0                         963                       1.0000000000E+000         5.4254143646E+000         0.0000000000E+000         4.2026866831E+001         4.3134759938E+001         4.7115480019E+002         5.1971714944E+002         2.0233275230E+000         2.4671928053E+000         
2019-11-10                09:28:11.789              313.06124757              7513.469942               314.06124757              1573378091.790            0                         963                       1.0000000000E+000         5.0000000000E+000         0.0000000000E+000         4.2026866831E+001         4.3134759938E+001         5.1301600356E+002         4.8634530369E+002         2.0233275230E+000         2.4671928053E+000         
2019-11-10                09:29:03.036              313.06184069              7513.484177               314.06184069              1573378143.036            0                         963                       1.0000000000E+000         5.0000000000E+000         0.0000000000E+000         4.2026866831E+001         4.3134759938E+001         5.2364364472E+002         5.2955615426E+002         2.0233275230E+000         2.4671928053E+000         
2019-11-10                09:29:53.111              313.06242027              7513.498086               314.06242027              1573378193.111            0                         963                       1.0000000000E+000         6.0000000000E+000         0.0000000000E+000         4.2026866831E+001         4.3134759938E+001         4.7742383718E+002         5.4052644123E+002         2.0233275230E+000         2.4671928053E+000         
2019-11-10                09:30:43.233              313.06300039              7513.512009               314.06300039              1573378243.234            0                         963                       1.0000000000E+000         6.0000000000E+000         0.0000000000E+000         4.2026866831E+001         4.3134759938E+001         4.8333137890E+002         4.9281646073E+002         2.0233275230E+000         2.4671928053E+000         
2019-11-10                09:31:34.392              313.06359251              7513.526220               314.06359251              1573378294.393            0                         963                       1.0000000000E+000         6.0000000000E+000         0.0000000000E+000         4.2026866831E+001         4.3134759938E+001         4.8285012754E+002         4.9891446752E+002         2.0233275230E+000         2.4671928053E+000         
2019-11-10                09:32:25.644              313.06418571              7513.540457               314.06418571              1573378345.645            0                         963                       1.0000000000E+000         7.0000000000E+000         0.0000000000E+000         4.2026866831E+001         4.3134759938E+001         4.7486146821E+002         4.9841770013E+002         2.0233275230E+000         2.4671928053E+000         
2019-11-10                09:33:15.720              313.06476528              7513.554367               314.06476528              1573378395.720            0                         963                       1.0000000000E+000         7.0000000000E+000         0.0000000000E+000         4.2026866831E+001         4.3134759938E+001         4.8910453756E+002         4.9017147840E+002         2.0233275230E+000         2.4671928053E+000         
2019-11-10                09:34:05.819              313.06534513              7513.568283               314.06534513              1573378445.819            0                         963                       1.0000000000E+000         7.0000000000E+000         0.0000000000E+000         4.2026866831E+001         4.3134759938E+001         4.8425072037E+002         5.0487375860E+002         2.0233275230E+000         2.4671928053E+000         
2019-11-10                09:34:56.977              313.06593725              7513.582494               314.06593725              1573378496.978            0                         963                       1.0000000000E+000         8.0000000000E+000         0.0000000000E+000         4.2026866831E+001         4.3134759938E+001         4.9880072708E+002         4.9986344947E+002         2.0233275230E+000         2.4671928053E+000         
2019-11-10                09:35:47.081              313.06651714              7513.596411               314.06651714              1573378547.081            0                         963                       1.0000000000E+000         8.0000000000E+000         0.0000000000E+000         4.2026866831E+001         4.3134759938E+001         5.0289990580E+002         5.1488256300E+002         2.0233275230E+000         2.4671928053E+000         
2019-11-10                09:36:36.335              313.06708722              7513.610093               314.06708722              1573378596.336            0                         963                       1.0000000000E+000         8.0000000000E+000         0.0000000000E+000         4.2026866831E+001         4.3134759938E+001         4.7172573004E+002         5.1911390336E+002         2.0233275230E+000         2.4671928053E+000         
2019-11-10                09:37:26.453              313.06766728              7513.624015               314.06766728              1573378646.453            0                         963                       1.0000000000E+000         9.0000000000E+000         0.0000000000E+000         4.2026866831E+001         4.3134759938E+001         4.9702948815E+002         4.8693464089E+002         2.0233275230E+000         2.4671928053E+000         
2019-11-10                09:38:17.644              313.06825978              7513.638235               314.06825978              1573378697.645            0                         963                       1.0000000000E+000         9.0000000000E+000         0.0000000000E+000         4.2026866831E+001         4.3134759938E+001         5.0366162029E+002         5.1305421756E+002         2.0233275230E+000         2.4671928053E+000         
2019-11-10                09:39:08.812              313.06885200              7513.652448               314.06885200              1573378748.813            0                         963                       1.0000000000E+000         9.0000000000E+000         0.0000000000E+000         4.2026866831E+001         4.3134759938E+001         4.7223428471E+002         5.1990017629E+002         2.0233275230E+000         2.4671928053E+000         
2019-11-10                09:39:59.887              313.06944314              7513.666635               314.06944314              1573378799.887            0                         963                       1.0000000000E+000         1.0000000000E+001         0.0000000000E+000         4.2026866831E+001         4.3134759938E+001         5.3173329920E+002         4.8745959187E+002         2.0233275230E+000         2.4671928053E+000         
2019-11-10                09:40:49.986              313.07002299              7513.680552               314.07002299              1573378849.986            0                         963                       1.0000000000E+000         1.0000000000E+001         0.0000000000E+000         4.2026866831E+001         4.3134759938E+001         5.3757479609E+002         5.4887691429E+002         2.0233275230E+000         2.4671928053E+000         
2019-11-10                09:41:41.137              313.07061501              7513.694760               314.07061501              1573378901.137            0                         963                       1.0000000000E+000         1.0000000000E+001         0.0000000000E+000         4.2026866831E+001         4.3134759938E+001         4.7137884149E+002         5.5490674690E+002         2.0233275230E+000         2.4671928053E+000         
2019-11-10                09:42:32.334              313.07120757              7513.708982               314.07120757              1573378952.334            0                         963                       1.0000000000E+000         1.1000000000E+001         0.0000000000E+000         4.2026866831E+001         4.3134759938E+001         5.5908737420E+002         4.8657656831E+002         2.0233275230E+000         2.4671928053E+000         
2019-11-10                09:43:22.404              313.07178708              7513.722890               314.07178708              1573379002.404            0                         963                       1.0000000000E+000         1.1000000000E+001         0.0000000000E+000         4.2026866831E+001         4.3134759938E+001         5.7218440378E+002         5.7711291211E+002         2.0233275230E+000         2.4671928053E+000         
2019-11-10                09:44:12.503              313.07236694              7513.736807               314.07236694              1573379052.504            0                         963                       1.0000000000E+000         1.1000000000E+001         0.0000000000E+000         4.2026866831E+001         4.3134759938E+001         4.7975772466E+002         5.9063220307E+002         2.0233275230E+000         2.4671928053E+000         
2019-11-10                09:45:03.697              313.07295946              7513.751027               314.07295946              1573379103.697            0                         963                       1.0000000000E+000         1.2000000000E+001         0.0000000000E+000         4.2026866831E+001         4.3134759938E+001         5.1511274355E+002         4.9522559508E+002         2.0233275230E+000         2.4671928053E+000         
2019-11-10                09:45:54.871              313.07355176              7513.765242               314.07355176              1573379154.872            0                         963                       1.0000000000E+000         1.2000000000E+001         0.0000000000E+000         4.2026866831E+001         4.3134759938E+001         5.2611276657E+002         5.3172049525E+002         2.0233275230E+000         2.4671928053E+000         
2019-11-10                09:46:46.102              313.07414471              7513.779473               314.07414471              1573379206.103            0                         963                       1.0000000000E+000         1.3348066298E+001         0.0000000000E+000         4.2026866831E+001         4.3134759938E+001         4.8132791283E+002         5.4307517005E+002         2.0233275230E+000         2.4671928053E+000         
2019-11-10                09:47:37.269              313.07473692              7513.793686               314.07473692              1573379257.270            0                         963                       1.0000000000E+000         1.3000000000E+001         0.0000000000E+000         4.2026866831E+001         4.3134759938E+001         5.1755943939E+002         4.9684640769E+002         2.0233275230E+000         2.4671928053E+000         
2019-11-10                09:48:27.477              313.07531803              7513.807633               314.07531803              1573379307.478            0                         963                       1.0000000000E+000         1.3000000000E+001         0.0000000000E+000         4.2026866831E+001         4.3134759938E+001         5.2007511470E+002         5.3424607502E+002         2.0233275230E+000         2.4671928053E+000         
2019-11-10                09:49:16.714              313.07588791              7513.821310               314.07588791              1573379356.715            0                         963                       1.0000000000E+000         1.6000000000E+001         0.0000000000E+000         4.2026866831E+001         4.3134759938E+001         4.7141103966E+002         5.3684285823E+002         2.0233275230E+000         2.4671928053E+000         
2019-11-10                09:50:06.829              313.07646794              7513.835231               314.07646794              1573379406.830            0                         963                       1.0000000000E+000         1.4000000000E+001         0.0000000000E+000         4.2026866831E+001         4.3134759938E+001         5.0882326392E+002         4.8660980458E+002         2.0233275230E+000         2.4671928053E+000         
2019-11-10                09:50:56.924              313.07704774              7513.849146               314.07704774              1573379456.925            0                         963                       1.0000000000E+000         1.4000000000E+001         0.0000000000E+000         4.2026866831E+001         4.3134759938E+001         5.1247413205E+002         5.2522823649E+002         2.0233275230E+000         2.4671928053E+000         
2019-11-10                09:51:46.125              313.07761720              7513.862813               314.07761720              1573379506.126            0                         963                       1.0000000000E+000         1.6000000000E+001         0.0000000000E+000         4.2026866831E+001         4.3134759938E+001         4.6814635985E+002         5.2899681226E+002         2.0233275230E+000         2.4671928053E+000         
2019-11-10                09:52:36.223              313.07819704              7513.876729               314.07819704              1573379556.224            0                         963                       1.0000000000E+000         1.5000000000E+001         0.0000000000E+000         4.2026866831E+001         4.3134759938E+001         4.9106427265E+002         4.8323986822E+002         2.0233275230E+000         2.4671928053E+000         
2019-11-10                09:53:26.301              313.07877663              7513.890639               314.07877663              1573379606.301            0                         963                       1.0000000000E+000         1.5000000000E+001         0.0000000000E+000         4.2026866831E+001         4.3134759938E+001         4.9422444643E+002         5.0689667752E+002         2.0233275230E+000         2.4671928053E+000         
2019-11-10                09:54:15.539              313.07934652              7513.904316               314.07934652              1573379655.539            0                         963                       1.0000000000E+000         1.6000000000E+001         0.0000000000E+000         4.2026866831E+001         4.3134759938E+001         4.6672528706E+002         5.1015873847E+002         2.0233275230E+000         2.4671928053E+000         
2019-11-10                09:55:06.720              313.07993890              7513.918534               314.07993890              1573379706.721            0                         963                       1.0000000000E+000         1.6000000000E+001         0.0000000000E+000         4.2026866831E+001         4.3134759938E+001         4.6251356676E+002         4.8177297861E+002         2.0233275230E+000         2.4671928053E+000         
2019-11-10                09:55:57.951              313.08053185              7513.932764               314.08053185              1573379757.952            0                         963                       1.0000000000E+000         1.6000000000E+001         0.0000000000E+000         4.2026866831E+001         4.3134759938E+001         4.6131084411E+002         4.7742546822E+002         2.0233275230E+000         2.4671928053E+000         
2019-11-10                09:56:49.092              313.08112376              7513.946970               314.08112376              1573379809.093            0                         963                       1.0000000000E+000         1.6000000000E+001         0.0000000000E+000         4.2026866831E+001         4.3134759938E+001         4.6134755829E+002         4.7618396859E+002         2.0233275230E+000         2.4671928053E+000         
2019-11-10                09:57:40.255              313.08171591              7513.961182               314.08171591              1573379860.255            0                         963                       1.0000000000E+000         1.6000000000E+001         0.0000000000E+000         4.2026866831E+001         4.3134759938E+001         4.6137992932E+002         4.7622186647E+002         2.0233275230E+000         2.4671928053E+000         
2019-11-10                09:58:31.418              313.08230809              7513.975394               314.08230809              1573379911.419            0                         963                       1.0000000000E+000         1.6000000000E+001         0.0000000000E+000         4.2026866831E+001         4.3134759938E+001         4.6134843763E+002         4.7625528118E+002         2.0233275230E+000         2.4671928053E+000         
