DATE                      TIME                      FRAC_DAYS_SINCE_JAN1      FRAC_HRS_SINCE_JAN1       JULIAN_DAYS               EPOCH_TIME                ALARM_STATUS              INST_STATUS               species                   MPVPosition               solenoid_valves           CH4                       CH4_dry                   CO2                       CO2_dry                   H2O                       h2o_reported              
2019-07-27                14:50:42.476              207.28521385              4974.845132               208.28521385              1564239042.477            0                         963                       1.0000000000E+000         1.6000000000E+001         0.0000000000E+000         4.9862886750E+001         5.0658762835E+001         4.4909713560E+002         4.5787865499E+002         1.2367022299E+000         1.5419140458E+000         
2019-07-27                14:50:46.128              207.28525612              4974.846147               208.28525612              1564239046.129            0                         963                       3.0000000000E+000         1.6000000000E+001         0.0000000000E+000         4.9862886750E+001         5.0663561594E+001         4.4909713560E+002         4.5791285338E+002         1.2514010014E+000         1.5595711345E+000         
2019-07-27                14:51:20.092              207.28564922              4974.855581               208.28564922              1564239080.093            0                         963                       1.0000000000E+000         1.6000000000E+001         0.0000000000E+000         4.9862886750E+001         5.0663561594E+001         4.4909823508E+002         4.5791285338E+002         1.2514010014E+000         1.5595711345E+000         
2019-07-27                14:52:10.315              207.28623050              4974.869532               208.28623050              1564239130.315            0                         963                       1.0000000000E+000         1.0000000000E+000         0.0000000000E+000         4.9862886750E+001         5.0668363182E+001         4.4907463341E+002         4.5796687373E+002         1.2514010014E+000         1.5595711345E+000         
2019-07-27                14:53:01.503              207.28682296              4974.883751               208.28682296              1564239181.504            0                         963                       1.0000000000E+000         1.0000000000E+000         0.0000000000E+000         4.9862886750E+001         5.0668363182E+001         4.5305991213E+002         4.5794280598E+002         1.2514010014E+000         1.5595711345E+000         
2019-07-27                14:53:50.743              207.28739287              4974.897429               208.28739287              1564239230.744            0                         963                       1.0000000000E+000         1.0000000000E+000         0.0000000000E+000         4.9862886750E+001         5.0668363182E+001         4.5370096967E+002         4.6200678463E+002         1.2514010014E+000         1.5595711345E+000         
2019-07-27                14:54:39.999              207.28796295              4974.911111               208.28796295              1564239279.999            0                         963                       1.0000000000E+000         1.0000000000E+000         0.0000000000E+000         4.9862886750E+001         5.0668363182E+001         4.4970969997E+002         4.6266050155E+002         1.2514010014E+000         1.5595711345E+000         
2019-07-27                14:55:31.181              207.28855535              4974.925328               208.28855535              1564239331.182            0                         963                       1.0000000000E+000         1.0000000000E+000         0.0000000000E+000         4.9862886750E+001         5.0668363182E+001         4.4877825899E+002         4.5859041362E+002         1.2514010014E+000         1.5595711345E+000         
2019-07-27                14:56:22.357              207.28914765              4974.939544               208.28914765              1564239382.357            0                         963                       1.0000000000E+000         1.6000000000E+001         0.0000000000E+000         4.9862886750E+001         5.0668363182E+001         4.4867128453E+002         4.5764057887E+002         1.2514010014E+000         1.5595711345E+000         
2019-07-27                14:57:11.635              207.28971801              4974.953232               208.28971801              1564239431.636            0                         963                       1.0000000000E+000         2.0000000000E+000         0.0000000000E+000         4.9862886750E+001         5.0668363182E+001         4.4894151155E+002         4.5753149191E+002         1.2514010014E+000         1.5595711345E+000         
2019-07-27                14:58:02.795              207.29031013              4974.967443               208.29031013              1564239482.795            0                         963                       1.0000000000E+000         2.0000000000E+000         0.0000000000E+000         4.9862886750E+001         5.0668363182E+001         4.4902131988E+002         4.5780705529E+002         1.2514010014E+000         1.5595711345E+000         
2019-07-27                14:58:53.980              207.29090255              4974.981661               208.29090255              1564239533.980            0                         963                       1.0000000000E+000         2.0000000000E+000         0.0000000000E+000         4.9862886750E+001         5.0668363182E+001         4.4907002032E+002         4.5788843964E+002         1.2514010014E+000         1.5595711345E+000         
2019-07-27                14:59:45.161              207.29149493              4974.995878               208.29149493              1564239585.162            0                         963                       1.0000000000E+000         2.0000000000E+000         0.0000000000E+000         4.9862886750E+001         5.0668363182E+001         4.4916087921E+002         4.5793810179E+002         1.2514010014E+000         1.5595711345E+000         
2019-07-27                15:00:35.311              207.29207536              4975.009809               208.29207536              1564239635.311            0                         963                       1.0000000000E+000         2.0000000000E+000         0.0000000000E+000         4.9862886750E+001         5.0668363182E+001         4.4921906917E+002         4.5803075494E+002         1.2514010014E+000         1.5595711345E+000         
2019-07-27                15:01:23.576              207.29263399              4975.023216               208.29263399              1564239683.577            0                         963                       1.0000000000E+000         3.0000000000E+000         0.0000000000E+000         4.9862886750E+001         5.0668363182E+001         4.6201826358E+002         4.5809009402E+002         1.2514010014E+000         1.5595711345E+000         
2019-07-27                15:02:14.755              207.29322633              4975.037432               208.29322633              1564239734.755            0                         963                       1.0000000000E+000         3.0000000000E+000         0.0000000000E+000         4.9862886750E+001         5.0668363182E+001         4.6361752582E+002         4.7114204255E+002         1.2514010014E+000         1.5595711345E+000         
2019-07-27                15:03:05.891              207.29381819              4975.051637               208.29381819              1564239785.892            0                         963                       1.0000000000E+000         3.0000000000E+000         0.0000000000E+000         4.9862886750E+001         5.0668363182E+001         4.5058271719E+002         4.7277288647E+002         1.2514010014E+000         1.5595711345E+000         
2019-07-27                15:03:55.178              207.29438865              4975.065327               208.29438865              1564239835.179            0                         963                       1.0000000000E+000         3.0000000000E+000         0.0000000000E+000         4.9862886750E+001         5.0668363182E+001         4.4841844328E+002         4.5948067089E+002         1.2514010014E+000         1.5595711345E+000         
2019-07-27                15:04:44.428              207.29495867              4975.079008               208.29495867              1564239884.429            0                         963                       1.0000000000E+000         3.0000000000E+000         0.0000000000E+000         4.9862886750E+001         5.0668363182E+001         4.4801180111E+002         4.5727365763E+002         1.2514010014E+000         1.5595711345E+000         
2019-07-27                15:05:35.703              207.29555212              4975.093251               208.29555212              1564239935.703            0                         963                       1.0000000000E+000         1.6000000000E+001         0.0000000000E+000         4.9862886750E+001         5.0668363182E+001         4.4846772589E+002         4.5685898523E+002         1.2514010014E+000         1.5595711345E+000         
2019-07-27                15:06:25.940              207.29613358              4975.107206               208.29613358              1564239985.941            0                         963                       1.0000000000E+000         1.6000000000E+001         0.0000000000E+000         4.9862886750E+001         5.0668363182E+001         4.4894560678E+002         4.5732391346E+002         1.2514010014E+000         1.5595711345E+000         
2019-07-27                15:07:15.167              207.29670332              4975.120880               208.29670332              1564240035.167            0                         963                       1.0000000000E+000         1.6000000000E+001         0.0000000000E+000         4.9862886750E+001         5.0668363182E+001         4.4878646222E+002         4.5781123138E+002         1.2514010014E+000         1.5595711345E+000         
2019-07-27                15:08:04.400              207.29727315              4975.134556               208.29727315              1564240084.400            0                         963                       1.0000000000E+000         1.6000000000E+001         0.0000000000E+000         4.9862886750E+001         5.0668363182E+001         4.4859465462E+002         4.5764894409E+002         1.2514010014E+000         1.5595711345E+000         
2019-07-27                15:08:55.638              207.29786619              4975.148789               208.29786619              1564240135.639            0                         963                       1.0000000000E+000         1.6000000000E+001         0.0000000000E+000         4.9862886750E+001         5.0668363182E+001         4.4837064897E+002         4.5745334874E+002         1.2514010014E+000         1.5595711345E+000         
2019-07-27                15:09:46.857              207.29845899              4975.163016               208.29845899              1564240186.857            0                         963                       1.0000000000E+000         1.6000000000E+001         0.0000000000E+000         4.9862886750E+001         5.0668363182E+001         4.4809306168E+002         4.5722491950E+002         1.2514010014E+000         1.5595711345E+000         
2019-07-27                15:10:38.132              207.29905247              4975.177259               208.29905247              1564240238.133            0                         963                       1.0000000000E+000         1.6000000000E+001         0.0000000000E+000         4.9862886750E+001         5.0668363182E+001         4.4780776687E+002         4.5694185052E+002         1.2514010014E+000         1.5595711345E+000         
2019-07-27                15:11:27.375              207.29962240              4975.190937               208.29962240              1564240287.375            0                         963                       1.0000000000E+000         1.6000000000E+001         0.0000000000E+000         4.9862886750E+001         5.0668363182E+001         4.4753783162E+002         4.5665092180E+002         1.2514010014E+000         1.5595711345E+000         
2019-07-27                15:12:18.545              207.30021464              4975.205151               208.30021464              1564240338.545            0                         963                       1.0000000000E+000         1.6000000000E+001         0.0000000000E+000         4.9862886750E+001         5.0668363182E+001         4.4728534375E+002         4.5637565596E+002         1.2514010014E+000         1.5595711345E+000         
2019-07-27                15:13:09.739              207.30080716              4975.219372               208.30080716              1564240389.739            0                         963                       1.0000000000E+000         1.6000000000E+001         0.0000000000E+000         4.9862886750E+001         5.0668363182E+001         4.4699979271E+002         4.5611818204E+002         1.2514010014E+000         1.5595711345E+000         
2019-07-27                15:14:00.046              207.30138943              4975.233346               208.30138943              1564240440.047            0                         963                       1.0000000000E+000         1.6000000000E+001         0.0000000000E+000         4.9862886750E+001         5.0668363182E+001         4.4668209875E+002         4.5582699204E+002         1.2514010014E+000         1.5595711345E+000         
2019-07-27                15:14:50.236              207.30197034              4975.247288               208.30197034              1564240490.237            0                         963                       1.0000000000E+000         1.6000000000E+001         0.0000000000E+000         4.9862886750E+001         5.0668363182E+001         4.4637753334E+002         4.5550302437E+002         1.2514010014E+000         1.5595711345E+000         
2019-07-27                15:15:41.397              207.30256247              4975.261499               208.30256247              1564240541.397            0                         963                       1.0000000000E+000         1.0000000000E+000         0.0000000000E+000         4.9862886750E+001         5.0668363182E+001         4.4651142229E+002         4.5519244450E+002         1.2514010014E+000         1.5595711345E+000         
2019-07-27                15:16:32.553              207.30315456              4975.275709               208.30315456              1564240592.554            0                         963                       1.0000000000E+000         1.0000000000E+000         0.0000000000E+000         4.9862886750E+001         5.0668363182E+001         4.4980057476E+002         4.5532897745E+002         1.2514010014E+000         1.5595711345E+000         
2019-07-27                15:17:21.792              207.30372446              4975.289387               208.30372446              1564240641.793            0                         963                       1.0000000000E+000         1.0000000000E+000         0.0000000000E+000         4.9862886750E+001         5.0668363182E+001         4.4963219014E+002         4.5868308298E+002         1.2514010014E+000         1.5595711345E+000         
2019-07-27                15:18:11.869              207.30430405              4975.303297               208.30430405              1564240691.870            0                         963                       1.0000000000E+000         1.0000000000E+000         0.0000000000E+000         4.9862886750E+001         5.0668363182E+001         4.4566393728E+002         4.5851137316E+002         1.2514010014E+000         1.5595711345E+000         
2019-07-27                15:19:02.118              207.30488564              4975.317255               208.30488564              1564240742.119            0                         963                       1.0000000000E+000         1.0000000000E+000         0.0000000000E+000         4.9862886750E+001         5.0668363182E+001         4.4442978168E+002         4.5446475659E+002         1.2514010014E+000         1.5595711345E+000         
2019-07-27                15:19:53.319              207.30547823              4975.331478               208.30547823              1564240793.319            0                         963                       1.0000000000E+000         1.6000000000E+001         0.0000000000E+000         4.9862886750E+001         5.0668363182E+001         4.4393565350E+002         4.5320622931E+002         1.2514010014E+000         1.5595711345E+000         
2019-07-27                15:20:42.573              207.30604831              4975.345159               208.30604831              1564240842.574            0                         963                       1.0000000000E+000         2.0000000000E+000         0.0000000000E+000         4.9862886750E+001         5.0668363182E+001         4.4402809826E+002         4.5270234326E+002         1.2514010014E+000         1.5595711345E+000         
2019-07-27                15:21:31.816              207.30661825              4975.358838               208.30661825              1564240891.817            0                         963                       1.0000000000E+000         2.0000000000E+000         0.0000000000E+000         4.9862886750E+001         5.0668363182E+001         4.4387756255E+002         4.5279661359E+002         1.2514010014E+000         1.5595711345E+000         
2019-07-27                15:22:23.000              207.30721066              4975.373056               208.30721066              1564240943.001            0                         963                       1.0000000000E+000         2.0000000000E+000         0.0000000000E+000         4.9862886750E+001         5.0668363182E+001         4.4336548116E+002         4.5264310515E+002         1.2514010014E+000         1.5595711345E+000         
2019-07-27                15:23:14.174              207.30780294              4975.387271               208.30780294              1564240994.174            0                         963                       1.0000000000E+000         2.0000000000E+000         0.0000000000E+000         4.9862886750E+001         5.0668363182E+001         4.4295648540E+002         4.5212091135E+002         1.2514010014E+000         1.5595711345E+000         
2019-07-27                15:24:03.410              207.30837280              4975.400947               208.30837280              1564241043.410            0                         963                       1.0000000000E+000         2.0000000000E+000         0.0000000000E+000         4.9862886750E+001         5.0668363182E+001         4.4256789540E+002         4.5170383888E+002         1.2514010014E+000         1.5595711345E+000         
2019-07-27                15:24:53.528              207.30895287              4975.414869               208.30895287              1564241093.528            0                         963                       1.0000000000E+000         3.0000000000E+000         0.0000000000E+000         4.9862886750E+001         5.0668363182E+001         4.5553933493E+002         4.5130757514E+002         1.2514010014E+000         1.5595711345E+000         
2019-07-27                15:25:44.714              207.30954531              4975.429087               208.30954531              1564241144.715            0                         963                       1.0000000000E+000         3.0000000000E+000         0.0000000000E+000         4.9862886750E+001         5.0668363182E+001         4.5686386897E+002         4.6453517023E+002         1.2514010014E+000         1.5595711345E+000         
2019-07-27                15:26:35.941              207.31013822              4975.443317               208.31013822              1564241195.942            0                         963                       1.0000000000E+000         3.0000000000E+000         0.0000000000E+000         4.9862886750E+001         5.0668363182E+001         4.4287456938E+002         4.6588586071E+002         1.2514010014E+000         1.5595711345E+000         
2019-07-27                15:27:25.190              207.31070823              4975.456997               208.31070823              1564241245.191            0                         963                       1.0000000000E+000         3.0000000000E+000         0.0000000000E+000         4.9862886750E+001         5.0668363182E+001         4.4019259951E+002         4.5162030521E+002         1.2514010014E+000         1.5595711345E+000         
2019-07-27                15:28:15.312              207.31128833              4975.470920               208.31128833              1564241295.312            0                         963                       1.0000000000E+000         3.0000000000E+000         0.0000000000E+000         4.9862886750E+001         5.0668363182E+001         4.3942395414E+002         4.4888537271E+002         1.2514010014E+000         1.5595711345E+000         
2019-07-27                15:29:04.506              207.31185771              4975.484585               208.31185771              1564241344.506            0                         963                       1.0000000000E+000         1.6000000000E+001         0.0000000000E+000         4.9862886750E+001         5.0668363182E+001         4.3951864373E+002         4.4810154840E+002         1.2514010014E+000         1.5595711345E+000         
2019-07-27                15:29:55.690              207.31245013              4975.498803               208.31245013              1564241395.691            0                         963                       1.0000000000E+000         1.6000000000E+001         0.0000000000E+000         4.9862886750E+001         5.0668363182E+001         4.3967214947E+002         4.4819810788E+002         1.2514010014E+000         1.5595711345E+000         
2019-07-27                15:30:45.888              207.31303111              4975.512747               208.31303111              1564241445.888            0                         963                       1.0000000000E+000         1.6000000000E+001         0.0000000000E+000         4.9862886750E+001         5.0668363182E+001         4.3932897390E+002         4.4835464501E+002         1.2514010014E+000         1.5595711345E+000         
2019-07-27                15:31:34.144              207.31358964              4975.526151               208.31358964              1564241494.145            0                         963                       1.0000000000E+000         1.6000000000E+001         0.0000000000E+000         4.9862886750E+001         5.0668363182E+001         4.3896732975E+002         4.4800469252E+002         1.2514010014E+000         1.5595711345E+000         
2019-07-27                15:32:25.335              207.31418212              4975.540371               208.31418212              1564241545.335            0                         963                       1.0000000000E+000         1.6000000000E+001         0.0000000000E+000         4.9862886750E+001         5.0668363182E+001         4.3861877189E+002         4.4763590674E+002         1.2514010014E+000         1.5595711345E+000         
2019-07-27                15:33:16.510              207.31477443              4975.554586               208.31477443              1564241596.511            0                         963                       1.0000000000E+000         1.6000000000E+001         0.0000000000E+000         4.9862886750E+001         5.0668363182E+001         4.3826207118E+002         4.4728046568E+002         1.2514010014E+000         1.5595711345E+000         
2019-07-27                15:34:05.734              207.31534416              4975.568260               208.31534416              1564241645.735            0                         963                       1.0000000000E+000         1.6000000000E+001         0.0000000000E+000         4.9862886750E+001         5.0668363182E+001         4.3787229658E+002         4.4691672097E+002         1.2514010014E+000         1.5595711345E+000         
2019-07-27                15:34:54.984              207.31591418              4975.581940               208.31591418              1564241694.985            0                         963                       1.0000000000E+000         1.6000000000E+001         0.0000000000E+000         4.9862886750E+001         5.0668363182E+001         4.3755454559E+002         4.4651924923E+002         1.2514010014E+000         1.5595711345E+000         
2019-07-27                15:35:46.184              207.31650677              4975.596162               208.31650677              1564241746.185            0                         963                       1.0000000000E+000         1.6000000000E+001         0.0000000000E+000         4.9862886750E+001         5.0668363182E+001         4.3726239059E+002         4.4619522340E+002         1.2514010014E+000         1.5595711345E+000         
2019-07-27                15:36:37.358              207.31709906              4975.610377               208.31709906              1564241797.359            0                         963                       1.0000000000E+000         1.6000000000E+001         0.0000000000E+000         4.9862886750E+001         5.0668363182E+001         4.3694293569E+002         4.4589729903E+002         1.2514010014E+000         1.5595711345E+000         
2019-07-27                15:37:27.642              207.31768105              4975.624345               208.31768105              1564241847.643            0                         963                       1.0000000000E+000         1.6000000000E+001         0.0000000000E+000         4.9862886750E+001         5.0668363182E+001         4.3661735463E+002         4.4557153564E+002         1.2514010014E+000         1.5595711345E+000         
2019-07-27                15:38:17.832              207.31826196              4975.638287               208.31826196              1564241897.833            0                         963                       1.0000000000E+000         1.6000000000E+001         0.0000000000E+000         4.9862886750E+001         5.0668363182E+001         4.3628977477E+002         4.4523952512E+002         1.2514010014E+000         1.5595711345E+000         
2019-07-27                15:39:08.059              207.31884328              4975.652239               208.31884328              1564241948.059            0                         963                       1.0000000000E+000         1.0000000000E+000         0.0000000000E+000         4.9862886750E+001         5.0668363182E+001         4.3596143500E+002         4.4490547632E+002         1.2514010014E+000         1.5595711345E+000         
2019-07-27                15:39:58.279              207.31942453              4975.666189               208.31942453              1564241998.279            0                         963                       1.0000000000E+000         1.0000000000E+000         0.0000000000E+000         4.9862886750E+001         5.0668363182E+001         4.4003400903E+002         4.4457065261E+002         1.2514010014E+000         1.5595711345E+000         
2019-07-27                15:40:46.569              207.31998345              4975.679603               208.31998345              1564242046.570            0                         963                       1.0000000000E+000         1.0000000000E+000         0.0000000000E+000         4.9862886750E+001         5.0668363182E+001         4.4061872597E+002         4.4872365044E+002         1.2514010014E+000         1.5595711345E+000         
2019-07-27                15:41:35.809              207.32055334              4975.693280               208.32055334              1564242095.809            0                         963                       1.0000000000E+000         1.0000000000E+000         0.0000000000E+000         4.9862886750E+001         5.0668363182E+001         4.3613631647E+002         4.4931991417E+002         1.2514010014E+000         1.5595711345E+000         
2019-07-27                15:42:27.019              207.32114605              4975.707505               208.32114605              1564242147.019            0                         963                       1.0000000000E+000         1.0000000000E+000         0.0000000000E+000         4.9862886750E+001         5.0668363182E+001         4.3494514517E+002         4.4474898758E+002         1.2514010014E+000         1.5595711345E+000         
2019-07-27                15:43:18.217              207.32173863              4975.721727               208.32173863              1564242198.218            0                         963                       1.0000000000E+000         1.6000000000E+001         0.0000000000E+000         4.9862886750E+001         5.0668363182E+001         4.3447792808E+002         4.4353429343E+002         1.2514010014E+000         1.5595711345E+000         
2019-07-27                15:44:08.388              207.32231931              4975.735663               208.32231931              1564242248.388            0                         963                       1.0000000000E+000         2.0000000000E+000         0.0000000000E+000         4.9862886750E+001         5.0668363182E+001         4.3455420984E+002         4.4305784990E+002         1.2514010014E+000         1.5595711345E+000         
2019-07-27                15:44:58.487              207.32289917              4975.749580               208.32289917              1564242298.488            0                         963                       1.0000000000E+000         2.0000000000E+000         0.0000000000E+000         4.9862886750E+001         5.0668363182E+001         4.3452351435E+002         4.4313563804E+002         1.2514010014E+000         1.5595711345E+000         
2019-07-27                15:45:48.730              207.32348068              4975.763536               208.32348068              1564242348.731            0                         963                       1.0000000000E+000         2.0000000000E+000         0.0000000000E+000         4.9862886750E+001         5.0668363182E+001         4.3418989582E+002         4.4310433639E+002         1.2514010014E+000         1.5595711345E+000         
2019-07-27                15:46:38.930              207.32406170              4975.777481               208.32406170              1564242398.931            0                         963                       1.0000000000E+000         2.0000000000E+000         0.0000000000E+000         4.9862886750E+001         5.0668363182E+001         4.3393829472E+002         4.4276412968E+002         1.2514010014E+000         1.5595711345E+000         
2019-07-27                15:47:28.167              207.32463157              4975.791158               208.32463157              1564242448.168            0                         963                       1.0000000000E+000         2.0000000000E+000         0.0000000000E+000         4.9862886750E+001         5.0668363182E+001         4.3369510490E+002         4.4250756005E+002         1.2514010014E+000         1.5595711345E+000         
2019-07-27                15:48:18.293              207.32521174              4975.805082               208.32521174              1564242498.294            0                         963                       1.0000000000E+000         3.0000000000E+000         0.0000000000E+000         4.9862886750E+001         5.0668363182E+001         4.4935409694E+002         4.4225956780E+002         1.2514010014E+000         1.5595711345E+000         
2019-07-27                15:49:08.536              207.32579324              4975.819038               208.32579324              1564242548.536            0                         963                       1.0000000000E+000         3.0000000000E+000         0.0000000000E+000         4.9862886750E+001         5.0668363182E+001         4.5117989497E+002         4.5822778827E+002         1.2514010014E+000         1.5595711345E+000         
2019-07-27                15:49:59.716              207.32638560              4975.833254               208.32638560              1564242599.716            0                         963                       1.0000000000E+000         3.0000000000E+000         0.0000000000E+000         4.9862886750E+001         5.0668363182E+001         4.3481240782E+002         4.6008964154E+002         1.2514010014E+000         1.5595711345E+000         
2019-07-27                15:50:48.957              207.32695552              4975.846933               208.32695552              1564242648.957            0                         963                       1.0000000000E+000         3.0000000000E+000         0.0000000000E+000         4.9862886750E+001         5.0668363182E+001         4.3183511988E+002         4.4339893483E+002         1.2514010014E+000         1.5595711345E+000         
