DATE                      TIME                      FRAC_DAYS_SINCE_JAN1      FRAC_HRS_SINCE_JAN1       JULIAN_DAYS               EPOCH_TIME                ALARM_STATUS              INST_STATUS               species                   MPVPosition               solenoid_valves           CH4                       CH4_dry                   CO2                       CO2_dry                   H2O                       h2o_reported              
2019-12-14                09:47:48.698              347.07486920              8329.796861               348.07486920              1576316868.699            0                         963                       1.0000000000E+000         5.0000000000E+000         0.0000000000E+000         4.7688661472E+001         4.9026243061E+001         9.0993316107E+002         5.0119395217E+002         2.1494950538E+000         2.6120448640E+000         
2019-12-14                09:48:39.848              347.07546122              8329.811069               348.07546122              1576316919.849            0                         963                       1.0000000000E+000         5.0000000000E+000         0.0000000000E+000         4.7688661472E+001         4.9026243061E+001         9.4644009120E+002         9.4115012175E+002         2.1494950538E+000         2.6120448640E+000         
2019-12-14                09:49:29.915              347.07604069              8329.824977               348.07604069              1576316969.916            0                         963                       1.0000000000E+000         5.0000000000E+000         0.0000000000E+000         4.7688661472E+001         4.9026243061E+001         5.2297489873E+002         9.7890949046E+002         2.1494950538E+000         2.6120448640E+000         
2019-12-14                09:50:21.075              347.07663282              8329.839188               348.07663282              1576317021.076            0                         963                       1.0000000000E+000         6.0000000000E+000         0.0000000000E+000         4.7688661472E+001         4.9026243061E+001         6.8691839896E+002         5.4091653175E+002         2.1494950538E+000         2.6120448640E+000         
2019-12-14                09:51:12.210              347.07722465              8329.853392               348.07722465              1576317072.210            0                         963                       1.0000000000E+000         6.0000000000E+000         0.0000000000E+000         4.7688661472E+001         4.9026243061E+001         6.7577651357E+002         7.1048442069E+002         2.1494950538E+000         2.6120448640E+000         
2019-12-14                09:52:02.278              347.07780414              8329.867299               348.07780414              1576317122.278            0                         963                       1.0000000000E+000         6.0000000000E+000         0.0000000000E+000         4.7688661472E+001         4.9026243061E+001         4.7432965371E+002         6.9896029206E+002         2.1494950538E+000         2.6120448640E+000         
2019-12-14                09:52:54.450              347.07840799              8329.881792               348.07840799              1576317174.450            0                         963                       1.0000000000E+000         7.0000000000E+000         0.0000000000E+000         4.7688661472E+001         4.9026243061E+001         5.4335065322E+002         4.9060242053E+002         2.1494950538E+000         2.6120448640E+000         
2019-12-14                09:53:45.599              347.07900000              8329.896000               348.07900000              1576317225.600            0                         963                       1.0000000000E+000         7.0000000000E+000         0.0000000000E+000         4.7688661472E+001         4.9026243061E+001         5.6053642616E+002         5.6199131465E+002         2.1494950538E+000         2.6120448640E+000         
2019-12-14                09:54:36.743              347.07959193              8329.910206               348.07959193              1576317276.743            0                         963                       1.0000000000E+000         1.6000000000E+001         0.0000000000E+000         4.7688661472E+001         4.9026243061E+001         4.8834622786E+002         5.7976667770E+002         2.1494950538E+000         2.6120448640E+000         
2019-12-14                09:55:26.831              347.08017166              8329.924120               348.08017166              1576317326.831            0                         963                       1.0000000000E+000         8.0000000000E+000         0.0000000000E+000         4.7688661472E+001         4.9026243061E+001         6.1352461891E+002         5.0509985950E+002         2.1494950538E+000         2.6120448640E+000         
2019-12-14                09:56:16.901              347.08075118              8329.938028               348.08075118              1576317376.902            0                         963                       1.0000000000E+000         8.0000000000E+000         0.0000000000E+000         4.7688661472E+001         4.9026243061E+001         6.3214032268E+002         6.3457272960E+002         2.1494950538E+000         2.6120448640E+000         
2019-12-14                09:57:07.157              347.08133284              8329.951988               348.08133284              1576317427.157            0                         963                       1.0000000000E+000         1.6000000000E+001         0.0000000000E+000         4.7688661472E+001         4.9026243061E+001         5.0410039779E+002         6.5382707994E+002         2.1494950538E+000         2.6120448640E+000         
2019-12-14                09:57:58.316              347.08192497              8329.966199               348.08192497              1576317478.317            0                         963                       1.0000000000E+000         9.0000000000E+000         0.0000000000E+000         4.7688661472E+001         4.9026243061E+001         5.6031667964E+002         5.2139450572E+002         2.1494950538E+000         2.6120448640E+000         
2019-12-14                09:58:48.400              347.08250463              8329.980111               348.08250463              1576317528.400            0                         963                       1.0000000000E+000         9.0000000000E+000         0.0000000000E+000         4.7688661472E+001         4.9026243061E+001         5.5695151875E+002         5.7953939237E+002         2.1494950538E+000         2.6120448640E+000         
2019-12-14                09:59:39.486              347.08309591              8329.994302               348.08309591              1576317579.487            0                         963                       1.0000000000E+000         1.6000000000E+001         0.0000000000E+000         4.7688661472E+001         4.9026243061E+001         4.5848170519E+002         5.7605878333E+002         2.1494950538E+000         2.6120448640E+000         
2019-12-14                10:00:30.678              347.08368841              8330.008522               348.08368841              1576317630.679            0                         963                       1.0000000000E+000         1.0000000000E+001         0.0000000000E+000         4.7688661472E+001         4.9026243061E+001         4.9903953578E+002         4.7421077846E+002         2.1494950538E+000         2.6120448640E+000         
2019-12-14                10:01:21.848              347.08428066              8330.022736               348.08428066              1576317681.849            0                         963                       1.0000000000E+000         1.0000000000E+001         0.0000000000E+000         4.7688661472E+001         4.9026243061E+001         5.1899042937E+002         5.1616002136E+002         2.1494950538E+000         2.6120448640E+000         
2019-12-14                10:02:11.915              347.08486014              8330.036643               348.08486014              1576317731.916            0                         963                       1.0000000000E+000         1.6000000000E+001         0.0000000000E+000         4.7688661472E+001         4.9026243061E+001         4.4961028513E+002         5.3679536771E+002         2.1494950538E+000         2.6120448640E+000         
2019-12-14                10:03:03.167              347.08545332              8330.050880               348.08545332              1576317783.167            0                         963                       1.0000000000E+000         1.1000000000E+001         0.0000000000E+000         4.7688661472E+001         4.9026243061E+001         5.2500664307E+002         4.6503500773E+002         2.1494950538E+000         2.6120448640E+000         
2019-12-14                10:03:54.311              347.08604527              8330.065086               348.08604527              1576317834.311            0                         963                       1.0000000000E+000         1.1000000000E+001         0.0000000000E+000         4.7688661472E+001         4.9026243061E+001         5.5456470778E+002         5.4301797888E+002         2.1494950538E+000         2.6120448640E+000         
2019-12-14                10:04:45.469              347.08663737              8330.079297               348.08663737              1576317885.469            0                         963                       1.0000000000E+000         1.6000000000E+001         0.0000000000E+000         4.7688661472E+001         4.9026243061E+001         4.5827730151E+002         5.7359008834E+002         2.1494950538E+000         2.6120448640E+000         
2019-12-14                10:05:36.640              347.08722963              8330.093511               348.08722963              1576317936.640            0                         963                       1.0000000000E+000         1.2000000000E+001         0.0000000000E+000         4.7688661472E+001         4.9026243061E+001         5.0367622574E+002         4.7399936233E+002         2.1494950538E+000         2.6120448640E+000         
2019-12-14                10:06:26.723              347.08780931              8330.107423               348.08780931              1576317986.724            0                         963                       1.0000000000E+000         1.2000000000E+001         0.0000000000E+000         4.7688661472E+001         4.9026243061E+001         5.3281856294E+002         5.2095578165E+002         2.1494950538E+000         2.6120448640E+000         
2019-12-14                10:07:17.868              347.08840126              8330.121630               348.08840126              1576318037.869            0                         963                       1.0000000000E+000         1.6000000000E+001         0.0000000000E+000         4.7688661472E+001         4.9026243061E+001         4.5762525982E+002         5.5109790129E+002         2.1494950538E+000         2.6120448640E+000         
2019-12-14                10:08:09.007              347.08899315              8330.135836               348.08899315              1576318089.008            0                         963                       1.0000000000E+000         1.3000000000E+001         0.0000000000E+000         4.7688661472E+001         4.9026243061E+001         4.2837829534E+002         4.7332495113E+002         2.1494950538E+000         2.6120448640E+000         
2019-12-14                10:08:59.122              347.08957318              8330.149756               348.08957318              1576318139.123            0                         963                       1.0000000000E+000         1.3000000000E+001         0.0000000000E+000         4.7688661472E+001         4.9026243061E+001         4.2839368256E+002         4.4307461478E+002         2.1494950538E+000         2.6120448640E+000         
2019-12-14                10:09:49.227              347.09015310              8330.163674               348.09015310              1576318189.228            0                         963                       1.0000000000E+000         1.6000000000E+001         0.0000000000E+000         4.7688661472E+001         4.9026243061E+001         4.2841908504E+002         4.4309052988E+002         2.1494950538E+000         2.6120448640E+000         
2019-12-14                10:10:40.395              347.09074532              8330.177888               348.09074532              1576318240.396            0                         963                       1.0000000000E+000         1.4000000000E+001         0.0000000000E+000         4.7688661472E+001         4.9026243061E+001         4.2838426520E+002         4.4311680385E+002         2.1494950538E+000         2.6120448640E+000         
2019-12-14                10:11:31.552              347.09133742              8330.192098               348.09133742              1576318291.553            0                         963                       1.0000000000E+000         1.4000000000E+001         0.0000000000E+000         4.7688661472E+001         4.9026243061E+001         4.2834902312E+002         4.4308078944E+002         2.1494950538E+000         2.6120448640E+000         
2019-12-14                10:12:21.644              347.09191718              8330.206012               348.09191718              1576318341.644            0                         963                       1.0000000000E+000         1.6000000000E+001         0.0000000000E+000         4.7688661472E+001         4.9026243061E+001         4.2836125340E+002         4.4304433832E+002         2.1494950538E+000         2.6120448640E+000         
2019-12-14                10:13:11.709              347.09249663              8330.219919               348.09249663              1576318391.709            0                         963                       1.0000000000E+000         1.5000000000E+001         0.0000000000E+000         4.7688661472E+001         4.9026243061E+001         4.2835770114E+002         4.4305698818E+002         2.1494950538E+000         2.6120448640E+000         
2019-12-14                10:14:02.875              347.09308883              8330.234132               348.09308883              1576318442.875            0                         963                       1.0000000000E+000         1.5000000000E+001         0.0000000000E+000         4.7688661472E+001         4.9026243061E+001         4.2830287303E+002         4.4305331405E+002         2.1494950538E+000         2.6120448640E+000         
2019-12-14                10:14:06.471              347.09313046              8330.235131               348.09313046              1576318446.472            0                         963                       3.0000000000E+000         1.5000000000E+001         0.0000000000E+000         4.7688661472E+001         4.8548112859E+001         4.2830287303E+002         4.3773976267E+002         6.6837795510E-001         8.4763289475E-001         
2019-12-14                10:14:40.426              347.09352345              8330.244563               348.09352345              1576318480.426            0                         963                       1.0000000000E+000         1.6000000000E+001         0.0000000000E+000         4.7688661472E+001         4.8548112859E+001         4.2829086845E+002         4.3773976267E+002         6.6837795510E-001         8.4763289475E-001         
2019-12-14                10:15:30.490              347.09410291              8330.258470               348.09410291              1576318530.491            0                         963                       1.0000000000E+000         1.6000000000E+001         0.0000000000E+000         4.7688661472E+001         4.8097280948E+001         4.2833767131E+002         4.3277603668E+002         6.6837795510E-001         8.4763289475E-001         
2019-12-14                10:16:19.729              347.09467279              8330.272147               348.09467279              1576318579.729            0                         963                       1.0000000000E+000         1.6000000000E+001         0.0000000000E+000         4.7688661472E+001         4.8097280948E+001         4.2830889727E+002         4.3282332968E+002         6.6837795510E-001         8.4763289475E-001         
2019-12-14                10:17:10.904              347.09526510              8330.286362               348.09526510              1576318630.905            0                         963                       1.0000000000E+000         1.6000000000E+001         0.0000000000E+000         4.7688661472E+001         4.8097280948E+001         4.2825953769E+002         4.3279425431E+002         6.6837795510E-001         8.4763289475E-001         
2019-12-14                10:18:02.059              347.09585718              8330.300572               348.09585718              1576318682.060            0                         963                       1.0000000000E+000         1.6000000000E+001         0.0000000000E+000         4.7688661472E+001         4.8097280948E+001         4.2824412477E+002         4.3274437782E+002         6.6837795510E-001         8.4763289475E-001         
2019-12-14                10:18:52.122              347.09643661              8330.314479               348.09643661              1576318732.123            0                         963                       1.0000000000E+000         1.6000000000E+001         0.0000000000E+000         4.7688661472E+001         4.8097280948E+001         4.2821467059E+002         4.3272880349E+002         6.6837795510E-001         8.4763289475E-001         
2019-12-14                10:19:42.191              347.09701611              8330.328387               348.09701611              1576318782.192            0                         963                       1.0000000000E+000         1.6000000000E+001         0.0000000000E+000         4.7688661472E+001         4.8097280948E+001         4.2816332571E+002         4.3269904087E+002         6.6837795510E-001         8.4763289475E-001         
2019-12-14                10:20:33.348              347.09760821              8330.342597               348.09760821              1576318833.349            0                         963                       1.0000000000E+000         1.6000000000E+001         0.0000000000E+000         4.7688661472E+001         4.8097280948E+001         4.2813627551E+002         4.3264715828E+002         6.6837795510E-001         8.4763289475E-001         
2019-12-14                10:21:24.523              347.09820050              8330.356812               348.09820050              1576318884.523            0                         963                       1.0000000000E+000         1.6000000000E+001         0.0000000000E+000         4.7688661472E+001         4.8097280948E+001         4.2811426208E+002         4.3261982481E+002         6.6837795510E-001         8.4763289475E-001         
2019-12-14                10:22:15.663              347.09879240              8330.371018               348.09879240              1576318935.663            0                         963                       1.0000000000E+000         1.6000000000E+001         0.0000000000E+000         4.7688661472E+001         4.8097280948E+001         4.2807905111E+002         4.3259758085E+002         6.6837795510E-001         8.4763289475E-001         
2019-12-14                10:23:05.720              347.09937176              8330.384922               348.09937176              1576318985.720            0                         963                       1.0000000000E+000         1.6000000000E+001         0.0000000000E+000         4.7688661472E+001         4.8097280948E+001         4.2806980019E+002         4.3256200114E+002         6.6837795510E-001         8.4763289475E-001         
2019-12-14                10:23:56.913              347.09996427              8330.399143               348.09996427              1576319036.913            0                         963                       1.0000000000E+000         1.6000000000E+001         0.0000000000E+000         4.7688661472E+001         4.8097280948E+001         4.2807827961E+002         4.3255265335E+002         6.6837795510E-001         8.4763289475E-001         
2019-12-14                10:24:48.065              347.10055631              8330.413351               348.10055631              1576319088.065            0                         963                       1.0000000000E+000         1.6000000000E+001         0.0000000000E+000         4.7688661472E+001         4.8097280948E+001         4.2805349878E+002         4.3256122157E+002         6.6837795510E-001         8.4763289475E-001         
2019-12-14                10:25:38.140              347.10113588              8330.427261               348.10113588              1576319138.140            0                         963                       1.0000000000E+000         1.0000000000E+000         0.0000000000E+000         4.7688661472E+001         4.8097280948E+001         4.8815668179E+002         4.3253618123E+002         6.6837795510E-001         8.4763289475E-001         
2019-12-14                10:26:28.211              347.10171542              8330.441170               348.10171542              1576319188.212            0                         963                       1.0000000000E+000         1.0000000000E+000         0.0000000000E+000         4.7688661472E+001         4.8097280948E+001         5.1391541731E+002         4.9326877967E+002         6.6837795510E-001         8.4763289475E-001         
2019-12-14                10:27:18.319              347.10229536              8330.455089               348.10229536              1576319238.319            0                         963                       1.0000000000E+000         1.6000000000E+001         0.0000000000E+000         4.7688661472E+001         4.8097280948E+001         4.5364293891E+002         5.1929726706E+002         6.6837795510E-001         8.4763289475E-001         
2019-12-14                10:28:08.408              347.10287510              8330.469002               348.10287510              1576319288.409            0                         963                       1.0000000000E+000         2.0000000000E+000         0.0000000000E+000         4.7688661472E+001         4.8097280948E+001         4.8984834074E+002         4.5839360032E+002         6.6837795510E-001         8.4763289475E-001         
2019-12-14                10:28:59.492              347.10346634              8330.483192               348.10346634              1576319339.492            0                         963                       1.0000000000E+000         2.0000000000E+000         0.0000000000E+000         4.7688661472E+001         4.8097280948E+001         5.1633432585E+002         4.9497815410E+002         6.6837795510E-001         8.4763289475E-001         
2019-12-14                10:29:49.568              347.10404593              8330.497102               348.10404593              1576319389.568            0                         963                       1.0000000000E+000         1.6000000000E+001         0.0000000000E+000         4.7688661472E+001         4.8097280948E+001         4.5413035928E+002         5.2174150701E+002         6.6837795510E-001         8.4763289475E-001         
2019-12-14                10:30:40.729              347.10463807              8330.511314               348.10463807              1576319440.729            0                         963                       1.0000000000E+000         3.0000000000E+000         0.0000000000E+000         4.7688661472E+001         4.8097280948E+001         5.0237048064E+002         4.5888612508E+002         6.6837795510E-001         8.4763289475E-001         
2019-12-14                10:31:31.875              347.10523005              8330.525521               348.10523005              1576319491.876            0                         963                       1.0000000000E+000         3.0000000000E+000         0.0000000000E+000         4.7688661472E+001         4.8097280948E+001         5.3551848412E+002         5.0763142895E+002         6.6837795510E-001         8.4763289475E-001         
2019-12-14                10:32:22.947              347.10582115              8330.539708               348.10582115              1576319542.947            0                         963                       1.0000000000E+000         1.6000000000E+001         0.0000000000E+000         4.7688661472E+001         4.8097280948E+001         4.6060161963E+002         5.4112656656E+002         6.6837795510E-001         8.4763289475E-001         
2019-12-14                10:33:13.020              347.10640071              8330.553617               348.10640071              1576319593.021            0                         963                       1.0000000000E+000         4.0000000000E+000         0.0000000000E+000         4.7688661472E+001         4.8097280948E+001         4.7906607401E+002         4.6542515407E+002         6.6837795510E-001         8.4763289475E-001         
2019-12-14                10:34:04.180              347.10699282              8330.567828               348.10699282              1576319644.180            0                         963                       1.0000000000E+000         4.0000000000E+000         0.0000000000E+000         4.7688661472E+001         4.8097280948E+001         5.0056212526E+002         4.8408297280E+002         6.6837795510E-001         8.4763289475E-001         
2019-12-14                10:34:55.371              347.10758531              8330.582048               348.10758531              1576319695.371            0                         963                       1.0000000000E+000         1.6000000000E+001         0.0000000000E+000         4.7688661472E+001         4.8097280948E+001         4.4882276918E+002         5.0580413603E+002         6.6837795510E-001         8.4763289475E-001         
2019-12-14                10:35:46.471              347.10817676              8330.596242               348.10817676              1576319746.472            0                         963                       1.0000000000E+000         5.0000000000E+000         0.0000000000E+000         4.7688661472E+001         4.8097280948E+001         4.9917623703E+002         4.5352295258E+002         6.6837795510E-001         8.4763289475E-001         
2019-12-14                10:35:50.084              347.10821856              8330.597246               348.10821856              1576319750.084            0                         963                       3.0000000000E+000         5.0000000000E+000         0.0000000000E+000         4.7688661472E+001         4.8539607717E+001         4.9917623703E+002         5.1006577614E+002         2.1212549040E+000         2.5797039793E+000         
2019-12-14                10:36:22.096              347.10858909              8330.606138               348.10858909              1576319782.097            0                         963                       1.0000000000E+000         5.0000000000E+000         0.0000000000E+000         4.7688661472E+001         4.8539607717E+001         5.4475606587E+002         5.1006577614E+002         2.1212549040E+000         2.5797039793E+000         
2019-12-14                10:37:13.263              347.10918130              8330.620351               348.10918130              1576319833.264            0                         963                       1.0000000000E+000         1.6000000000E+001         0.0000000000E+000         4.7688661472E+001         4.9008217737E+001         4.7286102114E+002         5.6319272063E+002         2.1212549040E+000         2.5797039793E+000         
2019-12-14                10:38:05.309              347.10978368              8330.634808               348.10978368              1576319885.310            0                         963                       1.0000000000E+000         6.0000000000E+000         0.0000000000E+000         4.7688661472E+001         4.9008217737E+001         4.8237886799E+002         4.8886446918E+002         2.1212549040E+000         2.5797039793E+000         
2019-12-14                10:38:55.410              347.11036354              8330.648725               348.11036354              1576319935.410            0                         963                       1.0000000000E+000         6.0000000000E+000         0.0000000000E+000         4.7688661472E+001         4.9008217737E+001         5.0420184920E+002         4.9870443683E+002         2.1212549040E+000         2.5797039793E+000         
2019-12-14                10:39:45.490              347.11094317              8330.662636               348.11094317              1576319985.490            0                         963                       1.0000000000E+000         1.6000000000E+001         0.0000000000E+000         4.7688661472E+001         4.9008217737E+001         4.4898567978E+002         5.2126599223E+002         2.1212549040E+000         2.5797039793E+000         
2019-12-14                10:40:36.673              347.11153557              8330.676854               348.11153557              1576320036.673            0                         963                       1.0000000000E+000         7.0000000000E+000         0.0000000000E+000         4.7688661472E+001         4.9008217737E+001         4.8452031131E+002         4.6418109382E+002         2.1212549040E+000         2.5797039793E+000         
2019-12-14                10:41:27.818              347.11212752              8330.691061               348.11212752              1576320087.818            0                         963                       1.0000000000E+000         7.0000000000E+000         0.0000000000E+000         4.7688661472E+001         4.9008217737E+001         5.1318147100E+002         5.0091835488E+002         2.1212549040E+000         2.5797039793E+000         
2019-12-14                10:42:17.887              347.11270703              8330.704969               348.11270703              1576320137.887            0                         963                       1.0000000000E+000         1.6000000000E+001         0.0000000000E+000         4.7688661472E+001         4.9008217737E+001         4.5565018258E+002         5.3054951921E+002         2.1212549040E+000         2.5797039793E+000         
2019-12-14                10:43:08.994              347.11329855              8330.719165               348.11329855              1576320188.995            0                         963                       1.0000000000E+000         8.0000000000E+000         0.0000000000E+000         4.7688661472E+001         4.9008217737E+001         5.0913770658E+002         4.7107114920E+002         2.1212549040E+000         2.5797039793E+000         
2019-12-14                10:44:00.232              347.11389157              8330.733398               348.11389157              1576320240.232            0                         963                       1.0000000000E+000         8.0000000000E+000         0.0000000000E+000         4.7688661472E+001         4.9008217737E+001         5.4120988415E+002         5.2636889813E+002         2.1212549040E+000         2.5797039793E+000         
2019-12-14                10:44:50.415              347.11447241              8330.747338               348.11447241              1576320290.416            0                         963                       1.0000000000E+000         1.6000000000E+001         0.0000000000E+000         4.7688661472E+001         4.9008217737E+001         4.5897800836E+002         5.5952652240E+002         2.1212549040E+000         2.5797039793E+000         
2019-12-14                10:45:41.532              347.11506404              8330.761537               348.11506404              1576320341.533            0                         963                       1.0000000000E+000         9.0000000000E+000         0.0000000000E+000         4.7688661472E+001         4.9008217737E+001         4.7586888038E+002         4.7451160150E+002         2.1212549040E+000         2.5797039793E+000         
2019-12-14                10:46:32.645              347.11565562              8330.775735               348.11565562              1576320392.646            0                         963                       1.0000000000E+000         9.0000000000E+000         0.0000000000E+000         4.7688661472E+001         4.9008217737E+001         4.9931893928E+002         4.9197412603E+002         2.1212549040E+000         2.5797039793E+000         
2019-12-14                10:47:23.788              347.11624755              8330.789941               348.11624755              1576320443.788            0                         963                       1.0000000000E+000         1.6000000000E+001         0.0000000000E+000         4.7688661472E+001         4.9008217737E+001         4.5032129833E+002         5.1621782574E+002         2.1212549040E+000         2.5797039793E+000         
2019-12-14                10:48:14.940              347.11683958              8330.804150               348.11683958              1576320494.940            0                         963                       1.0000000000E+000         1.0000000000E+001         0.0000000000E+000         4.7688661472E+001         4.9008217737E+001         4.5902624996E+002         4.6556191488E+002         2.1212549040E+000         2.5797039793E+000         
