DATE                      TIME                      FRAC_DAYS_SINCE_JAN1      FRAC_HRS_SINCE_JAN1       JULIAN_DAYS               EPOCH_TIME                ALARM_STATUS              INST_STATUS               species                   MPVPosition               solenoid_valves           CH4                       CH4_dry                   CO2                       CO2_dry                   H2O                       h2o_reported              
2019-04-11                05:41:07.607              99.90356027               2397.685446               100.90356027              1554961267.607            0                         963                       1.0000000000E+000         0.0000000000E+000         0.0000000000E+000         2.2617484117E+000         2.2843683945E+000         4.2687299480E+002         4.3203951057E+002         7.7953141927E-001         9.8524533795E-001         
2019-04-11                05:41:11.131              99.90360106               2397.686426               100.90360106              1554961271.132            0                         963                       3.0000000000E+000         0.0000000000E+000         0.0000000000E+000         2.2617484117E+000         2.2843687507E+000         4.2687299480E+002         4.3209101917E+002         7.7955573031E-001         9.8527533635E-001         
2019-04-11                05:41:43.125              99.90397135               2397.695313               100.90397135              1554961303.125            0                         963                       1.0000000000E+000         0.0000000000E+000         0.0000000000E+000         2.2617484117E+000         2.2843810404E+000         4.2690609517E+002         4.3209385495E+002         7.7955573031E-001         9.8527533635E-001         
2019-04-11                05:41:46.717              99.90401294               2397.696311               100.90401294              1554961306.718            0                         963                       3.0000000000E+000         0.0000000000E+000         0.0000000000E+000         2.2617484117E+000         2.2843923618E+000         4.2690609517E+002         4.3212997268E+002         7.8032852452E-001         9.8622889643E-001         
2019-04-11                05:42:18.736              99.90438353               2397.705205               100.90438353              1554961338.737            0                         963                       1.0000000000E+000         0.0000000000E+000         0.0000000000E+000         2.2617484117E+000         2.2843927180E+000         4.2688528058E+002         4.3213005487E+002         7.8032852452E-001         9.8622889643E-001         
2019-04-11                05:42:22.325              99.90442506               2397.706201               100.90442506              1554961342.325            0                         963                       3.0000000000E+000         0.0000000000E+000         0.0000000000E+000         2.2617484117E+000         2.2843718965E+000         4.2688528058E+002         4.3210418103E+002         7.7890726326E-001         9.8447515128E-001         
2019-04-11                05:42:55.502              99.90480905               2397.715417               100.90480905              1554961375.502            0                         963                       1.0000000000E+000         0.0000000000E+000         0.0000000000E+000         2.2617484117E+000         2.2843832176E+000         4.2689965897E+002         4.3210679336E+002         7.7890726326E-001         9.8447515128E-001         
2019-04-11                05:43:44.756              99.90537913               2397.729099               100.90537913              1554961424.757            0                         963                       1.0000000000E+000         0.0000000000E+000         0.0000000000E+000         2.2617484117E+000         2.2843623966E+000         4.2694054923E+002         4.3211654304E+002         7.7890726326E-001         9.8447515128E-001         
2019-04-11                05:44:33.009              99.90593762               2397.742503               100.90593762              1554961473.010            0                         963                       1.0000000000E+000         0.0000000000E+000         0.0000000000E+000         2.2617484117E+000         2.2843623966E+000         4.2694623623E+002         4.3215793300E+002         7.7890726326E-001         9.8447515128E-001         
2019-04-11                05:45:16.351              99.90643925               2397.754542               100.90643925              1554961516.351            0                         963                       1.0000000000E+000         0.0000000000E+000         0.0000000000E+000         2.2617484117E+000         2.2843623966E+000         4.2693742291E+002         4.3216368949E+002         7.7890726326E-001         9.8447515128E-001         
2019-04-11                05:45:19.946              99.90648086               2397.755541               100.90648086              1554961519.946            0                         963                       3.0000000000E+000         0.0000000000E+000         0.0000000000E+000         2.2617484117E+000         2.2843611210E+000         4.2693742291E+002         4.3215447408E+002         7.7882018605E-001         9.8436769879E-001         
2019-04-11                05:45:27.700              99.90657061               2397.757695               100.90657061              1554961527.701            0                         963                       2.0000000000E+000         0.0000000000E+000         0.0000000000E+000         2.2244838217E+000         2.2843611210E+000         4.2693742291E+002         4.3215447408E+002         7.7882018605E-001         9.8436769879E-001         
2019-04-11                05:45:49.000              99.90681714               2397.763611               100.90681714              1554961549.001            0                         963                       1.0000000000E+000         0.0000000000E+000         0.0000000000E+000         2.2244838217E+000         2.2843611210E+000         4.2694901659E+002         4.3215447408E+002         7.7882018605E-001         9.8436769879E-001         
2019-04-11                05:45:52.677              99.90685970               2397.764633               100.90685970              1554961552.678            0                         963                       3.0000000000E+000         0.0000000000E+000         0.0000000000E+000         2.2244838217E+000         2.2467458178E+000         4.2694901659E+002         4.3217133749E+002         7.8042404711E-001         9.8634675987E-001         
2019-04-11                05:46:25.904              99.90724427               2397.773862               100.90724427              1554961585.905            0                         963                       1.0000000000E+000         0.0000000000E+000         0.0000000000E+000         2.2244838217E+000         2.2467458178E+000         4.2697283850E+002         4.3217133749E+002         7.8042404711E-001         9.8634675987E-001         
2019-04-11                05:46:31.200              99.90730556               2397.775333               100.90730556              1554961591.200            0                         963                       3.0000000000E+000         0.0000000000E+000         0.0000000000E+000         2.2244838217E+000         2.2467336647E+000         4.2697283850E+002         4.3219259890E+002         7.7958055463E-001         9.8530596805E-001         
2019-04-11                05:47:03.473              99.90767909               2397.784298               100.90767909              1554961623.473            0                         963                       1.0000000000E+000         0.0000000000E+000         0.0000000000E+000         2.2244838217E+000         2.2467567742E+000         4.2696578543E+002         4.3219802184E+002         7.7958055463E-001         9.8530596805E-001         
2019-04-11                05:47:06.999              99.90771990               2397.785278               100.90771990              1554961626.999            0                         963                       3.0000000000E+000         0.0000000000E+000         0.0000000000E+000         2.2244838217E+000         2.2467634306E+000         4.2696578543E+002         4.3219244444E+002         7.8004251427E-001         9.8587599004E-001         
2019-04-11                05:47:39.012              99.90809042               2397.794170               100.90809042              1554961659.012            0                         963                       1.0000000000E+000         0.0000000000E+000         0.0000000000E+000         2.2244838217E+000         2.2467512769E+000         4.2697599043E+002         4.3218959245E+002         7.8004251427E-001         9.8587599004E-001         
2019-04-11                05:48:28.259              99.90866042               2397.807850               100.90866042              1554961708.260            0                         963                       1.0000000000E+000         0.0000000000E+000         0.0000000000E+000         2.2244838217E+000         2.2467579332E+000         4.2697886856E+002         4.3220148431E+002         7.8004251427E-001         9.8587599004E-001         
2019-04-11                05:48:31.857              99.90870205               2397.808849               100.90870205              1554961711.857            0                         963                       3.0000000000E+000         0.0000000000E+000         0.0000000000E+000         2.2244838217E+000         2.2467537363E+000         4.2697886856E+002         4.3220341280E+002         7.7975124492E-001         9.8551658831E-001         
2019-04-11                05:49:04.105              99.90907530               2397.817807               100.90907530              1554961744.106            0                         963                       1.0000000000E+000         0.0000000000E+000         0.0000000000E+000         2.2244838217E+000         2.2467537363E+000         4.2697599982E+002         4.3220341280E+002         7.7975124492E-001         9.8551658831E-001         
2019-04-11                05:49:09.398              99.90913656               2397.819277               100.90913656              1554961749.399            0                         963                       3.0000000000E+000         0.0000000000E+000         0.0000000000E+000         2.2244838217E+000         2.2467607320E+000         4.2697599982E+002         4.3220215060E+002         7.8023675742E-001         9.8611566619E-001         
2019-04-11                05:49:41.627              99.90950957               2397.828230               100.90950957              1554961781.627            0                         963                       1.0000000000E+000         0.0000000000E+000         0.0000000000E+000         2.2244838217E+000         2.2467565351E+000         4.2699023156E+002         4.3220116574E+002         7.8023675742E-001         9.8611566619E-001         
2019-04-11                05:49:45.153              99.90955038               2397.829209               100.90955038              1554961785.153            0                         963                       3.0000000000E+000         0.0000000000E+000         0.0000000000E+000         2.2244838217E+000         2.2467551727E+000         4.2699023156E+002         4.3221525193E+002         7.8014220405E-001         9.8599899736E-001         
2019-04-11                05:50:17.138              99.90992058               2397.838094               100.90992058              1554961817.138            0                         963                       1.0000000000E+000         0.0000000000E+000         0.0000000000E+000         2.2244838217E+000         2.2467621684E+000         4.2699495922E+002         4.3221689363E+002         7.8014220405E-001         9.8599899736E-001         
2019-04-11                05:50:20.698              99.90996179               2397.839083               100.90996179              1554961820.699            0                         963                       3.0000000000E+000         0.0000000000E+000         0.0000000000E+000         2.2244838217E+000         2.2467534497E+000         4.2699495922E+002         4.3221963307E+002         7.7953711149E-001         9.8525236182E-001         
2019-04-11                05:50:52.773              99.91033303               2397.847993               100.91033303              1554961852.774            0                         963                       1.0000000000E+000         0.0000000000E+000         0.0000000000E+000         2.2244838217E+000         2.2467520873E+000         4.2698401615E+002         4.3221931336E+002         7.7953711149E-001         9.8525236182E-001         
2019-04-11                05:50:56.381              99.91037478               2397.848995               100.91037478              1554961856.381            0                         963                       3.0000000000E+000         0.0000000000E+000         0.0000000000E+000         2.2244838217E+000         2.2467525735E+000         4.2698401615E+002         4.3220835049E+002         7.7957085322E-001         9.8529399711E-001         
2019-04-11                05:51:30.433              99.91076890               2397.858454               100.91076890              1554961890.433            0                         963                       1.0000000000E+000         0.0000000000E+000         0.0000000000E+000         2.2244838217E+000         2.2467438550E+000         4.2696380282E+002         4.3220630452E+002         7.7957085322E-001         9.8529399711E-001         
2019-04-11                05:51:34.015              99.91081036               2397.859449               100.91081036              1554961894.015            0                         963                       3.0000000000E+000         0.0000000000E+000         0.0000000000E+000         2.2244838217E+000         2.2467337654E+000         4.2696380282E+002         4.3218347637E+002         7.7887061286E-001         9.8442992509E-001         
2019-04-11                05:52:06.007              99.91118065               2397.868336               100.91118065              1554961926.008            0                         963                       1.0000000000E+000         0.0000000000E+000         0.0000000000E+000         2.2244838217E+000         2.2467342515E+000         4.2697818137E+002         4.3218359045E+002         7.7887061286E-001         9.8442992509E-001         
2019-04-11                05:52:09.533              99.91122146               2397.869315               100.91122146              1554961929.534            0                         963                       3.0000000000E+000         0.0000000000E+000         0.0000000000E+000         2.2244838217E+000         2.2467327642E+000         4.2697818137E+002         4.3219779576E+002         7.7876738855E-001         9.8430254688E-001         
2019-04-11                05:52:41.539              99.91159189               2397.878205               100.91159189              1554961961.539            0                         963                       1.0000000000E+000         0.0000000000E+000         0.0000000000E+000         2.2244838217E+000         2.2467226750E+000         4.2703666606E+002         4.3219542816E+002         7.7876738855E-001         9.8430254688E-001         
2019-04-11                05:52:46.828              99.91165311               2397.879675               100.91165311              1554961966.829            0                         963                       3.0000000000E+000         0.0000000000E+000         0.0000000000E+000         2.2244838217E+000         2.2467242756E+000         4.2703666606E+002         4.3225500315E+002         7.7887848177E-001         9.8443963524E-001         
2019-04-11                05:53:19.071              99.91202628               2397.888631               100.91202628              1554961999.071            0                         963                       1.0000000000E+000         0.0000000000E+000         0.0000000000E+000         2.2244838217E+000         2.2467227883E+000         4.2708254511E+002         4.3225465408E+002         7.7887848177E-001         9.8443963524E-001         
2019-04-11                05:53:22.595              99.91206707               2397.889610               100.91206707              1554962002.595            0                         963                       3.0000000000E+000         0.0000000000E+000         0.0000000000E+000         2.2244838217E+000         2.2467254752E+000         4.2708254511E+002         4.3230172440E+002         7.7906496131E-001         9.8466974785E-001         
2019-04-11                05:53:54.571              99.91243716               2397.898492               100.91243716              1554962034.571            0                         963                       1.0000000000E+000         0.0000000000E+000         0.0000000000E+000         2.2244838217E+000         2.2467270759E+000         4.2710991713E+002         4.3230210012E+002         7.7906496131E-001         9.8466974785E-001         
2019-04-11                05:54:00.635              99.91250736               2397.900177               100.91250736              1554962040.636            0                         963                       3.0000000000E+000         0.0000000000E+000         0.0000000000E+000         2.2244838217E+000         2.2467412859E+000         4.2710991713E+002         4.3233314230E+002         7.8005120314E-001         9.8588671127E-001         
2019-04-11                05:54:32.987              99.91288181               2397.909163               100.91288181              1554962072.988            0                         963                       1.0000000000E+000         0.0000000000E+000         0.0000000000E+000         2.2244838217E+000         2.2467439729E+000         4.2717221087E+002         4.3233377304E+002         7.8005120314E-001         9.8588671127E-001         
2019-04-11                05:54:36.535              99.91292286               2397.910149               100.91292286              1554962076.535            0                         963                       3.0000000000E+000         0.0000000000E+000         0.0000000000E+000         2.2244838217E+000         2.2467462081E+000         4.2717221087E+002         4.3239735344E+002         7.8020633788E-001         9.8607813178E-001         
2019-04-11                05:54:45.122              99.91302226               2397.912534               100.91302226              1554962085.123            0                         963                       2.0000000000E+000         0.0000000000E+000         0.0000000000E+000         1.5826957189E+001         2.2467604189E+000         4.2717221087E+002         4.3240068975E+002         7.8020633788E-001         9.8607813178E-001         
2019-04-11                05:55:05.559              99.91325880               2397.918211               100.91325880              1554962105.560            0                         963                       1.0000000000E+000         0.0000000000E+000         0.0000000000E+000         1.5826957189E+001         2.2467604189E+000         4.2718797176E+002         4.3240068975E+002         7.8020633788E-001         9.8607813178E-001         
2019-04-11                05:55:09.227              99.91330125               2397.919230               100.91330125              1554962109.228            0                         963                       3.0000000000E+000         0.0000000000E+000         0.0000000000E+000         1.5826957189E+001         1.5985414254E+001         4.2718797176E+002         4.3241537414E+002         7.7967596770E-001         9.8542370159E-001         
2019-04-11                05:55:16.457              99.91338492               2397.921238               100.91338492              1554962116.457            0                         963                       2.0000000000E+000         0.0000000000E+000         0.0000000000E+000         2.1841077338E+000         1.5985414254E+001         4.2718797176E+002         4.3241537414E+002         7.7967596770E-001         9.8542370159E-001         
2019-04-11                05:55:38.335              99.91363814               2397.927315               100.91363814              1554962138.335            0                         963                       1.0000000000E+000         0.0000000000E+000         0.0000000000E+000         2.1841077338E+000         1.5985414254E+001         4.2723093213E+002         4.3241537414E+002         7.7967596770E-001         9.8542370159E-001         
2019-04-11                05:55:41.938              99.91367985               2397.928316               100.91367985              1554962141.939            0                         963                       3.0000000000E+000         0.0000000000E+000         0.0000000000E+000         2.1841077338E+000         2.2059688134E+000         4.2723093213E+002         4.3245745605E+002         7.7979129962E-001         9.8556601279E-001         
2019-04-11                05:56:15.096              99.91406362               2397.937527               100.91406362              1554962175.097            0                         963                       1.0000000000E+000         0.0000000000E+000         0.0000000000E+000         2.1841077338E+000         2.2059688134E+000         4.2725575441E+002         4.3245745605E+002         7.7979129962E-001         9.8556601279E-001         
2019-04-11                05:56:18.726              99.91410564               2397.938535               100.91410564              1554962178.727            0                         963                       3.0000000000E+000         0.0000000000E+000         0.0000000000E+000         2.1841077338E+000         2.2059676486E+000         4.2725575441E+002         4.3248230342E+002         7.7970896340E-001         9.8546441598E-001         
2019-04-11                05:56:50.746              99.91447623               2397.947429               100.91447623              1554962210.746            0                         963                       1.0000000000E+000         0.0000000000E+000         0.0000000000E+000         2.1841077338E+000         2.2059692802E+000         4.2724697255E+002         4.3248269363E+002         7.7970896340E-001         9.8546441598E-001         
2019-04-11                05:56:54.361              99.91451807               2397.948434               100.91451807              1554962214.361            0                         963                       3.0000000000E+000         0.0000000000E+000         0.0000000000E+000         2.1841077338E+000         2.2059905875E+000         4.2724697255E+002         4.3247890008E+002         7.8121509633E-001         9.8732279420E-001         
2019-04-11                05:57:26.405              99.91488896               2397.957335               100.91488896              1554962246.406            0                         963                       1.0000000000E+000         0.0000000000E+000         0.0000000000E+000         2.1841077338E+000         2.2059894226E+000         4.2724498581E+002         4.3247862149E+002         7.8121509633E-001         9.8732279420E-001         
2019-04-11                05:57:31.730              99.91495058               2397.958814               100.91495058              1554962251.730            0                         963                       3.0000000000E+000         0.0000000000E+000         0.0000000000E+000         2.1841077338E+000         2.2059796350E+000         4.2724498581E+002         4.3247426968E+002         7.8052324271E-001         9.8646915465E-001         
2019-04-11                05:58:05.937              99.91534649               2397.968316               100.91534649              1554962285.937            0                         963                       1.0000000000E+000         0.0000000000E+000         0.0000000000E+000         2.1841077338E+000         2.2060009430E+000         4.2729167853E+002         4.3247936556E+002         7.8052324271E-001         9.8646915465E-001         
2019-04-11                05:58:11.234              99.91540781               2397.969787               100.91540781              1554962291.235            0                         963                       3.0000000000E+000         0.0000000000E+000         0.0000000000E+000         2.1841077338E+000         2.2059702179E+000         4.2729167853E+002         4.3251928151E+002         7.7835156870E-001         9.8378941964E-001         
2019-04-11                05:58:45.490              99.91580429               2397.979303               100.91580429              1554962325.491            0                         963                       1.0000000000E+000         0.0000000000E+000         0.0000000000E+000         2.1841077338E+000         2.2059604309E+000         4.2731683085E+002         4.3251694066E+002         7.7835156870E-001         9.8378941964E-001         
2019-04-11                05:58:53.658              99.91589883               2397.981572               100.91589883              1554962333.659            0                         963                       3.0000000000E+000         0.0000000000E+000         0.0000000000E+000         2.1841077338E+000         2.2059730846E+000         4.2731683085E+002         4.3254542724E+002         7.7924595691E-001         9.8489309093E-001         
2019-04-11                05:59:26.910              99.91628368               2397.990808               100.91628368              1554962366.910            0                         963                       1.0000000000E+000         0.0000000000E+000         0.0000000000E+000         2.1841077338E+000         2.2059423620E+000         4.2732153657E+002         4.3253807859E+002         7.7924595691E-001         9.8489309093E-001         
2019-04-11                05:59:30.448              99.91632464               2397.991791               100.91632464              1554962370.449            0                         963                       3.0000000000E+000         0.0000000000E+000         0.0000000000E+000         2.1841077338E+000         2.2059414157E+000         4.2732153657E+002         4.3254261545E+002         7.7917906230E-001         9.8481054529E-001         
2019-04-11                06:00:02.460              99.91669514               2398.000683               100.91669514              1554962402.460            0                         963                       1.0000000000E+000         0.0000000000E+000         0.0000000000E+000         2.1841077338E+000         2.2059540686E+000         4.2734452630E+002         4.3254564200E+002         7.7917906230E-001         9.8481054529E-001         
2019-04-11                06:00:06.032              99.91673649               2398.001676               100.91673649              1554962406.033            0                         963                       3.0000000000E+000         0.0000000000E+000         0.0000000000E+000         2.1841077338E+000         2.2059599175E+000         4.2734452630E+002         4.3257031188E+002         7.7959249458E-001         9.8532070121E-001         
2019-04-11                06:00:38.022              99.91710674               2398.010562               100.91710674              1554962438.022            0                         963                       1.0000000000E+000         0.0000000000E+000         0.0000000000E+000         2.1841077338E+000         2.2059589711E+000         4.2735689196E+002         4.3257008550E+002         7.7959249458E-001         9.8532070121E-001         
2019-04-11                06:00:41.532              99.91714736               2398.011537               100.91714736              1554962441.532            0                         963                       3.0000000000E+000         0.0000000000E+000         0.0000000000E+000         2.1841077338E+000         2.2059621793E+000         4.2735689196E+002         4.3258336983E+002         7.7981927537E-001         9.8560053269E-001         
2019-04-11                06:00:52.108              99.91726978               2398.014475               100.91726978              1554962452.109            0                         963                       2.0000000000E+000         0.0000000000E+000         0.0000000000E+000         2.5265826596E+002         2.2059680283E+000         4.2735689196E+002         4.3258476899E+002         7.7981927537E-001         9.8560053269E-001         
2019-04-11                06:01:12.611              99.91750707               2398.020170               100.91750707              1554962472.611            0                         963                       1.0000000000E+000         0.0000000000E+000         0.0000000000E+000         2.5265826596E+002         2.2059680283E+000         4.2734962540E+002         4.3258476899E+002         7.7981927537E-001         9.8560053269E-001         
2019-04-11                06:01:16.137              99.91754788               2398.021149               100.91754788              1554962476.137            0                         963                       3.0000000000E+000         0.0000000000E+000         0.0000000000E+000         2.5265826596E+002         2.5518850521E+002         4.2734962540E+002         4.3258037792E+002         7.8046845018E-001         9.8640154772E-001         
2019-04-11                06:01:48.111              99.91791796               2398.030031               100.91791796              1554962508.112            0                         963                       1.0000000000E+000         0.0000000000E+000         0.0000000000E+000         2.5265826596E+002         2.5518850521E+002         4.2735918446E+002         4.3258037792E+002         7.8046845018E-001         9.8640154772E-001         
2019-04-11                06:01:51.707              99.91795958               2398.031030               100.91795958              1554962511.708            0                         963                       3.0000000000E+000         0.0000000000E+000         0.0000000000E+000         2.5265826596E+002         2.5518899919E+002         4.2735918446E+002         4.3259107548E+002         7.8077029301E-001         9.8677398025E-001         
2019-04-11                06:02:23.740              99.91833034               2398.039928               100.91833034              1554962543.741            0                         963                       1.0000000000E+000         0.0000000000E+000         0.0000000000E+000         2.5265826596E+002         2.5519006163E+002         4.2737606543E+002         4.3259327253E+002         7.8077029301E-001         9.8677398025E-001         
2019-04-11                06:02:27.346              99.91837207               2398.040930               100.91837207              1554962547.347            0                         963                       3.0000000000E+000         0.0000000000E+000         0.0000000000E+000         2.5265826596E+002         2.5518899382E+002         4.2737606543E+002         4.3260815202E+002         7.8011782906E-001         9.8596892110E-001         
2019-04-11                06:03:00.529              99.91875612               2398.050147               100.91875612              1554962580.529            0                         963                       1.0000000000E+000         0.0000000000E+000         0.0000000000E+000         2.5265826596E+002         2.5518948780E+002         4.2740774793E+002         4.3260917357E+002         7.8011782906E-001         9.8596892110E-001         
2019-04-11                06:03:05.812              99.91881728               2398.051615               100.91881728              1554962585.813            0                         963                       3.0000000000E+000         0.0000000000E+000         0.0000000000E+000         2.5265826596E+002         2.5518934006E+002         4.2740774793E+002         4.3264093846E+002         7.8002755374E-001         9.8585753016E-001         
2019-04-11                06:03:38.072              99.91919065               2398.060576               100.91919065              1554962618.072            0                         963                       1.0000000000E+000         0.0000000000E+000         0.0000000000E+000         2.5265826596E+002         2.5518827227E+002         4.2743746660E+002         4.3263873010E+002         7.8002755374E-001         9.8585753016E-001         
2019-04-11                06:03:41.608              99.91923159               2398.061558               100.91923159              1554962621.609            0                         963                       3.0000000000E+000         0.0000000000E+000         0.0000000000E+000         2.5265826596E+002         2.5518807454E+002         4.2743746660E+002         4.3266840354E+002         7.7990673648E-001         9.8570845251E-001         
2019-04-11                06:04:13.595              99.91960179               2398.070443               100.91960179              1554962653.595            0                         963                       1.0000000000E+000         0.0000000000E+000         0.0000000000E+000         2.5265826596E+002         2.5518792680E+002         4.2745215312E+002         4.3266809797E+002         7.7990673648E-001         9.8570845251E-001         
2019-04-11                06:04:17.125              99.91964265               2398.071424               100.91964265              1554962657.125            0                         963                       3.0000000000E+000         0.0000000000E+000         0.0000000000E+000         2.5265826596E+002         2.5519016867E+002         4.2745215312E+002         4.3268760123E+002         7.8127661723E-001         9.8739869971E-001         
2019-04-11                06:04:49.105              99.92001280               2398.080307               100.92001280              1554962689.106            0                         963                       1.0000000000E+000         0.0000000000E+000         0.0000000000E+000         2.5265826596E+002         2.5518997094E+002         4.2743380275E+002         4.3268719224E+002         7.8127661723E-001         9.8739869971E-001         
2019-04-11                06:04:55.190              99.92008323               2398.081997               100.92008323              1554962695.191            0                         963                       3.0000000000E+000         0.0000000000E+000         0.0000000000E+000         2.5265826596E+002         2.5518665337E+002         4.2743380275E+002         4.3266175548E+002         7.7924944145E-001         9.8489739073E-001         
2019-04-11                06:05:27.598              99.92045832               2398.091000               100.92045832              1554962727.599            0                         963                       1.0000000000E+000         0.0000000000E+000         0.0000000000E+000         2.5265826596E+002         2.5518889517E+002         4.2740294897E+002         4.3266639214E+002         7.7924944145E-001         9.8489739073E-001         
2019-04-11                06:05:31.135              99.92049926               2398.091982               100.92049926              1554962731.136            0                         963                       3.0000000000E+000         0.0000000000E+000         0.0000000000E+000         2.5265826596E+002         2.5519189905E+002         4.2740294897E+002         4.3264137307E+002         7.8108483160E-001         9.8716207051E-001         
2019-04-11                06:06:03.286              99.92087138               2398.100913               100.92087138              1554962763.287            0                         963                       1.0000000000E+000         0.0000000000E+000         0.0000000000E+000         2.5265826596E+002         2.5518858132E+002         4.2740299814E+002         4.3263451156E+002         7.8108483160E-001         9.8716207051E-001         
2019-04-11                06:06:06.865              99.92091279               2398.101907               100.92091279              1554962766.865            0                         963                       3.0000000000E+000         0.0000000000E+000         0.0000000000E+000         2.5265826596E+002         2.5518581666E+002         4.2740299814E+002         4.3262884365E+002         7.7939545865E-001         9.8507756974E-001         
2019-04-11                06:06:16.844              99.92102829               2398.104679               100.92102829              1554962776.844            0                         963                       2.0000000000E+000         0.0000000000E+000         0.0000000000E+000         1.5442647075E+001         2.5518882030E+002         4.2740299814E+002         4.3263505558E+002         7.7939545865E-001         9.8507756974E-001         
2019-04-11                06:06:36.957              99.92126109               2398.110266               100.92126109              1554962796.958            0                         963                       1.0000000000E+000         0.0000000000E+000         0.0000000000E+000         1.5442647075E+001         2.5518882030E+002         4.2745189119E+002         4.3263505558E+002         7.7939545865E-001         9.8507756974E-001         
2019-04-11                06:06:42.240              99.92132223               2398.111734               100.92132223              1554962802.241            0                         963                       3.0000000000E+000         0.0000000000E+000         0.0000000000E+000         1.5442647075E+001         1.5597210051E+001         4.2745189119E+002         4.3268095172E+002         7.8002262944E-001         9.8585145404E-001         
2019-04-11                06:07:14.473              99.92169529               2398.120687               100.92169529              1554962834.473            0                         963                       1.0000000000E+000         0.0000000000E+000         0.0000000000E+000         1.5442647075E+001         1.5597210051E+001         4.2750101391E+002         4.3268095172E+002         7.8002262944E-001         9.8585145404E-001         
2019-04-11                06:07:18.000              99.92173612               2398.121667               100.92173612              1554962838.001            0                         963                       3.0000000000E+000         0.0000000000E+000         0.0000000000E+000         1.5442647075E+001         1.5597264716E+001         4.2750101391E+002         4.3273252546E+002         7.8056913887E-001         9.8652578445E-001         
2019-04-11                06:07:25.823              99.92182667               2398.123840               100.92182667              1554962845.824            0                         963                       2.0000000000E+000         0.0000000000E+000         0.0000000000E+000         2.2174150251E+000         1.5597327452E+001         4.2750101391E+002         4.3273464874E+002         7.8056913887E-001         9.8652578445E-001         
2019-04-11                06:07:46.990              99.92207164               2398.129719               100.92207164              1554962866.990            0                         963                       1.0000000000E+000         0.0000000000E+000         0.0000000000E+000         2.2174150251E+000         1.5597327452E+001         4.2747552447E+002         4.3273464874E+002         7.8056913887E-001         9.8652578445E-001         
2019-04-11                06:07:50.513              99.92211243               2398.130698               100.92211243              1554962870.514            0                         963                       3.0000000000E+000         0.0000000000E+000         0.0000000000E+000         2.2174150251E+000         2.2396217301E+000         4.2747552447E+002         4.3270792717E+002         7.7975084358E-001         9.8551609309E-001         
2019-04-11                06:08:23.683              99.92249633               2398.139912               100.92249633              1554962903.683            0                         963                       1.0000000000E+000         0.0000000000E+000         0.0000000000E+000         2.2174150251E+000         2.2396217301E+000         4.2746157051E+002         4.3270792717E+002         7.7975084358E-001         9.8551609309E-001         
2019-04-11                06:08:27.250              99.92253763               2398.140903               100.92253763              1554962907.251            0                         963                       3.0000000000E+000         0.0000000000E+000         0.0000000000E+000         2.2174150251E+000         2.2396314273E+000         4.2746157051E+002         4.3269608785E+002         7.8042598022E-001         9.8634914509E-001         
2019-04-11                06:08:59.249              99.92290797               2398.149791               100.92290797              1554962939.249            0                         963                       1.0000000000E+000         0.0000000000E+000         0.0000000000E+000         2.2174150251E+000         2.2396196739E+000         4.2745741245E+002         4.3269331781E+002         7.8042598022E-001         9.8634914509E-001         
2019-04-11                06:09:02.772              99.92294875               2398.150770               100.92294875              1554962942.772            0                         963                       3.0000000000E+000         0.0000000000E+000         0.0000000000E+000         2.2174150251E+000         2.2396243114E+000         4.2745741245E+002         4.3269020183E+002         7.8074886476E-001         9.8674754095E-001         
2019-04-11                06:09:34.766              99.92331905               2398.159657               100.92331905              1554962974.766            0                         963                       1.0000000000E+000         0.0000000000E+000         0.0000000000E+000         2.2174150251E+000         2.2396340087E+000         4.2746730497E+002         4.3269248727E+002         7.8074886476E-001         9.8674754095E-001         
2019-04-11                06:09:40.055              99.92338027               2398.161126               100.92338027              1554962980.055            0                         963                       3.0000000000E+000         0.0000000000E+000         0.0000000000E+000         2.2174150251E+000         2.2396297700E+000         4.2746730497E+002         4.3270150196E+002         7.8045375770E-001         9.8638341904E-001         
2019-04-11                06:10:12.318              99.92375368               2398.170088               100.92375368              1554963012.318            0                         963                       1.0000000000E+000         0.0000000000E+000         0.0000000000E+000         2.2174150251E+000         2.2396344077E+000         4.2744095069E+002         4.3270259497E+002         7.8045375770E-001         9.8638341904E-001         
2019-04-11                06:10:15.973              99.92379598               2398.171104               100.92379598              1554963015.973            0                         963                       3.0000000000E+000         0.0000000000E+000         0.0000000000E+000         2.2174150251E+000         2.2396371223E+000         4.2744095069E+002         4.3267655768E+002         7.8064275365E-001         9.8661661504E-001         
2019-04-11                06:10:48.088              99.92416769               2398.180024               100.92416769              1554963048.088            0                         963                       1.0000000000E+000         0.0000000000E+000         0.0000000000E+000         2.2174150251E+000         2.2396328836E+000         4.2742934870E+002         4.3267555875E+002         7.8064275365E-001         9.8661661504E-001         
2019-04-11                06:10:51.624              99.92420861               2398.181007               100.92420861              1554963051.624            0                         963                       3.0000000000E+000         0.0000000000E+000         0.0000000000E+000         2.2174150251E+000         2.2396260729E+000         4.2742934870E+002         4.3266220964E+002         7.8016857464E-001         9.8603153594E-001         
2019-04-11                06:11:23.612              99.92457885               2398.189892               100.92457885              1554963083.613            0                         963                       1.0000000000E+000         0.0000000000E+000         0.0000000000E+000         2.2174150251E+000         2.2396287874E+000         4.2744105001E+002         4.3266284936E+002         7.8016857464E-001         9.8603153594E-001         
2019-04-11                06:11:27.141              99.92461969               2398.190873               100.92461969              1554963087.141            0                         963                       3.0000000000E+000         0.0000000000E+000         0.0000000000E+000         2.2174150251E+000         2.2396232796E+000         4.2744105001E+002         4.3267339592E+002         7.7978511314E-001         9.8555837915E-001         
2019-04-11                06:11:59.140              99.92499005               2398.199761               100.92499005              1554963119.140            0                         963                       1.0000000000E+000         0.0000000000E+000         0.0000000000E+000         2.2174150251E+000         2.2396164691E+000         4.2742758489E+002         4.3267179088E+002         7.7978511314E-001         9.8555837915E-001         
2019-04-11                06:12:04.421              99.92505117               2398.201228               100.92505117              1554963124.421            0                         963                       3.0000000000E+000         0.0000000000E+000         0.0000000000E+000         2.2174150251E+000         2.2396202035E+000         4.2742758489E+002         4.3265904105E+002         7.8004511575E-001         9.8587920001E-001         
2019-04-11                06:12:36.776              99.92542566               2398.210216               100.92542566              1554963156.777            0                         963                       1.0000000000E+000         0.0000000000E+000         0.0000000000E+000         2.2174150251E+000         2.2396146959E+000         4.2737938503E+002         4.3265774310E+002         7.8004511575E-001         9.8587920001E-001         
2019-04-11                06:12:40.378              99.92546735               2398.211216               100.92546735              1554963160.379            0                         963                       3.0000000000E+000         0.0000000000E+000         0.0000000000E+000         2.2174150251E+000         2.2396140826E+000         4.2737938503E+002         4.3260880895E+002         7.8000242063E-001         9.8582651825E-001         
2019-04-11                06:13:12.411              99.92583809               2398.220114               100.92583809              1554963192.411            0                         963                       1.0000000000E+000         0.0000000000E+000         0.0000000000E+000         2.2174150251E+000         2.2396178171E+000         4.2734276035E+002         4.3260968892E+002         7.8000242063E-001         9.8582651825E-001         
2019-04-11                06:13:15.936              99.92587889               2398.221093               100.92587889              1554963195.936            0                         963                       3.0000000000E+000         0.0000000000E+000         0.0000000000E+000         2.2174150251E+000         2.2396074098E+000         4.2734276035E+002         4.3257016393E+002         7.7927784211E-001         9.8493243605E-001         
2019-04-11                06:13:47.924              99.92624912               2398.229979               100.92624912              1554963227.924            0                         963                       1.0000000000E+000         0.0000000000E+000         0.0000000000E+000         2.2174150251E+000         2.2396067966E+000         4.2734731444E+002         4.3257001945E+002         7.7927784211E-001         9.8493243605E-001         
2019-04-11                06:13:51.506              99.92629058               2398.230974               100.92629058              1554963231.506            0                         963                       3.0000000000E+000         0.0000000000E+000         0.0000000000E+000         2.2174150251E+000         2.2396399775E+000         4.2734731444E+002         4.3258244724E+002         7.8158802061E-001         9.8778291012E-001         
2019-04-11                06:14:23.509              99.92666098               2398.239864               100.92666098              1554963263.509            0                         963                       1.0000000000E+000         0.0000000000E+000         0.0000000000E+000         2.2174150251E+000         2.2396295696E+000         4.2736655463E+002         4.3257999495E+002         7.8158802061E-001         9.8778291012E-001         
2019-04-11                06:14:27.102              99.92670258               2398.240862               100.92670258              1554963267.103            0                         963                       3.0000000000E+000         0.0000000000E+000         0.0000000000E+000         2.2174150251E+000         2.2396253761E+000         4.2736655463E+002         4.3259848264E+002         7.8129604202E-001         9.8742266628E-001         
2019-04-11                06:14:35.483              99.92679958               2398.243190               100.92679958              1554963275.484            0                         963                       2.0000000000E+000         0.0000000000E+000         0.0000000000E+000         2.1800191570E+000         2.2396585588E+000         4.2736655463E+002         4.3260630142E+002         7.8129604202E-001         9.8742266628E-001         
2019-04-11                06:14:56.200              99.92703935               2398.248944               100.92703935              1554963296.200            0                         963                       1.0000000000E+000         0.0000000000E+000         0.0000000000E+000         2.1800191570E+000         2.2396585588E+000         4.2728836456E+002         4.3260630142E+002         7.8129604202E-001         9.8742266628E-001         
2019-04-11                06:14:59.720              99.92708009               2398.249922               100.92708009              1554963299.720            0                         963                       3.0000000000E+000         0.0000000000E+000         0.0000000000E+000         2.1800191570E+000         2.2018749637E+000         4.2728836456E+002         4.3252413382E+002         7.8069587280E-001         9.8668215657E-001         
2019-04-11                06:15:11.888              99.92722094               2398.253302               100.92722094              1554963311.889            0                         963                       2.0000000000E+000         0.0000000000E+000         0.0000000000E+000         1.4817560650E+001         2.2018749637E+000         4.2728836456E+002         4.3252413382E+002         7.8069587280E-001         9.8668215657E-001         
2019-04-11                06:15:31.874              99.92745225               2398.258854               100.92745225              1554963331.874            0                         963                       1.0000000000E+000         0.0000000000E+000         0.0000000000E+000         1.4817560650E+001         2.2018749637E+000         4.2729636055E+002         4.3252413382E+002         7.8069587280E-001         9.8668215657E-001         
2019-04-11                06:15:35.405              99.92749312               2398.259835               100.92749312              1554963335.406            0                         963                       3.0000000000E+000         0.0000000000E+000         0.0000000000E+000         1.4817560650E+001         1.4965964864E+001         4.2729636055E+002         4.3252696033E+002         7.7973939383E-001         9.8550196493E-001         
2019-04-11                06:16:07.408              99.92786353               2398.268725               100.92786353              1554963367.409            0                         963                       1.0000000000E+000         0.0000000000E+000         0.0000000000E+000         1.4817560650E+001         1.4965964864E+001         4.2729603625E+002         4.3252696033E+002         7.7973939383E-001         9.8550196493E-001         
2019-04-11                06:16:10.979              99.92790485               2398.269716               100.92790485              1554963370.979            0                         963                       3.0000000000E+000         0.0000000000E+000         0.0000000000E+000         1.4817560650E+001         1.4965962099E+001         4.2729603625E+002         4.3252653461E+002         7.7971059467E-001         9.8546642884E-001         
2019-04-11                06:16:42.980              99.92827523               2398.278606               100.92827523              1554963402.980            0                         963                       1.0000000000E+000         0.0000000000E+000         0.0000000000E+000         1.4817560650E+001         1.4965870299E+001         4.2728519432E+002         4.3252329815E+002         7.7971059467E-001         9.8546642884E-001         
2019-04-11                06:16:48.259              99.92833634               2398.280072               100.92833634              1554963408.260            0                         963                       3.0000000000E+000         0.0000000000E+000         0.0000000000E+000         1.4817560650E+001         1.4966003932E+001         4.2728519432E+002         4.3251703475E+002         7.8110293509E-001         9.8718440709E-001         
2019-04-11                06:17:20.539              99.92870994               2398.289039               100.92870994              1554963440.539            0                         963                       1.0000000000E+000         0.0000000000E+000         0.0000000000E+000         1.4817560650E+001         1.4966001168E+001         4.2727688387E+002         4.3251693730E+002         7.8110293509E-001         9.8718440709E-001         
2019-04-11                06:17:25.842              99.92877132               2398.290512               100.92877132              1554963445.842            0                         963                       3.0000000000E+000         0.0000000000E+000         0.0000000000E+000         1.4817560650E+001         1.4965974006E+001         4.2727688387E+002         4.3250756754E+002         7.8081993199E-001         9.8683522728E-001         
2019-04-11                06:17:58.134              99.92914507               2398.299482               100.92914507              1554963478.134            0                         963                       1.0000000000E+000         0.0000000000E+000         0.0000000000E+000         1.4817560650E+001         1.4966107645E+001         4.2728106665E+002         4.3251227882E+002         7.8081993199E-001         9.8683522728E-001         
2019-04-11                06:18:01.634              99.92918559               2398.300454               100.92918559              1554963481.635            0                         963                       3.0000000000E+000         0.0000000000E+000         0.0000000000E+000         1.4817560650E+001         1.4966094680E+001         4.2728106665E+002         4.3251605581E+002         7.8068486074E-001         9.8666856926E-001         
2019-04-11                06:18:33.628              99.92955589               2398.309341               100.92955589              1554963513.629            0                         963                       1.0000000000E+000         0.0000000000E+000         0.0000000000E+000         1.4817560650E+001         1.4966067518E+001         4.2730149543E+002         4.3251509821E+002         7.8068486074E-001         9.8666856926E-001         
2019-04-11                06:18:37.161              99.92959677               2398.310323               100.92959677              1554963517.161            0                         963                       3.0000000000E+000         0.0000000000E+000         0.0000000000E+000         1.4817560650E+001         1.4966148147E+001         4.2730149543E+002         4.3253861988E+002         7.8152491816E-001         9.8770505470E-001         
2019-04-11                06:19:09.101              99.92996646               2398.319195               100.92996646              1554963549.102            0                         963                       1.0000000000E+000         0.0000000000E+000         0.0000000000E+000         1.4817560650E+001         1.4966135182E+001         4.2730497359E+002         4.3253816280E+002         7.8152491816E-001         9.8770505470E-001         
2019-04-11                06:19:12.637              99.93000737               2398.320177               100.93000737              1554963552.637            0                         963                       3.0000000000E+000         0.0000000000E+000         0.0000000000E+000         1.4817560650E+001         1.4966035507E+001         4.2730497359E+002         4.3253816944E+002         7.8048642182E-001         9.8642372243E-001         
2019-04-11                06:19:44.625              99.93037760               2398.329063               100.93037760              1554963584.625            0                         963                       1.0000000000E+000         0.0000000000E+000         0.0000000000E+000         1.4817560650E+001         1.4966116135E+001         4.2726957616E+002         4.3254101207E+002         7.8048642182E-001         9.8642372243E-001         
2019-04-11                06:19:48.160              99.93041852               2398.330044               100.93041852              1554963588.160            0                         963                       3.0000000000E+000         0.0000000000E+000         0.0000000000E+000         1.4817560650E+001         1.4966180837E+001         4.2726957616E+002         4.3250746184E+002         7.8116051427E-001         9.8725544972E-001         
2019-04-11                06:20:20.204              99.93078941               2398.338946               100.93078941              1554963620.205            0                         963                       1.0000000000E+000         0.0000000000E+000         0.0000000000E+000         1.4817560650E+001         1.4966081160E+001         4.2724644702E+002         4.3250394791E+002         7.8116051427E-001         9.8725544972E-001         
2019-04-11                06:20:23.838              99.93083146               2398.339955               100.93083146              1554963623.838            0                         963                       3.0000000000E+000         0.0000000000E+000         0.0000000000E+000         1.4817560650E+001         1.4966102927E+001         4.2724644702E+002         4.3248130271E+002         7.8138729817E-001         9.8753525899E-001         
2019-04-11                06:20:55.901              99.93120256               2398.348861               100.93120256              1554963655.901            0                         963                       1.0000000000E+000         0.0000000000E+000         0.0000000000E+000         1.4817560650E+001         1.4966167628E+001         4.2725591164E+002         4.3248358352E+002         7.8138729817E-001         9.8753525899E-001         
2019-04-11                06:20:59.427              99.93124338               2398.349841               100.93124338              1554963659.428            0                         963                       3.0000000000E+000         0.0000000000E+000         0.0000000000E+000         1.4817560650E+001         1.4966094523E+001         4.2725591164E+002         4.3249058703E+002         7.8062563865E-001         9.8659549750E-001         
2019-04-11                06:21:31.417              99.93161363               2398.358727               100.93161363              1554963691.418            0                         963                       1.0000000000E+000         0.0000000000E+000         0.0000000000E+000         1.4817560650E+001         1.4966116289E+001         4.2726917476E+002         4.3249135435E+002         7.8062563865E-001         9.8659549750E-001         
2019-04-11                06:21:34.944              99.93165446               2398.359707               100.93165446              1554963694.945            0                         963                       3.0000000000E+000         0.0000000000E+000         0.0000000000E+000         1.4817560650E+001         1.4966145750E+001         4.2726917476E+002         4.3250581858E+002         7.8093257751E-001         9.8697421424E-001         
2019-04-11                06:22:06.937              99.93202473               2398.368594               100.93202473              1554963726.937            0                         963                       1.0000000000E+000         0.0000000000E+000         0.0000000000E+000         1.4817560650E+001         1.4966072645E+001         4.2727635768E+002         4.3250324141E+002         7.8093257751E-001         9.8697421424E-001         
2019-04-11                06:22:10.559              99.93206666               2398.369600               100.93206666              1554963730.559            0                         963                       3.0000000000E+000         0.0000000000E+000         0.0000000000E+000         1.4817560650E+001         1.4966135414E+001         4.2727635768E+002         4.3251272516E+002         7.8158656073E-001         9.8778110893E-001         
2019-04-11                06:22:42.602              99.93243753               2398.378501               100.93243753              1554963762.603            0                         963                       1.0000000000E+000         0.0000000000E+000         0.0000000000E+000         1.4817560650E+001         1.4966164875E+001         4.2726807756E+002         4.3251376378E+002         7.8158656073E-001         9.8778110893E-001         
2019-04-11                06:22:46.138              99.93247845               2398.379483               100.93247845              1554963766.138            0                         963                       3.0000000000E+000         0.0000000000E+000         0.0000000000E+000         1.4817560650E+001         1.4966180553E+001         4.2726807756E+002         4.3250593488E+002         7.8174991116E-001         9.8798264833E-001         
2019-04-11                06:22:57.331              99.93260800               2398.382592               100.93260800              1554963777.331            0                         963                       2.0000000000E+000         0.0000000000E+000         0.0000000000E+000         1.5786090617E+001         1.4966243325E+001         4.2726807756E+002         4.3250814778E+002         7.8174991116E-001         9.8798264833E-001         
2019-04-11                06:23:17.239              99.93283841               2398.388122               100.93283841              1554963797.239            0                         963                       1.0000000000E+000         0.0000000000E+000         0.0000000000E+000         1.5786090617E+001         1.4966243325E+001         4.2721313250E+002         4.3250814778E+002         7.8174991116E-001         9.8798264833E-001         
2019-04-11                06:23:20.759              99.93287917               2398.389100               100.93287917              1554963800.760            0                         963                       3.0000000000E+000         0.0000000000E+000         0.0000000000E+000         1.5786090617E+001         1.5944516344E+001         4.2721313250E+002         4.3245334306E+002         7.8182721502E-001         9.8807802405E-001         
2019-04-11                06:23:52.796              99.93324995               2398.397999               100.93324995              1554963832.796            0                         963                       1.0000000000E+000         0.0000000000E+000         0.0000000000E+000         1.5786090617E+001         1.5944516344E+001         4.2722244726E+002         4.3245334306E+002         7.8182721502E-001         9.8807802405E-001         
2019-04-11                06:23:56.335              99.93329091               2398.398982               100.93329091              1554963836.335            0                         963                       3.0000000000E+000         0.0000000000E+000         0.0000000000E+000         1.5786090617E+001         1.5944472436E+001         4.2722244726E+002         4.3246131930E+002         7.8139782625E-001         9.8754824860E-001         
2019-04-11                06:24:28.328              99.93366120               2398.407869               100.93366120              1554963868.328            0                         963                       1.0000000000E+000         0.0000000000E+000         0.0000000000E+000         1.5786090617E+001         1.5944480341E+001         4.2722466359E+002         4.3246158084E+002         7.8139782625E-001         9.8754824860E-001         
2019-04-11                06:24:31.857              99.93370205               2398.408849               100.93370205              1554963871.857            0                         963                       3.0000000000E+000         0.0000000000E+000         0.0000000000E+000         1.5786090617E+001         1.5944486053E+001         4.2722466359E+002         4.3246401336E+002         7.8145368838E-001         9.8761717148E-001         
2019-04-11                06:24:41.872              99.93381797               2398.411631               100.93381797              1554963881.873            0                         963                       2.0000000000E+000         0.0000000000E+000         0.0000000000E+000         1.5538017164E+001         1.5944442146E+001         4.2722466359E+002         4.3246256060E+002         7.8145368838E-001         9.8761717148E-001         
2019-04-11                06:25:01.990              99.93405081               2398.417219               100.93405081              1554963901.990            0                         963                       1.0000000000E+000         0.0000000000E+000         0.0000000000E+000         1.5538017164E+001         1.5944442146E+001         4.2719292124E+002         4.3246256060E+002         7.8145368838E-001         9.8761717148E-001         
2019-04-11                06:25:05.529              99.93409178               2398.418203               100.93409178              1554963905.530            0                         963                       3.0000000000E+000         0.0000000000E+000         0.0000000000E+000         1.5538017164E+001         1.5693932333E+001         4.2719292124E+002         4.3243217978E+002         7.8191531715E-001         9.8818672188E-001         
2019-04-11                06:25:37.532              99.93446219               2398.427092               100.93446219              1554963937.533            0                         963                       1.0000000000E+000         0.0000000000E+000         0.0000000000E+000         1.5538017164E+001         1.5693932333E+001         4.2716813279E+002         4.3243217978E+002         7.8191531715E-001         9.8818672188E-001         
2019-04-11                06:25:42.887              99.93452416               2398.428580               100.93452416              1554963942.887            0                         963                       3.0000000000E+000         0.0000000000E+000         0.0000000000E+000         1.5538017164E+001         1.5694010516E+001         4.2716813279E+002         4.3240971512E+002         7.8269212306E-001         9.8914509773E-001         
2019-04-11                06:26:15.138              99.93489744               2398.437539               100.93489744              1554963975.139            0                         963                       1.0000000000E+000         0.0000000000E+000         0.0000000000E+000         1.5538017164E+001         1.5694056981E+001         4.2715966731E+002         4.3241127683E+002         7.8269212306E-001         9.8914509773E-001         
2019-04-11                06:26:18.767              99.93493944               2398.438547               100.93493944              1554963978.768            0                         963                       3.0000000000E+000         0.0000000000E+000         0.0000000000E+000         1.5538017164E+001         1.5693942811E+001         4.2715966731E+002         4.3239887017E+002         7.8155779020E-001         9.8774561205E-001         
2019-04-11                06:26:50.813              99.93531035               2398.447448               100.93531035              1554964010.814            0                         963                       1.0000000000E+000         0.0000000000E+000         0.0000000000E+000         1.5538017164E+001         1.5694020994E+001         4.2715703494E+002         4.3240149794E+002         7.8155779020E-001         9.8774561205E-001         
2019-04-11                06:26:54.345              99.93535123               2398.448429               100.93535123              1554964014.346            0                         963                       3.0000000000E+000         0.0000000000E+000         0.0000000000E+000         1.5538017164E+001         1.5694181124E+001         4.2715703494E+002         4.3240421519E+002         7.8314870197E-001         9.8970837638E-001         
2019-04-11                06:27:02.302              99.93544332               2398.450640               100.93544332              1554964022.303            0                         963                       2.0000000000E+000         0.0000000000E+000         0.0000000000E+000         2.1360769748E+000         1.5694066948E+001         4.2715703494E+002         4.3240037774E+002         7.8314870197E-001         9.8970837638E-001         
2019-04-11                06:27:23.358              99.93568703               2398.456489               100.93568703              1554964043.359            0                         963                       1.0000000000E+000         0.0000000000E+000         0.0000000000E+000         2.1360769748E+000         1.5694066948E+001         4.2714229775E+002         4.3240037774E+002         7.8314870197E-001         9.8970837638E-001         
2019-04-11                06:27:28.648              99.93574824               2398.457958               100.93574824              1554964048.648            0                         963                       3.0000000000E+000         0.0000000000E+000         0.0000000000E+000         2.1360769748E+000         2.1575352818E+000         4.2714229775E+002         4.3238680006E+002         7.8195402079E-001         9.8823447313E-001         
2019-04-11                06:28:00.877              99.93612126               2398.466910               100.93612126              1554964080.877            0                         963                       1.0000000000E+000         0.0000000000E+000         0.0000000000E+000         2.1360769748E+000         2.1575352818E+000         4.2714144996E+002         4.3238680006E+002         7.8195402079E-001         9.8823447313E-001         
2019-04-11                06:28:04.410              99.93616215               2398.467892               100.93616215              1554964084.410            0                         963                       3.0000000000E+000         0.0000000000E+000         0.0000000000E+000         2.1360769748E+000         2.1575527197E+000         4.2714144996E+002         4.3239020496E+002         7.8321423037E-001         9.8978921711E-001         
2019-04-11                06:28:36.414              99.93653257               2398.476782               100.93653257              1554964116.414            0                         963                       1.0000000000E+000         0.0000000000E+000         0.0000000000E+000         2.1360769748E+000         2.1575361884E+000         4.2713519355E+002         4.3238616353E+002         7.8321423037E-001         9.8978921711E-001         
2019-04-11                06:28:39.940              99.93657339               2398.477761               100.93657339              1554964119.941            0                         963                       3.0000000000E+000         0.0000000000E+000         0.0000000000E+000         2.1360769748E+000         2.1575185807E+000         4.2713519355E+002         4.3237552575E+002         7.8194168570E-001         9.8821925451E-001         
2019-04-11                06:29:13.993              99.93696751               2398.487220               100.93696751              1554964153.993            0                         963                       1.0000000000E+000         0.0000000000E+000         0.0000000000E+000         2.1360769748E+000         2.1575360178E+000         4.2713706002E+002         4.3237978857E+002         7.8194168570E-001         9.8821925451E-001         
2019-04-11                06:29:17.598              99.93700925               2398.488222               100.93700925              1554964157.599            0                         963                       3.0000000000E+000         0.0000000000E+000         0.0000000000E+000         2.1360769748E+000         2.1575430643E+000         4.2713706002E+002         4.3238340063E+002         7.8245092408E-001         9.8884752583E-001         
2019-04-11                06:29:49.670              99.93738044               2398.497131               100.93738044              1554964189.670            0                         963                       1.0000000000E+000         0.0000000000E+000         0.0000000000E+000         2.1360769748E+000         2.1575254562E+000         4.2710984898E+002         4.3237909597E+002         7.8245092408E-001         9.8884752583E-001         
2019-04-11                06:29:53.211              99.93742144               2398.498114               100.93742144              1554964193.212            0                         963                       3.0000000000E+000         0.0000000000E+000         0.0000000000E+000         2.1360769748E+000         2.1575167204E+000         4.2710984898E+002         4.3234941548E+002         7.8181957337E-001         9.8806859597E-001         
2019-04-11                06:30:25.203              99.93779170               2398.507001               100.93779170              1554964225.203            0                         963                       1.0000000000E+000         0.0000000000E+000         0.0000000000E+000         2.1360769748E+000         2.1575237665E+000         4.2708936473E+002         4.3235113795E+002         7.8181957337E-001         9.8806859597E-001         
2019-04-11                06:30:28.775              99.93783304               2398.507993               100.93783304              1554964228.775            0                         963                       3.0000000000E+000         0.0000000000E+000         0.0000000000E+000         2.1360769748E+000         2.1575325211E+000         4.2708936473E+002         4.3233254231E+002         7.8245226686E-001         9.8884918246E-001         
2019-04-11                06:31:00.760              99.93820325               2398.516878               100.93820325              1554964260.761            0                         963                       1.0000000000E+000         0.0000000000E+000         0.0000000000E+000         2.1360769748E+000         2.1575237851E+000         4.2709401041E+002         4.3233040686E+002         7.8245226686E-001         9.8884918246E-001         
2019-04-11                06:31:04.349              99.93824479               2398.517875               100.93824479              1554964264.350            0                         963                       3.0000000000E+000         0.0000000000E+000         0.0000000000E+000         2.1360769748E+000         2.1575182927E+000         4.2709401041E+002         4.3233376697E+002         7.8205532127E-001         9.8835945370E-001         
2019-04-11                06:31:37.492              99.93862838               2398.527081               100.93862838              1554964297.492            0                         963                       1.0000000000E+000         0.0000000000E+000         0.0000000000E+000         2.1360769748E+000         2.1575270472E+000         4.2708990295E+002         4.3233590695E+002         7.8205532127E-001         9.8835945370E-001         
2019-04-11                06:31:41.035              99.93866939               2398.528065               100.93866939              1554964301.035            0                         963                       3.0000000000E+000         0.0000000000E+000         0.0000000000E+000         2.1360769748E+000         2.1575297904E+000         4.2708990295E+002         4.3233241963E+002         7.8225357041E-001         9.8860404359E-001         
2019-04-11                06:32:13.082              99.93904030               2398.536967               100.93904030              1554964333.082            0                         963                       1.0000000000E+000         0.0000000000E+000         0.0000000000E+000         2.1360769748E+000         2.1575242979E+000         4.2708834943E+002         4.3233107703E+002         7.8225357041E-001         9.8860404359E-001         
2019-04-11                06:32:16.665              99.93908178               2398.537963               100.93908178              1554964336.666            0                         963                       3.0000000000E+000         0.0000000000E+000         0.0000000000E+000         2.1360769748E+000         2.1575248448E+000         4.2708834943E+002         4.3232963813E+002         7.8229309532E-001         9.8865280711E-001         
2019-04-11                06:32:48.680              99.93945231               2398.546856               100.93945231              1554964368.680            0                         963                       1.0000000000E+000         0.0000000000E+000         0.0000000000E+000         2.1360769748E+000         2.1575275879E+000         4.2708555732E+002         4.3233030867E+002         7.8229309532E-001         9.8865280711E-001         
2019-04-11                06:32:52.210              99.93949318               2398.547836               100.93949318              1554964372.211            0                         963                       3.0000000000E+000         0.0000000000E+000         0.0000000000E+000         2.1360769748E+000         2.1575317942E+000         4.2708555732E+002         4.3232851048E+002         7.8259708811E-001         9.8902785175E-001         
2019-04-11                06:33:24.158              99.93986295               2398.556711               100.93986295              1554964404.159            0                         963                       1.0000000000E+000         0.0000000000E+000         0.0000000000E+000         2.1360769748E+000         2.1575323411E+000         4.2707175327E+002         4.3232864416E+002         7.8259708811E-001         9.8902785175E-001         
2019-04-11                06:33:27.759              99.93990463               2398.557711               100.93990463              1554964407.760            0                         963                       3.0000000000E+000         0.0000000000E+000         0.0000000000E+000         2.1360769748E+000         2.1575451709E+000         4.2707175327E+002         4.3231780666E+002         7.8352431341E-001         9.9017175449E-001         
2019-04-11                06:33:36.098              99.94000115               2398.560027               100.94000115              1554964416.099            0                         963                       2.0000000000E+000         0.0000000000E+000         0.0000000000E+000         2.1051390248E+000         2.1575493774E+000         4.2707175327E+002         4.3231883487E+002         7.8352431341E-001         9.9017175449E-001         
2019-04-11                06:33:56.819              99.94024096               2398.565783               100.94024096              1554964436.819            0                         963                       1.0000000000E+000         0.0000000000E+000         0.0000000000E+000         2.1051390248E+000         2.1575493774E+000         4.2705204574E+002         4.3231883487E+002         7.8352431341E-001         9.9017175449E-001         
2019-04-11                06:34:00.354              99.94028188               2398.566765               100.94028188              1554964440.354            0                         963                       3.0000000000E+000         0.0000000000E+000         0.0000000000E+000         2.1051390248E+000         2.1263089581E+000         4.2705204574E+002         4.3230100000E+002         7.8322236373E-001         9.8979925102E-001         
2019-04-11                06:34:33.387              99.94066420               2398.575941               100.94066420              1554964473.387            0                         963                       1.0000000000E+000         0.0000000000E+000         0.0000000000E+000         2.1051390248E+000         2.1263089581E+000         4.2708463085E+002         4.3230100000E+002         7.8322236373E-001         9.8979925102E-001         
2019-04-11                06:34:36.910              99.94070498               2398.576919               100.94070498              1554964476.910            0                         963                       3.0000000000E+000         0.0000000000E+000         0.0000000000E+000         2.1051390248E+000         2.1263069026E+000         4.2708463085E+002         4.3233347580E+002         7.8307163913E-001         9.8961330549E-001         
2019-04-11                06:35:08.880              99.94107500               2398.585800               100.94107500              1554964508.880            0                         963                       1.0000000000E+000         0.0000000000E+000         0.0000000000E+000         2.1051390248E+000         2.1263027850E+000         4.2707286797E+002         4.3233245450E+002         7.8307163913E-001         9.8961330549E-001         
2019-04-11                06:35:12.444              99.94111626               2398.586790               100.94111626              1554964512.445            0                         963                       3.0000000000E+000         0.0000000000E+000         0.0000000000E+000         2.1051390248E+000         2.1262767213E+000         4.2707286797E+002         4.3231408262E+002         7.8116039657E-001         9.8725530450E-001         
2019-04-11                06:35:23.086              99.94123943               2398.589746               100.94123943              1554964523.087            0                         963                       2.0000000000E+000         0.0000000000E+000         0.0000000000E+000         1.4986843317E+001         2.1262746661E+000         4.2707286797E+002         4.3231357287E+002         7.8116039657E-001         9.8725530450E-001         
2019-04-11                06:35:43.575              99.94147656               2398.595438               100.94147656              1554964543.575            0                         963                       1.0000000000E+000         0.0000000000E+000         0.0000000000E+000         1.4986843317E+001         2.1262746661E+000         4.2706022002E+002         4.3231357287E+002         7.8116039657E-001         9.8725530450E-001         
2019-04-11                06:35:47.147              99.94151791               2398.596430               100.94151791              1554964547.147            0                         963                       3.0000000000E+000         0.0000000000E+000         0.0000000000E+000         1.4986843317E+001         1.5137278595E+001         4.2706022002E+002         4.3229962174E+002         7.8273219245E-001         9.8919453170E-001         
2019-04-11                06:36:20.298              99.94190160               2398.605638               100.94190160              1554964580.298            0                         963                       1.0000000000E+000         0.0000000000E+000         0.0000000000E+000         1.4986843317E+001         1.5137278595E+001         4.2703960093E+002         4.3229962174E+002         7.8273219245E-001         9.8919453170E-001         
2019-04-11                06:36:23.918              99.94194351               2398.606644               100.94194351              1554964583.919            0                         963                       3.0000000000E+000         0.0000000000E+000         0.0000000000E+000         1.4986843317E+001         1.5137321836E+001         4.2703960093E+002         4.3228025602E+002         7.8317762419E-001         9.8974405703E-001         
2019-04-11                06:36:56.030              99.94231517               2398.615564               100.94231517              1554964616.031            0                         963                       1.0000000000E+000         0.0000000000E+000         0.0000000000E+000         1.4986843317E+001         1.5137474433E+001         4.2703747107E+002         4.3228557196E+002         7.8317762419E-001         9.8974405703E-001         
2019-04-11                06:36:59.556              99.94235598               2398.616544               100.94235598              1554964619.557            0                         963                       3.0000000000E+000         0.0000000000E+000         0.0000000000E+000         1.4986843317E+001         1.5137441771E+001         4.2703747107E+002         4.3228227810E+002         7.8284117962E-001         9.8932898958E-001         
2019-04-11                06:37:31.525              99.94272598               2398.625424               100.94272598              1554964651.525            0                         963                       1.0000000000E+000         0.0000000000E+000         0.0000000000E+000         1.4986843317E+001         1.5137485014E+001         4.2703957125E+002         4.3228378453E+002         7.8284117962E-001         9.8932898958E-001         
2019-04-11                06:37:35.167              99.94276815               2398.626436               100.94276815              1554964655.168            0                         963                       3.0000000000E+000         0.0000000000E+000         0.0000000000E+000         1.4986843317E+001         1.5137447551E+001         4.2703957125E+002         4.3228460546E+002         7.8245530232E-001         9.8885292739E-001         
2019-04-11                06:38:07.194              99.94313882               2398.635332               100.94313882              1554964687.194            0                         963                       1.0000000000E+000         0.0000000000E+000         0.0000000000E+000         1.4986843317E+001         1.5137414889E+001         4.2703012254E+002         4.3228346763E+002         7.8245530232E-001         9.8885292739E-001         
2019-04-11                06:38:10.789              99.94318044               2398.636331               100.94318044              1554964690.790            0                         963                       3.0000000000E+000         0.0000000000E+000         0.0000000000E+000         1.4986843317E+001         1.5137557781E+001         4.2703012254E+002         4.3227888060E+002         7.8392717510E-001         9.9066873879E-001         
2019-04-11                06:38:42.848              99.94355149               2398.645236               100.94355149              1554964722.849            0                         963                       1.0000000000E+000         0.0000000000E+000         0.0000000000E+000         1.4986843317E+001         1.5137520317E+001         4.2700385377E+002         4.3227757553E+002         7.8392717510E-001         9.9066873879E-001         
2019-04-11                06:38:46.387              99.94359244               2398.646219               100.94359244              1554964726.387            0                         963                       3.0000000000E+000         0.0000000000E+000         0.0000000000E+000         1.4986843317E+001         1.5137401788E+001         4.2700385377E+002         4.3224685517E+002         7.8270622150E-001         9.8916249112E-001         
2019-04-11                06:38:54.982              99.94369192               2398.648606               100.94369192              1554964734.982            0                         963                       2.0000000000E+000         0.0000000000E+000         0.0000000000E+000         1.5452749835E+001         1.5137544678E+001         4.2700385377E+002         4.3225183254E+002         7.8270622150E-001         9.8916249112E-001         
2019-04-11                06:39:15.415              99.94392843               2398.654282               100.94392843              1554964755.416            0                         963                       1.0000000000E+000         0.0000000000E+000         0.0000000000E+000         1.5452749835E+001         1.5137544678E+001         4.2698533236E+002         4.3225183254E+002         7.8270622150E-001         9.8916249112E-001         
2019-04-11                06:39:20.701              99.94398961               2398.655751               100.94398961              1554964760.702            0                         963                       3.0000000000E+000         0.0000000000E+000         0.0000000000E+000         1.5452749835E+001         1.5607895068E+001         4.2698533236E+002         4.3222493914E+002         7.8151869674E-001         9.8769737873E-001         
2019-04-11                06:39:52.927              99.94436258               2398.664702               100.94436258              1554964792.927            0                         963                       1.0000000000E+000         0.0000000000E+000         0.0000000000E+000         1.5452749835E+001         1.5607895068E+001         4.2699648123E+002         4.3222493914E+002         7.8151869674E-001         9.8769737873E-001         
2019-04-11                06:39:56.509              99.94440405               2398.665697               100.94440405              1554964796.510            0                         963                       3.0000000000E+000         0.0000000000E+000         0.0000000000E+000         1.5452749835E+001         1.5608061780E+001         4.2699648123E+002         4.3224185679E+002         7.8318414952E-001         9.8975210716E-001         
2019-04-11                06:40:28.522              99.94477456               2398.674589               100.94477456              1554964828.522            0                         963                       1.0000000000E+000         0.0000000000E+000         0.0000000000E+000         1.5452749835E+001         1.5607942905E+001         4.2702167648E+002         4.3223784090E+002         7.8318414952E-001         9.8975210716E-001         
2019-04-11                06:40:33.812              99.94483579               2398.676059               100.94483579              1554964833.812            0                         963                       3.0000000000E+000         0.0000000000E+000         0.0000000000E+000         1.5452749835E+001         1.5607932667E+001         4.2702167648E+002         4.3226299952E+002         7.8308186023E-001         9.8962591507E-001         
2019-04-11                06:41:06.194              99.94521059               2398.685054               100.94521059              1554964866.195            0                         963                       1.0000000000E+000         0.0000000000E+000         0.0000000000E+000         1.5452749835E+001         1.5608099382E+001         4.2700566043E+002         4.3226863191E+002         7.8308186023E-001         9.8962591507E-001         
2019-04-11                06:41:09.818              99.94525252               2398.686061               100.94525252              1554964869.818            0                         963                       3.0000000000E+000         0.0000000000E+000         0.0000000000E+000         1.5452749835E+001         1.5608029490E+001         4.2700566043E+002         4.3225005788E+002         7.8238364970E-001         9.8876452736E-001         
