DATE                      TIME                      FRAC_DAYS_SINCE_JAN1      FRAC_HRS_SINCE_JAN1       JULIAN_DAYS               EPOCH_TIME                ALARM_STATUS              INST_STATUS               species                   MPVPosition               solenoid_valves           CH4                       CH4_dry                   CO2                       CO2_dry                   H2O                       h2o_reported              
2019-04-11                00:34:09.839              99.69039167               2392.569400               100.69039167              1554942849.840            0                         963                       1.0000000000E+000         0.0000000000E+000         0.0000000000E+000         1.6139522361E+001         1.6294378451E+001         4.8432837500E+002         4.9034694370E+002         7.4773910651E-001         9.4597837618E-001         
2019-04-11                00:34:58.111              99.69095037               2392.582809               100.69095037              1554942898.112            0                         963                       1.0000000000E+000         0.0000000000E+000         0.0000000000E+000         1.6139522361E+001         1.6294378451E+001         4.8396633928E+002         4.9000807334E+002         7.4773910651E-001         9.4597837618E-001         
2019-04-11                00:35:47.369              99.69152049               2392.596492               100.69152049              1554942947.370            0                         963                       1.0000000000E+000         0.0000000000E+000         0.0000000000E+000         1.6139522361E+001         1.6294378451E+001         4.8361324066E+002         4.8964179204E+002         7.4773910651E-001         9.4597837618E-001         
2019-04-11                00:36:36.596              99.69209024               2392.610166               100.69209024              1554942996.597            0                         963                       1.0000000000E+000         0.0000000000E+000         0.0000000000E+000         1.6139522361E+001         1.6294378451E+001         4.8324090252E+002         4.8928455264E+002         7.4773910651E-001         9.4597837618E-001         
2019-04-11                00:37:25.917              99.69266108               2392.623866               100.69266108              1554943045.917            0                         963                       1.0000000000E+000         0.0000000000E+000         0.0000000000E+000         1.6139522361E+001         1.6294378451E+001         4.8273270085E+002         4.8890784811E+002         7.4773910651E-001         9.4597837618E-001         
2019-04-11                00:38:14.232              99.69322028               2392.637287               100.69322028              1554943094.232            0                         963                       1.0000000000E+000         0.0000000000E+000         0.0000000000E+000         1.6139522361E+001         1.6294378451E+001         4.8212249314E+002         4.8839368679E+002         7.4773910651E-001         9.4597837618E-001         
2019-04-11                00:39:02.486              99.69377878               2392.650691               100.69377878              1554943142.487            0                         963                       1.0000000000E+000         0.0000000000E+000         0.0000000000E+000         1.6139522361E+001         1.6294378451E+001         4.8153356595E+002         4.8777632319E+002         7.4773910651E-001         9.4597837618E-001         
2019-04-11                00:39:08.552              99.69384899               2392.652376               100.69384899              1554943148.553            0                         963                       3.0000000000E+000         0.0000000000E+000         0.0000000000E+000         1.6139522361E+001         1.6295801890E+001         4.8153356595E+002         4.8723240999E+002         7.6136718517E-001         9.6281962751E-001         
2019-04-11                00:39:17.536              99.69395296               2392.654871               100.69395296              1554943157.536            0                         963                       2.0000000000E+000         0.0000000000E+000         0.0000000000E+000         1.5685945729E+001         1.6295801890E+001         4.8153356595E+002         4.8723240999E+002         7.6136718517E-001         9.6281962751E-001         
2019-04-11                00:39:37.967              99.69418943               2392.660546               100.69418943              1554943177.967            0                         963                       1.0000000000E+000         0.0000000000E+000         0.0000000000E+000         1.5685945729E+001         1.6295801890E+001         4.8096138076E+002         4.8723240999E+002         7.6136718517E-001         9.6281962751E-001         
2019-04-11                00:40:28.414              99.69477331               2392.674559               100.69477331              1554943228.414            0                         963                       1.0000000000E+000         0.0000000000E+000         0.0000000000E+000         1.5685945729E+001         1.5839217481E+001         4.8066293764E+002         4.8670534146E+002         7.6136718517E-001         9.6281962751E-001         
2019-04-11                00:41:17.657              99.69534325               2392.688238               100.69534325              1554943277.657            0                         963                       1.0000000000E+000         0.0000000000E+000         0.0000000000E+000         1.5685945729E+001         1.5839217481E+001         4.8043292193E+002         4.8640333414E+002         7.6136718517E-001         9.6281962751E-001         
2019-04-11                00:42:05.914              99.69590178               2392.701643               100.69590178              1554943325.914            0                         963                       1.0000000000E+000         0.0000000000E+000         0.0000000000E+000         1.5685945729E+001         1.5839217481E+001         4.8003887895E+002         4.8617057143E+002         7.6136718517E-001         9.6281962751E-001         
2019-04-11                00:42:56.345              99.69648549               2392.715652               100.69648549              1554943376.346            0                         963                       1.0000000000E+000         0.0000000000E+000         0.0000000000E+000         1.5685945729E+001         1.5839217481E+001         4.7961267940E+002         4.8577182253E+002         7.6136718517E-001         9.6281962751E-001         
2019-04-11                00:43:45.729              99.69705705               2392.729369               100.69705705              1554943425.729            0                         963                       1.0000000000E+000         0.0000000000E+000         0.0000000000E+000         1.5685945729E+001         1.5839217481E+001         4.7915535889E+002         4.8534053302E+002         7.6136718517E-001         9.6281962751E-001         
2019-04-11                00:44:34.973              99.69762700               2392.743048               100.69762700              1554943474.973            0                         963                       1.0000000000E+000         0.0000000000E+000         0.0000000000E+000         1.5685945729E+001         1.5839217481E+001         4.7858865904E+002         4.8487775088E+002         7.6136718517E-001         9.6281962751E-001         
2019-04-11                00:45:24.226              99.69819707               2392.756730               100.69819707              1554943524.227            0                         963                       1.0000000000E+000         0.0000000000E+000         0.0000000000E+000         1.5685945729E+001         1.5839217481E+001         4.7811488978E+002         4.8430428313E+002         7.6136718517E-001         9.6281962751E-001         
2019-04-11                00:46:13.505              99.69876742               2392.770418               100.69876742              1554943573.505            0                         963                       1.0000000000E+000         0.0000000000E+000         0.0000000000E+000         1.5685945729E+001         1.5839217481E+001         4.7767973112E+002         4.8382485580E+002         7.6136718517E-001         9.6281962751E-001         
2019-04-11                00:46:37.892              99.69904969               2392.777192               100.69904969              1554943597.893            0                         963                       2.0000000000E+000         0.0000000000E+000         0.0000000000E+000         2.3142665524E+000         1.5839217481E+001         4.7767973112E+002         4.8338450018E+002         7.6136718517E-001         9.6281962751E-001         
2019-04-11                00:46:58.874              99.69929252               2392.783021               100.69929252              1554943618.874            0                         963                       1.0000000000E+000         0.0000000000E+000         0.0000000000E+000         2.3142665524E+000         1.5839217481E+001         4.7723366982E+002         4.8338450018E+002         7.6136718517E-001         9.6281962751E-001         
2019-04-11                00:47:47.144              99.69985122               2392.796429               100.69985122              1554943667.145            0                         963                       1.0000000000E+000         0.0000000000E+000         0.0000000000E+000         2.3142665524E+000         2.3368798965E+000         4.7694729894E+002         4.8293311172E+002         7.6136718517E-001         9.6281962751E-001         
2019-04-11                00:48:36.392              99.70042122               2392.810109               100.70042122              1554943716.393            0                         963                       1.0000000000E+000         0.0000000000E+000         0.0000000000E+000         2.3142665524E+000         2.3368798965E+000         4.7651551743E+002         4.8264332081E+002         7.6136718517E-001         9.6281962751E-001         
2019-04-11                00:49:25.796              99.70099302               2392.823832               100.70099302              1554943765.797            0                         963                       1.0000000000E+000         0.0000000000E+000         0.0000000000E+000         2.3142665524E+000         2.3368798965E+000         4.7605275795E+002         4.8220638268E+002         7.6136718517E-001         9.6281962751E-001         
2019-04-11                00:50:16.201              99.70157641               2392.837834               100.70157641              1554943816.202            0                         963                       1.0000000000E+000         0.0000000000E+000         0.0000000000E+000         2.3142665524E+000         2.3368798965E+000         4.7573617221E+002         4.8173809662E+002         7.6136718517E-001         9.6281962751E-001         
2019-04-11                00:51:05.474              99.70214670               2392.851521               100.70214670              1554943865.475            0                         963                       1.0000000000E+000         0.0000000000E+000         0.0000000000E+000         2.3142665524E+000         2.3368798965E+000         4.7545585421E+002         4.8141773000E+002         7.6136718517E-001         9.6281962751E-001         
2019-04-11                00:51:53.760              99.70270557               2392.864934               100.70270557              1554943913.761            0                         963                       1.0000000000E+000         0.0000000000E+000         0.0000000000E+000         2.3142665524E+000         2.3368798965E+000         4.7520288091E+002         4.8113406426E+002         7.6136718517E-001         9.6281962751E-001         
2019-04-11                00:52:42.992              99.70327537               2392.878609               100.70327537              1554943962.992            0                         963                       1.0000000000E+000         0.0000000000E+000         0.0000000000E+000         2.3142665524E+000         2.3368798965E+000         4.7504952309E+002         4.8087806978E+002         7.6136718517E-001         9.6281962751E-001         
2019-04-11                00:53:32.371              99.70384689               2392.892325               100.70384689              1554944012.371            0                         963                       1.0000000000E+000         0.0000000000E+000         0.0000000000E+000         2.3142665524E+000         2.3368798965E+000         4.7485279536E+002         4.8072288046E+002         7.6136718517E-001         9.6281962751E-001         
2019-04-11                00:54:21.611              99.70441679               2392.906003               100.70441679              1554944061.611            0                         963                       1.0000000000E+000         0.0000000000E+000         0.0000000000E+000         2.3142665524E+000         2.3368798965E+000         4.7465812368E+002         4.8052380327E+002         7.6136718517E-001         9.6281962751E-001         
2019-04-11                00:55:10.862              99.70498684               2392.919684               100.70498684              1554944110.863            0                         963                       1.0000000000E+000         0.0000000000E+000         0.0000000000E+000         2.3142665524E+000         2.3368798965E+000         4.7437321628E+002         4.8032680670E+002         7.6136718517E-001         9.6281962751E-001         
2019-04-11                00:55:59.160              99.70554583               2392.933100               100.70554583              1554944159.160            0                         963                       1.0000000000E+000         0.0000000000E+000         0.0000000000E+000         2.3142665524E+000         2.3368798965E+000         4.7419804347E+002         4.8003849675E+002         7.6136718517E-001         9.6281962751E-001         
2019-04-11                00:56:48.407              99.70611582               2392.946780               100.70611582              1554944208.407            0                         963                       1.0000000000E+000         0.0000000000E+000         0.0000000000E+000         2.3142665524E+000         2.3368798965E+000         4.7425499860E+002         4.7986123190E+002         7.6136718517E-001         9.6281962751E-001         
2019-04-11                00:57:37.640              99.70668565               2392.960456               100.70668565              1554944257.640            0                         963                       1.0000000000E+000         0.0000000000E+000         0.0000000000E+000         2.3142665524E+000         2.3368798965E+000         4.7422374558E+002         4.7991886723E+002         7.6136718517E-001         9.6281962751E-001         
2019-04-11                00:58:25.913              99.70724436               2392.973865               100.70724436              1554944305.913            0                         963                       1.0000000000E+000         0.0000000000E+000         0.0000000000E+000         2.3142665524E+000         2.3368798965E+000         4.7403627465E+002         4.7988724096E+002         7.6136718517E-001         9.6281962751E-001         
2019-04-11                00:59:14.273              99.70780409               2392.987298               100.70780409              1554944354.273            0                         963                       1.0000000000E+000         0.0000000000E+000         0.0000000000E+000         2.3142665524E+000         2.3368798965E+000         4.7372512960E+002         4.7969753113E+002         7.6136718517E-001         9.6281962751E-001         
2019-04-11                00:59:21.809              99.70789132               2392.989392               100.70789132              1554944361.810            0                         963                       3.0000000000E+000         0.0000000000E+000         0.0000000000E+000         2.3142665524E+000         2.3369854138E+000         4.7372512960E+002         4.7940907625E+002         7.6840974567E-001         9.7151730325E-001         
2019-04-11                00:59:32.648              99.70801676               2392.992402               100.70801676              1554944372.648            0                         963                       2.0000000000E+000         0.0000000000E+000         0.0000000000E+000         1.6109892169E+001         2.3369854138E+000         4.7372512960E+002         4.7940907625E+002         7.6840974567E-001         9.7151730325E-001         
2019-04-11                00:59:52.775              99.70824971               2392.997993               100.70824971              1554944392.775            0                         963                       1.0000000000E+000         0.0000000000E+000         0.0000000000E+000         1.6109892169E+001         2.3369854138E+000         4.7326533538E+002         4.7940907625E+002         7.6840974567E-001         9.7151730325E-001         
2019-04-11                01:00:42.069              99.70882024               2393.011686               100.70882024              1554944442.069            0                         963                       1.0000000000E+000         0.0000000000E+000         0.0000000000E+000         1.6109892169E+001         1.6268775672E+001         4.7297623480E+002         4.7897015347E+002         7.6840974567E-001         9.7151730325E-001         
2019-04-11                01:01:30.338              99.70937892               2393.025094               100.70937892              1554944490.339            0                         963                       1.0000000000E+000         0.0000000000E+000         0.0000000000E+000         1.6109892169E+001         1.6268775672E+001         4.7263661563E+002         4.7867756802E+002         7.6840974567E-001         9.7151730325E-001         
2019-04-11                01:02:19.619              99.70994931               2393.038783               100.70994931              1554944539.620            0                         963                       1.0000000000E+000         0.0000000000E+000         0.0000000000E+000         1.6109892169E+001         1.6268775672E+001         4.7222375684E+002         4.7833385502E+002         7.6840974567E-001         9.7151730325E-001         
2019-04-11                01:03:07.986              99.71050911               2393.052219               100.71050911              1554944587.987            0                         963                       1.0000000000E+000         0.0000000000E+000         0.0000000000E+000         1.6109892169E+001         1.6268775672E+001         4.7183168467E+002         4.7791601957E+002         7.6840974567E-001         9.7151730325E-001         
2019-04-11                01:03:57.227              99.71107903               2393.065897               100.71107903              1554944637.228            0                         963                       1.0000000000E+000         0.0000000000E+000         0.0000000000E+000         1.6109892169E+001         1.6268775672E+001         4.7143611164E+002         4.7751922130E+002         7.6840974567E-001         9.7151730325E-001         
2019-04-11                01:04:46.486              99.71164914               2393.079579               100.71164914              1554944686.486            0                         963                       1.0000000000E+000         0.0000000000E+000         0.0000000000E+000         1.6109892169E+001         1.6268775672E+001         4.7102381616E+002         4.7711887997E+002         7.6840974567E-001         9.7151730325E-001         
2019-04-11                01:05:34.767              99.71220796               2393.092991               100.71220796              1554944734.768            0                         963                       1.0000000000E+000         0.0000000000E+000         0.0000000000E+000         1.6109892169E+001         1.6268775672E+001         4.7063631607E+002         4.7670161461E+002         7.6840974567E-001         9.7151730325E-001         
2019-04-11                01:06:24.007              99.71277787               2393.106669               100.71277787              1554944784.008            0                         963                       1.0000000000E+000         0.0000000000E+000         0.0000000000E+000         1.6109892169E+001         1.6268775672E+001         4.7016342440E+002         4.7630944353E+002         7.6840974567E-001         9.7151730325E-001         
2019-04-11                01:07:13.311              99.71334851               2393.120364               100.71334851              1554944833.311            0                         963                       1.0000000000E+000         0.0000000000E+000         0.0000000000E+000         1.6109892169E+001         1.6268775672E+001         4.6969967122E+002         4.7583085155E+002         7.6840974567E-001         9.7151730325E-001         
2019-04-11                01:08:00.571              99.71389550               2393.133492               100.71389550              1554944880.571            0                         963                       1.0000000000E+000         0.0000000000E+000         0.0000000000E+000         1.6109892169E+001         1.6268775672E+001         4.6932054146E+002         4.7536150820E+002         7.6840974567E-001         9.7151730325E-001         
2019-04-11                01:08:26.454              99.71419508               2393.140682               100.71419508              1554944906.455            0                         963                       2.0000000000E+000         0.0000000000E+000         0.0000000000E+000         1.5972372387E+001         1.6268775672E+001         4.6932054146E+002         4.7497780836E+002         7.6840974567E-001         9.7151730325E-001         
2019-04-11                01:08:46.901              99.71443174               2393.146362               100.71443174              1554944926.902            0                         963                       1.0000000000E+000         0.0000000000E+000         0.0000000000E+000         1.5972372387E+001         1.6268775672E+001         4.6885196476E+002         4.7497780836E+002         7.6840974567E-001         9.7151730325E-001         
2019-04-11                01:09:36.361              99.71500418               2393.160100               100.71500418              1554944976.361            0                         963                       1.0000000000E+000         0.0000000000E+000         0.0000000000E+000         1.5972372387E+001         1.6129899603E+001         4.6848465709E+002         4.7450358335E+002         7.6840974567E-001         9.7151730325E-001         
2019-04-11                01:10:25.598              99.71557406               2393.173777               100.71557406              1554945025.599            0                         963                       1.0000000000E+000         0.0000000000E+000         0.0000000000E+000         1.5972372387E+001         1.6129899603E+001         4.6808538452E+002         4.7413184810E+002         7.6840974567E-001         9.7151730325E-001         
2019-04-11                01:11:14.842              99.71614400               2393.187456               100.71614400              1554945074.842            0                         963                       1.0000000000E+000         0.0000000000E+000         0.0000000000E+000         1.5972372387E+001         1.6129899603E+001         4.6785617210E+002         4.7372776263E+002         7.6840974567E-001         9.7151730325E-001         
2019-04-11                01:12:05.273              99.71672771               2393.201465               100.71672771              1554945125.274            0                         963                       1.0000000000E+000         0.0000000000E+000         0.0000000000E+000         1.5972372387E+001         1.6129899603E+001         4.6762087738E+002         4.7349578725E+002         7.6840974567E-001         9.7151730325E-001         
2019-04-11                01:12:55.509              99.71730913               2393.215419               100.71730913              1554945175.509            0                         963                       1.0000000000E+000         0.0000000000E+000         0.0000000000E+000         1.5972372387E+001         1.6129899603E+001         4.6736597360E+002         4.7325765625E+002         7.6840974567E-001         9.7151730325E-001         
2019-04-11                01:13:44.785              99.71787946               2393.229107               100.71787946              1554945224.785            0                         963                       1.0000000000E+000         0.0000000000E+000         0.0000000000E+000         1.5972372387E+001         1.6129899603E+001         4.6703098105E+002         4.7299967981E+002         7.6840974567E-001         9.7151730325E-001         
2019-04-11                01:14:34.039              99.71844954               2393.242789               100.71844954              1554945274.040            0                         963                       1.0000000000E+000         0.0000000000E+000         0.0000000000E+000         1.5972372387E+001         1.6129899603E+001         4.6657387538E+002         4.7266064921E+002         7.6840974567E-001         9.7151730325E-001         
2019-04-11                01:15:22.303              99.71900815               2393.256196               100.71900815              1554945322.304            0                         963                       1.0000000000E+000         0.0000000000E+000         0.0000000000E+000         1.5972372387E+001         1.6129899603E+001         4.6615180910E+002         4.7219803351E+002         7.6840974567E-001         9.7151730325E-001         
2019-04-11                01:16:10.578              99.71956688               2393.269605               100.71956688              1554945370.578            0                         963                       1.0000000000E+000         0.0000000000E+000         0.0000000000E+000         1.5972372387E+001         1.6129899603E+001         4.6573289923E+002         4.7177087957E+002         7.6840974567E-001         9.7151730325E-001         
2019-04-11                01:16:59.815              99.72013675               2393.283282               100.72013675              1554945419.815            0                         963                       1.0000000000E+000         0.0000000000E+000         0.0000000000E+000         1.5972372387E+001         1.6129899603E+001         4.6532367422E+002         4.7134692010E+002         7.6840974567E-001         9.7151730325E-001         
2019-04-11                01:17:48.121              99.72069586               2393.296701               100.72069586              1554945468.122            0                         963                       1.0000000000E+000         0.0000000000E+000         0.0000000000E+000         1.5972372387E+001         1.6129899603E+001         4.6492933114E+002         4.7093276222E+002         7.6840974567E-001         9.7151730325E-001         
2019-04-11                01:18:13.733              99.72099229               2393.303815               100.72099229              1554945493.734            0                         963                       2.0000000000E+000         0.0000000000E+000         0.0000000000E+000         2.2337600202E+000         1.6129899603E+001         4.6492933114E+002         4.7053366566E+002         7.6840974567E-001         9.7151730325E-001         
2019-04-11                01:18:34.473              99.72123234               2393.309576               100.72123234              1554945514.474            0                         963                       1.0000000000E+000         0.0000000000E+000         0.0000000000E+000         2.2337600202E+000         1.6129899603E+001         4.6450804718E+002         4.7053366566E+002         7.6840974567E-001         9.7151730325E-001         
2019-04-11                01:19:21.759              99.72177962               2393.322711               100.72177962              1554945561.759            0                         963                       1.0000000000E+000         0.0000000000E+000         0.0000000000E+000         2.2337600202E+000         2.2557904355E+000         4.6425238325E+002         4.7010730348E+002         7.6840974567E-001         9.7151730325E-001         
2019-04-11                01:20:11.003              99.72234958               2393.336390               100.72234958              1554945611.004            0                         963                       1.0000000000E+000         0.0000000000E+000         0.0000000000E+000         2.2337600202E+000         2.2557904355E+000         4.6392840973E+002         4.6984855773E+002         7.6840974567E-001         9.7151730325E-001         
2019-04-11                01:21:00.237              99.72291942               2393.350066               100.72291942              1554945660.238            0                         963                       1.0000000000E+000         0.0000000000E+000         0.0000000000E+000         2.2337600202E+000         2.2557904355E+000         4.6358130007E+002         4.6952067899E+002         7.6840974567E-001         9.7151730325E-001         
2019-04-11                01:21:48.578              99.72347891               2393.363494               100.72347891              1554945708.578            0                         963                       1.0000000000E+000         0.0000000000E+000         0.0000000000E+000         2.2337600202E+000         2.2557904355E+000         4.6324233341E+002         4.6916938521E+002         7.6840974567E-001         9.7151730325E-001         
2019-04-11                01:22:39.859              99.72407245               2393.377739               100.72407245              1554945759.860            0                         963                       1.0000000000E+000         0.0000000000E+000         0.0000000000E+000         2.2337600202E+000         2.2557904355E+000         4.6288080343E+002         4.6882633259E+002         7.6840974567E-001         9.7151730325E-001         
2019-04-11                01:23:28.115              99.72463097               2393.391143               100.72463097              1554945808.116            0                         963                       1.0000000000E+000         0.0000000000E+000         0.0000000000E+000         2.2337600202E+000         2.2557904355E+000         4.6248073797E+002         4.6846044466E+002         7.6840974567E-001         9.7151730325E-001         
2019-04-11                01:24:17.351              99.72520082               2393.404820               100.72520082              1554945857.351            0                         963                       1.0000000000E+000         0.0000000000E+000         0.0000000000E+000         2.2337600202E+000         2.2557904355E+000         4.6212402669E+002         4.6805555675E+002         7.6840974567E-001         9.7151730325E-001         
2019-04-11                01:25:06.696              99.72577194               2393.418527               100.72577194              1554945906.696            0                         963                       1.0000000000E+000         0.0000000000E+000         0.0000000000E+000         2.2337600202E+000         2.2557904355E+000         4.6178952297E+002         4.6769454561E+002         7.6840974567E-001         9.7151730325E-001         
2019-04-11                01:25:54.937              99.72633029               2393.431927               100.72633029              1554945954.937            0                         963                       1.0000000000E+000         0.0000000000E+000         0.0000000000E+000         2.2337600202E+000         2.2557904355E+000         4.6137317461E+002         4.6735600973E+002         7.6840974567E-001         9.7151730325E-001         
2019-04-11                01:26:44.226              99.72690076               2393.445618               100.72690076              1554946004.226            0                         963                       1.0000000000E+000         0.0000000000E+000         0.0000000000E+000         2.2337600202E+000         2.2557904355E+000         4.6095130695E+002         4.6693464264E+002         7.6840974567E-001         9.7151730325E-001         
2019-04-11                01:27:32.516              99.72745968               2393.459032               100.72745968              1554946052.516            0                         963                       1.0000000000E+000         0.0000000000E+000         0.0000000000E+000         2.2337600202E+000         2.2557904355E+000         4.6055718285E+002         4.6650768972E+002         7.6840974567E-001         9.7151730325E-001         
2019-04-11                01:28:20.808              99.72801861               2393.472447               100.72801861              1554946100.808            0                         963                       1.0000000000E+000         0.0000000000E+000         0.0000000000E+000         2.2337600202E+000         2.2557904355E+000         4.6010412012E+002         4.6610881479E+002         7.6840974567E-001         9.7151730325E-001         
2019-04-11                01:29:09.115              99.72857773               2393.485866               100.72857773              1554946149.116            0                         963                       1.0000000000E+000         0.0000000000E+000         0.0000000000E+000         2.2337600202E+000         2.2557904355E+000         4.5967922285E+002         4.6565029076E+002         7.6840974567E-001         9.7151730325E-001         
2019-04-11                01:29:56.384              99.72912483               2393.498996               100.72912483              1554946196.385            0                         963                       1.0000000000E+000         0.0000000000E+000         0.0000000000E+000         2.2337600202E+000         2.2557904355E+000         4.5924768945E+002         4.6522027171E+002         7.6840974567E-001         9.7151730325E-001         
2019-04-11                01:30:45.615              99.72969463               2393.512671               100.72969463              1554946245.616            0                         963                       1.0000000000E+000         0.0000000000E+000         0.0000000000E+000         2.2337600202E+000         2.2557904355E+000         4.5876682238E+002         4.6478353654E+002         7.6840974567E-001         9.7151730325E-001         
2019-04-11                01:31:12.005              99.73000006               2393.520001               100.73000006              1554946272.005            0                         963                       2.0000000000E+000         0.0000000000E+000         0.0000000000E+000         1.5868002332E+001         2.2557904355E+000         4.5876682238E+002         4.6429687301E+002         7.6840974567E-001         9.7151730325E-001         
2019-04-11                01:31:32.937              99.73024233               2393.525816               100.73024233              1554946292.937            0                         963                       1.0000000000E+000         0.0000000000E+000         0.0000000000E+000         1.5868002332E+001         2.2557904355E+000         4.5826171688E+002         4.6429687301E+002         7.6840974567E-001         9.7151730325E-001         
2019-04-11                01:32:22.394              99.73081476               2393.539554               100.73081476              1554946342.395            0                         963                       1.0000000000E+000         0.0000000000E+000         0.0000000000E+000         1.5868002332E+001         1.6024500201E+001         4.5793711259E+002         4.6378567889E+002         7.6840974567E-001         9.7151730325E-001         
2019-04-11                01:33:11.654              99.73138488               2393.553237               100.73138488              1554946391.654            0                         963                       1.0000000000E+000         0.0000000000E+000         0.0000000000E+000         1.5868002332E+001         1.6024500201E+001         4.5751303865E+002         4.6345716177E+002         7.6840974567E-001         9.7151730325E-001         
2019-04-11                01:33:59.938              99.73194374               2393.566650               100.73194374              1554946439.939            0                         963                       1.0000000000E+000         0.0000000000E+000         0.0000000000E+000         1.5868002332E+001         1.6024500201E+001         4.5712133346E+002         4.6302797597E+002         7.6840974567E-001         9.7151730325E-001         
2019-04-11                01:34:51.249              99.73253760               2393.580903               100.73253760              1554946491.249            0                         963                       1.0000000000E+000         0.0000000000E+000         0.0000000000E+000         1.5868002332E+001         1.6024500201E+001         4.5678189628E+002         4.6263154910E+002         7.6840974567E-001         9.7151730325E-001         
