DATE                      TIME                      FRAC_DAYS_SINCE_JAN1      FRAC_HRS_SINCE_JAN1       JULIAN_DAYS               EPOCH_TIME                ALARM_STATUS              INST_STATUS               species                   MPVPosition               solenoid_valves           CH4                       CH4_dry                   CO2                       CO2_dry                   H2O                       h2o_reported              
2019-07-30                11:16:15.204              210.13628709              5043.270890               211.13628709              1564485375.205            0                         963                       1.0000000000E+000         1.6000000000E+001         0.0000000000E+000         4.7102437776E+001         4.8417709165E+001         4.2176883942E+002         4.3623016879E+002         2.1401899536E+000         2.6013937330E+000         
2019-07-30                11:17:06.368              210.13687926              5043.285102               211.13687926              1564485426.368            0                         963                       1.0000000000E+000         1.6000000000E+001         0.0000000000E+000         4.7102437776E+001         4.8417709165E+001         4.2174877399E+002         4.3617404886E+002         2.1401899536E+000         2.6013937330E+000         
2019-07-30                11:17:55.605              210.13744913              5043.298779               211.13744913              1564485475.605            0                         963                       1.0000000000E+000         1.6000000000E+001         0.0000000000E+000         4.7102437776E+001         4.8417709165E+001         4.2173348519E+002         4.3615329811E+002         2.1401899536E+000         2.6013937330E+000         
2019-07-30                11:18:44.822              210.13801878              5043.312451               211.13801878              1564485524.823            0                         963                       1.0000000000E+000         1.0000000000E+000         0.0000000000E+000         4.7102437776E+001         4.8417709165E+001         4.3976764255E+002         4.3613748713E+002         2.1401899536E+000         2.6013937330E+000         
2019-07-30                11:19:36.013              210.13861126              5043.326670               211.13861126              1564485576.013            0                         963                       1.0000000000E+000         1.0000000000E+000         0.0000000000E+000         4.7102437776E+001         4.8417709165E+001         4.4149457937E+002         4.5478758808E+002         2.1401899536E+000         2.6013937330E+000         
2019-07-30                11:20:27.184              210.13920353              5043.340885               211.13920353              1564485627.185            0                         963                       1.0000000000E+000         1.0000000000E+000         0.0000000000E+000         4.7102437776E+001         4.8417709165E+001         4.2340212014E+002         4.5657350718E+002         2.1401899536E+000         2.6013937330E+000         
2019-07-30                11:21:17.279              210.13978332              5043.354800               211.13978332              1564485677.279            0                         963                       1.0000000000E+000         1.0000000000E+000         0.0000000000E+000         4.7102437776E+001         4.8417709165E+001         4.2120783828E+002         4.3786311310E+002         2.1401899536E+000         2.6013937330E+000         
2019-07-30                11:22:07.365              210.14036303              5043.368713               211.14036303              1564485727.366            0                         963                       1.0000000000E+000         1.0000000000E+000         0.0000000000E+000         4.7102437776E+001         4.8417709165E+001         4.2062384779E+002         4.3559388713E+002         2.1401899536E+000         2.6013937330E+000         
2019-07-30                11:22:58.562              210.14095558              5043.382934               211.14095558              1564485778.562            0                         963                       1.0000000000E+000         1.6000000000E+001         0.0000000000E+000         4.7102437776E+001         4.8417709165E+001         4.2093571703E+002         4.3498995087E+002         2.1401899536E+000         2.6013937330E+000         
2019-07-30                11:23:49.716              210.14154764              5043.397143               211.14154764              1564485829.716            0                         963                       1.0000000000E+000         2.0000000000E+000         0.0000000000E+000         4.7102437776E+001         4.8417709165E+001         4.2153218866E+002         4.3531247178E+002         2.1401899536E+000         2.6013937330E+000         
2019-07-30                11:24:38.928              210.14211723              5043.410814               211.14211723              1564485878.929            0                         963                       1.0000000000E+000         2.0000000000E+000         0.0000000000E+000         4.7102437776E+001         4.8417709165E+001         4.2159765363E+002         4.3592931547E+002         2.1401899536E+000         2.6013937330E+000         
2019-07-30                11:25:28.155              210.14268699              5043.424488               211.14268699              1564485928.156            0                         963                       1.0000000000E+000         2.0000000000E+000         0.0000000000E+000         4.7102437776E+001         4.8417709165E+001         4.2160559088E+002         4.3599701634E+002         2.1401899536E+000         2.6013937330E+000         
2019-07-30                11:26:19.345              210.14327946              5043.438707               211.14327946              1564485979.345            0                         963                       1.0000000000E+000         2.0000000000E+000         0.0000000000E+000         4.7102437776E+001         4.8417709165E+001         4.2170034176E+002         4.3600522468E+002         2.1401899536E+000         2.6013937330E+000         
2019-07-30                11:27:10.503              210.14387157              5043.452918               211.14387157              1564486030.504            0                         963                       1.0000000000E+000         1.6000000000E+001         0.0000000000E+000         4.7102437776E+001         4.8417709165E+001         4.2182393615E+002         4.3610321172E+002         2.1401899536E+000         2.6013937330E+000         
2019-07-30                11:27:59.726              210.14444128              5043.466591               211.14444128              1564486079.727            0                         963                       1.0000000000E+000         3.0000000000E+000         0.0000000000E+000         4.7102437776E+001         4.8417709165E+001         4.3168841570E+002         4.3623102738E+002         2.1401899536E+000         2.6013937330E+000         
2019-07-30                11:28:48.953              210.14501103              5043.480265               211.14501103              1564486128.953            0                         963                       1.0000000000E+000         3.0000000000E+000         0.0000000000E+000         4.7102437776E+001         4.8417709165E+001         4.3333767474E+002         4.4643242109E+002         2.1401899536E+000         2.6013937330E+000         
2019-07-30                11:29:40.127              210.14560332              5043.494480               211.14560332              1564486180.127            0                         963                       1.0000000000E+000         3.0000000000E+000         0.0000000000E+000         4.7102437776E+001         4.8417709165E+001         4.2348569863E+002         4.4813800938E+002         2.1401899536E+000         2.6013937330E+000         
2019-07-30                11:30:31.298              210.14619558              5043.508694               211.14619558              1564486231.298            0                         963                       1.0000000000E+000         3.0000000000E+000         0.0000000000E+000         4.7102437776E+001         4.8417709165E+001         4.2143180778E+002         4.3794954616E+002         2.1401899536E+000         2.6013937330E+000         
2019-07-30                11:31:20.571              210.14676587              5043.522381               211.14676587              1564486280.571            0                         963                       1.0000000000E+000         3.0000000000E+000         0.0000000000E+000         4.7102437776E+001         4.8417709165E+001         4.2105222217E+002         4.3582550615E+002         2.1401899536E+000         2.6013937330E+000         
2019-07-30                11:32:11.765              210.14735839              5043.536601               211.14735839              1564486331.765            0                         963                       1.0000000000E+000         1.6000000000E+001         0.0000000000E+000         4.7102437776E+001         4.8417709165E+001         4.2202095783E+002         4.3543295606E+002         2.1401899536E+000         2.6013937330E+000         
2019-07-30                11:33:02.943              210.14795073              5043.550818               211.14795073              1564486382.943            0                         963                       1.0000000000E+000         1.6000000000E+001         0.0000000000E+000         4.7102437776E+001         4.8417709165E+001         4.2309418932E+002         4.3643477819E+002         2.1401899536E+000         2.6013937330E+000         
2019-07-30                11:33:54.176              210.14854370              5043.565049               211.14854370              1564486434.176            0                         963                       1.0000000000E+000         1.6000000000E+001         0.0000000000E+000         4.7102437776E+001         4.8417709165E+001         4.2321270840E+002         4.3754466512E+002         2.1401899536E+000         2.6013937330E+000         
2019-07-30                11:34:45.342              210.14913591              5043.579262               211.14913591              1564486485.343            0                         963                       1.0000000000E+000         1.6000000000E+001         0.0000000000E+000         4.7102437776E+001         4.8417709165E+001         4.2328399769E+002         4.3766723213E+002         2.1401899536E+000         2.6013937330E+000         
2019-07-30                11:35:34.634              210.14970642              5043.592954               211.14970642              1564486534.635            0                         963                       1.0000000000E+000         1.6000000000E+001         0.0000000000E+000         4.7102437776E+001         4.8417709165E+001         4.2329086264E+002         4.3774095627E+002         2.1401899536E+000         2.6013937330E+000         
2019-07-30                11:36:25.828              210.15029894              5043.607174               211.15029894              1564486585.828            0                         963                       1.0000000000E+000         1.6000000000E+001         0.0000000000E+000         4.7102437776E+001         4.8417709165E+001         4.2326407365E+002         4.3774805568E+002         2.1401899536E+000         2.6013937330E+000         
2019-07-30                11:37:16.990              210.15089110              5043.621386               211.15089110              1564486636.991            0                         963                       1.0000000000E+000         1.6000000000E+001         0.0000000000E+000         4.7102437776E+001         4.8417709165E+001         4.2321969994E+002         4.3772035173E+002         2.1401899536E+000         2.6013937330E+000         
2019-07-30                11:38:07.094              210.15147100              5043.635304               211.15147100              1564486687.094            0                         963                       1.0000000000E+000         1.6000000000E+001         0.0000000000E+000         4.7102437776E+001         4.8417709165E+001         4.2314976619E+002         4.3767446247E+002         2.1401899536E+000         2.6013937330E+000         
2019-07-30                11:38:55.359              210.15202963              5043.648711               211.15202963              1564486735.360            0                         963                       1.0000000000E+000         1.6000000000E+001         0.0000000000E+000         4.7102437776E+001         4.8417709165E+001         4.2307644163E+002         4.3760214018E+002         2.1401899536E+000         2.6013937330E+000         
2019-07-30                11:39:46.538              210.15262197              5043.662927               211.15262197              1564486786.538            0                         963                       1.0000000000E+000         1.6000000000E+001         0.0000000000E+000         4.7102437776E+001         4.8417709165E+001         4.2300195531E+002         4.3752631128E+002         2.1401899536E+000         2.6013937330E+000         
2019-07-30                11:40:37.762              210.15321484              5043.677156               211.15321484              1564486837.762            0                         963                       1.0000000000E+000         1.6000000000E+001         0.0000000000E+000         4.7102437776E+001         4.8417709165E+001         4.2292890894E+002         4.3744928093E+002         2.1401899536E+000         2.6013937330E+000         
2019-07-30                11:41:26.997              210.15378470              5043.690833               211.15378470              1564486886.998            0                         963                       1.0000000000E+000         1.6000000000E+001         0.0000000000E+000         4.7102437776E+001         4.8417709165E+001         4.2285816848E+002         4.3737373971E+002         2.1401899536E+000         2.6013937330E+000         
2019-07-30                11:42:17.082              210.15436438              5043.704745               211.15436438              1564486937.082            0                         963                       1.0000000000E+000         1.0000000000E+000         0.0000000000E+000         4.7102437776E+001         4.8417709165E+001         4.3767765095E+002         4.3730058316E+002         2.1401899536E+000         2.6013937330E+000         
2019-07-30                11:43:02.450              210.15488948              5043.717347               211.15488948              1564486982.451            0                         963                       1.0000000000E+000         1.0000000000E+000         0.0000000000E+000         4.7102437776E+001         4.8417709165E+001         4.3943713924E+002         4.5262621434E+002         2.1401899536E+000         2.6013937330E+000         
2019-07-30                11:43:53.644              210.15548199              5043.731568               211.15548199              1564487033.644            0                         963                       1.0000000000E+000         1.0000000000E+000         0.0000000000E+000         4.7102437776E+001         4.8417709165E+001         4.2440084988E+002         4.5444579667E+002         2.1401899536E+000         2.6013937330E+000         
2019-07-30                11:44:43.730              210.15606169              5043.745481               211.15606169              1564487083.730            0                         963                       1.0000000000E+000         1.0000000000E+000         0.0000000000E+000         4.7102437776E+001         4.8417709165E+001         4.2203362587E+002         4.3889595373E+002         2.1401899536E+000         2.6013937330E+000         
2019-07-30                11:45:32.989              210.15663182              5043.759164               211.15663182              1564487132.989            0                         963                       1.0000000000E+000         1.0000000000E+000         0.0000000000E+000         4.7102437776E+001         4.8417709165E+001         4.2144312380E+002         4.3644787890E+002         2.1401899536E+000         2.6013937330E+000         
2019-07-30                11:46:24.154              210.15722400              5043.773376               211.15722400              1564487184.154            0                         963                       1.0000000000E+000         1.6000000000E+001         0.0000000000E+000         4.7102437776E+001         4.8417709165E+001         4.2175185907E+002         4.3583720866E+002         2.1401899536E+000         2.6013937330E+000         
2019-07-30                11:47:15.339              210.15781644              5043.787594               211.15781644              1564487235.340            0                         963                       1.0000000000E+000         2.0000000000E+000         0.0000000000E+000         4.7102437776E+001         4.8417709165E+001         4.2234582255E+002         4.3615648855E+002         2.1401899536E+000         2.6013937330E+000         
2019-07-30                11:48:04.585              210.15838640              5043.801274               211.15838640              1564487284.585            0                         963                       1.0000000000E+000         2.0000000000E+000         0.0000000000E+000         4.7102437776E+001         4.8417709165E+001         4.2241220449E+002         4.3677073843E+002         2.1401899536E+000         2.6013937330E+000         
2019-07-30                11:48:54.703              210.15896647              5043.815195               211.15896647              1564487334.703            0                         963                       1.0000000000E+000         2.0000000000E+000         0.0000000000E+000         4.7102437776E+001         4.8417709165E+001         4.2237553355E+002         4.3683938760E+002         2.1401899536E+000         2.6013937330E+000         
2019-07-30                11:49:44.911              210.15954759              5043.829142               211.15954759              1564487384.912            0                         963                       1.0000000000E+000         2.0000000000E+000         0.0000000000E+000         4.7102437776E+001         4.8417709165E+001         4.2242137200E+002         4.3680146419E+002         2.1401899536E+000         2.6013937330E+000         
2019-07-30                11:50:36.072              210.16013972              5043.843353               211.16013972              1564487436.072            0                         963                       1.0000000000E+000         1.6000000000E+001         0.0000000000E+000         4.7102437776E+001         4.8417709165E+001         4.2240597180E+002         4.3684886821E+002         2.1401899536E+000         2.6013937330E+000         
2019-07-30                11:51:26.197              210.16071988              5043.857277               211.16071988              1564487486.198            0                         963                       1.0000000000E+000         3.0000000000E+000         0.0000000000E+000         4.7102437776E+001         4.8417709165E+001         4.3314939186E+002         4.3683294204E+002         2.1401899536E+000         2.6013937330E+000         
2019-07-30                11:52:16.305              210.16129984              5043.871196               211.16129984              1564487536.306            0                         963                       1.0000000000E+000         3.0000000000E+000         0.0000000000E+000         4.7102437776E+001         4.8417709165E+001         4.3486635472E+002         4.4794329583E+002         2.1401899536E+000         2.6013937330E+000         
2019-07-30                11:53:07.483              210.16189218              5043.885412               211.16189218              1564487587.484            0                         963                       1.0000000000E+000         3.0000000000E+000         0.0000000000E+000         4.7102437776E+001         4.8417709165E+001         4.2395548490E+002         4.4971890031E+002         2.1401899536E+000         2.6013937330E+000         
2019-07-30                11:53:57.683              210.16247318              5043.899356               211.16247318              1564487637.683            0                         963                       1.0000000000E+000         3.0000000000E+000         0.0000000000E+000         4.7102437776E+001         4.8417709165E+001         4.2170671631E+002         4.3843537764E+002         2.1401899536E+000         2.6013937330E+000         
2019-07-30                11:54:47.759              210.16305277              5043.913266               211.16305277              1564487687.759            0                         963                       1.0000000000E+000         3.0000000000E+000         0.0000000000E+000         4.7102437776E+001         4.8417709165E+001         4.2123326996E+002         4.3610980397E+002         2.1401899536E+000         2.6013937330E+000         
2019-07-30                11:55:37.009              210.16362279              5043.926947               211.16362279              1564487737.009            0                         963                       1.0000000000E+000         1.6000000000E+001         0.0000000000E+000         4.7102437776E+001         4.8417709165E+001         4.2214535802E+002         4.3562018741E+002         2.1401899536E+000         2.6013937330E+000         
2019-07-30                11:56:28.194              210.16421522              5043.941165               211.16421522              1564487788.195            0                         963                       1.0000000000E+000         1.6000000000E+001         0.0000000000E+000         4.7102437776E+001         4.8417709165E+001         4.2322879878E+002         4.3656342717E+002         2.1401899536E+000         2.6013937330E+000         
2019-07-30                11:57:19.410              210.16480799              5043.955392               211.16480799              1564487839.410            0                         963                       1.0000000000E+000         1.6000000000E+001         0.0000000000E+000         4.7102437776E+001         4.8417709165E+001         4.2344137523E+002         4.3768387207E+002         2.1401899536E+000         2.6013937330E+000         
2019-07-30                11:58:09.515              210.16538791              5043.969310               211.16538791              1564487889.515            0                         963                       1.0000000000E+000         1.6000000000E+001         0.0000000000E+000         4.7102437776E+001         4.8417709165E+001         4.2362062584E+002         4.3790370891E+002         2.1401899536E+000         2.6013937330E+000         
2019-07-30                11:58:58.717              210.16595738              5043.982977               211.16595738              1564487938.718            0                         963                       1.0000000000E+000         1.6000000000E+001         0.0000000000E+000         4.7102437776E+001         4.8417709165E+001         4.2374621236E+002         4.3808908171E+002         2.1401899536E+000         2.6013937330E+000         
2019-07-30                11:59:47.940              210.16652708              5043.996650               211.16652708              1564487987.940            0                         963                       1.0000000000E+000         1.6000000000E+001         0.0000000000E+000         4.7102437776E+001         4.8417709165E+001         4.2388835998E+002         4.3821895754E+002         2.1401899536E+000         2.6013937330E+000         
2019-07-30                12:00:39.104              210.16711926              5044.010862               211.16711926              1564488039.104            0                         963                       1.0000000000E+000         1.6000000000E+001         0.0000000000E+000         4.7102437776E+001         4.8417709165E+001         4.2405074507E+002         4.3836596011E+002         2.1401899536E+000         2.6013937330E+000         
2019-07-30                12:01:28.345              210.16768919              5044.024541               211.16768919              1564488088.346            0                         963                       1.0000000000E+000         1.6000000000E+001         0.0000000000E+000         4.7102437776E+001         4.8417709165E+001         4.2419335288E+002         4.3853389135E+002         2.1401899536E+000         2.6013937330E+000         
2019-07-30                12:02:17.589              210.16825914              5044.038219               211.16825914              1564488137.590            0                         963                       1.0000000000E+000         1.6000000000E+001         0.0000000000E+000         4.7102437776E+001         4.8417709165E+001         4.2432752532E+002         4.3868136982E+002         2.1401899536E+000         2.6013937330E+000         
2019-07-30                12:03:08.789              210.16885172              5044.052441               211.16885172              1564488188.789            0                         963                       1.0000000000E+000         1.6000000000E+001         0.0000000000E+000         4.7102437776E+001         4.8417709165E+001         4.2444672311E+002         4.3882012482E+002         2.1401899536E+000         2.6013937330E+000         
2019-07-30                12:03:59.980              210.16944422              5044.066661               211.16944422              1564488239.981            0                         963                       1.0000000000E+000         1.6000000000E+001         0.0000000000E+000         4.7102437776E+001         4.8417709165E+001         4.2458637799E+002         4.3894339373E+002         2.1401899536E+000         2.6013937330E+000         
2019-07-30                12:04:49.210              210.17001402              5044.080336               211.17001402              1564488289.211            0                         963                       1.0000000000E+000         1.6000000000E+001         0.0000000000E+000         4.7102437776E+001         4.8417709165E+001         4.2473363078E+002         4.3908781842E+002         2.1401899536E+000         2.6013937330E+000         
2019-07-30                12:05:39.345              210.17059427              5044.094263               211.17059427              1564488339.345            0                         963                       1.0000000000E+000         1.0000000000E+000         0.0000000000E+000         4.7102437776E+001         4.8417709165E+001         4.4363785865E+002         4.3924010052E+002         2.1401899536E+000         2.6013937330E+000         
2019-07-30                12:06:26.536              210.17114046              5044.107371               211.17114046              1564488386.536            0                         963                       1.0000000000E+000         1.0000000000E+000         0.0000000000E+000         4.7102437776E+001         4.8417709165E+001         4.4594188252E+002         4.5878998861E+002         2.1401899536E+000         2.6013937330E+000         
2019-07-30                12:07:15.710              210.17170962              5044.121031               211.17170962              1564488435.711            0                         963                       1.0000000000E+000         1.0000000000E+000         0.0000000000E+000         4.7102437776E+001         4.8417709165E+001         4.2727105449E+002         4.6117270475E+002         2.1401899536E+000         2.6013937330E+000         
2019-07-30                12:08:04.963              210.17227968              5044.134712               211.17227968              1564488484.964            0                         963                       1.0000000000E+000         1.0000000000E+000         0.0000000000E+000         4.7102437776E+001         4.8417709165E+001         4.2478751260E+002         4.4186418811E+002         2.1401899536E+000         2.6013937330E+000         
2019-07-30                12:08:54.269              210.17285034              5044.148408               211.17285034              1564488534.269            0                         963                       1.0000000000E+000         1.0000000000E+000         0.0000000000E+000         4.7102437776E+001         4.8417709165E+001         4.2434549625E+002         4.3929582263E+002         2.1401899536E+000         2.6013937330E+000         
2019-07-30                12:09:44.477              210.17343146              5044.162355               211.17343146              1564488584.478            0                         963                       1.0000000000E+000         1.6000000000E+001         0.0000000000E+000         4.7102437776E+001         4.8417709165E+001         4.2488096234E+002         4.3883870953E+002         2.1401899536E+000         2.6013937330E+000         
2019-07-30                12:09:48.010              210.17347235              5044.163336               211.17347235              1564488588.011            0                         963                       3.0000000000E+000         1.6000000000E+001         0.0000000000E+000         4.7102437776E+001         4.8147709790E+001         4.2488096234E+002         4.3641026162E+002         1.2889309037E+000         1.6045883462E+000         
2019-07-30                12:10:21.982              210.17386553              5044.172773               211.17386553              1564488621.982            0                         963                       1.0000000000E+000         2.0000000000E+000         0.0000000000E+000         4.7102437776E+001         4.8147709790E+001         4.2535638493E+002         4.3641026162E+002         1.2889309037E+000         1.6045883462E+000         
2019-07-30                12:11:11.207              210.17443528              5044.186447               211.17443528              1564488671.208            0                         963                       1.0000000000E+000         2.0000000000E+000         0.0000000000E+000         4.7102437776E+001         4.7886492131E+001         4.2547699504E+002         4.3401212127E+002         1.2889309037E+000         1.6045883462E+000         
2019-07-30                12:12:01.305              210.17501510              5044.200363               211.17501510              1564488721.305            0                         963                       1.0000000000E+000         2.0000000000E+000         0.0000000000E+000         4.7102437776E+001         4.7886492131E+001         4.2586412669E+002         4.3413518572E+002         1.2889309037E+000         1.6045883462E+000         
2019-07-30                12:12:49.520              210.17557316              5044.213756               211.17557316              1564488769.521            0                         963                       1.0000000000E+000         2.0000000000E+000         0.0000000000E+000         4.7102437776E+001         4.7886492131E+001         4.2606937009E+002         4.3453019525E+002         1.2889309037E+000         1.6045883462E+000         
2019-07-30                12:13:38.759              210.17614304              5044.227433               211.17614304              1564488818.759            0                         963                       1.0000000000E+000         2.0000000000E+000         0.0000000000E+000         4.7102437776E+001         4.7886492131E+001         4.2623351890E+002         4.3473961523E+002         1.2889309037E+000         1.6045883462E+000         
2019-07-30                12:14:28.016              210.17671316              5044.241116               211.17671316              1564488868.017            0                         963                       1.0000000000E+000         1.6000000000E+001         0.0000000000E+000         4.7102437776E+001         4.7886492131E+001         4.2639733785E+002         4.3490710437E+002         1.2889309037E+000         1.6045883462E+000         
2019-07-30                12:15:18.088              210.17729270              5044.255025               211.17729270              1564488918.089            0                         963                       1.0000000000E+000         3.0000000000E+000         0.0000000000E+000         4.7102437776E+001         4.7886492131E+001         4.3071704809E+002         4.3507425693E+002         1.2889309037E+000         1.6045883462E+000         
2019-07-30                12:16:08.286              210.17787369              5044.268969               211.17787369              1564488968.287            0                         963                       1.0000000000E+000         3.0000000000E+000         0.0000000000E+000         4.7102437776E+001         4.7886492131E+001         4.3107157981E+002         4.3948187057E+002         1.2889309037E+000         1.6045883462E+000         
2019-07-30                12:16:57.549              210.17844387              5044.282653               211.17844387              1564489017.550            0                         963                       1.0000000000E+000         3.0000000000E+000         0.0000000000E+000         4.7102437776E+001         4.7886492131E+001         4.2634295805E+002         4.3984361679E+002         1.2889309037E+000         1.6045883462E+000         
