DATE                      TIME                      FRAC_DAYS_SINCE_JAN1      FRAC_HRS_SINCE_JAN1       JULIAN_DAYS               EPOCH_TIME                ALARM_STATUS              INST_STATUS               species                   MPVPosition               solenoid_valves           CH4                       CH4_dry                   CO2                       CO2_dry                   H2O                       h2o_reported              
2019-07-14                19:04:04.188              194.46115959              4667.067830               195.46115959              1563131044.189            0                         963                       1.0000000000E+000         1.6000000000E+001         0.0000000000E+000         3.4422342656E+001         3.4970249571E+001         4.3225019965E+002         4.4079499117E+002         1.2333345015E+000         1.5378664615E+000         
2019-07-14                19:04:53.415              194.46172935              4667.081504               195.46172935              1563131093.416            0                         963                       1.0000000000E+000         1.6000000000E+001         0.0000000000E+000         3.4422342656E+001         3.4970249571E+001         4.3210397907E+002         4.4066101152E+002         1.2333345015E+000         1.5378664615E+000         
2019-07-14                19:05:43.494              194.46230897              4667.095415               195.46230897              1563131143.495            0                         963                       1.0000000000E+000         1.6000000000E+001         0.0000000000E+000         3.4422342656E+001         3.4970249571E+001         4.3195636791E+002         4.4051194575E+002         1.2333345015E+000         1.5378664615E+000         
2019-07-14                19:06:32.720              194.46287870              4667.109089               195.46287870              1563131192.720            0                         963                       1.0000000000E+000         1.6000000000E+001         0.0000000000E+000         3.4422342656E+001         3.4970249571E+001         4.3180888162E+002         4.4036146234E+002         1.2333345015E+000         1.5378664615E+000         
2019-07-14                19:07:21.936              194.46344833              4667.122760               195.46344833              1563131241.936            0                         963                       1.0000000000E+000         1.6000000000E+001         0.0000000000E+000         3.4422342656E+001         3.4970249571E+001         4.3166059763E+002         4.4021110623E+002         1.2333345015E+000         1.5378664615E+000         
2019-07-14                19:08:11.210              194.46401863              4667.136447               195.46401863              1563131291.210            0                         963                       1.0000000000E+000         1.6000000000E+001         0.0000000000E+000         3.4422342656E+001         3.4970249571E+001         4.3150577043E+002         4.4005993690E+002         1.2333345015E+000         1.5378664615E+000         
2019-07-14                19:09:01.309              194.46459848              4667.150364               195.46459848              1563131341.309            0                         963                       1.0000000000E+000         1.6000000000E+001         0.0000000000E+000         3.4422342656E+001         3.4970249571E+001         4.3136878565E+002         4.3990209704E+002         1.2333345015E+000         1.5378664615E+000         
2019-07-14                19:09:29.707              194.46492716              4667.158252               195.46492716              1563131369.707            0                         963                       2.0000000000E+000         1.6000000000E+001         0.0000000000E+000         3.4087382919E+001         3.4970249571E+001         4.3136878565E+002         4.3976244678E+002         1.2333345015E+000         1.5378664615E+000         
2019-07-14                19:09:49.614              194.46515757              4667.163782               195.46515757              1563131389.614            0                         963                       1.0000000000E+000         1.6000000000E+001         0.0000000000E+000         3.4087382919E+001         3.4970249571E+001         4.3118586617E+002         4.3976244678E+002         1.2333345015E+000         1.5378664615E+000         
2019-07-14                19:10:40.809              194.46575012              4667.178003               195.46575012              1563131440.810            0                         963                       1.0000000000E+000         1.6000000000E+001         0.0000000000E+000         3.4087382919E+001         3.4629958217E+001         4.3103956156E+002         4.3957596802E+002         1.2333345015E+000         1.5378664615E+000         
2019-07-14                19:11:30.892              194.46632978              4667.191915               195.46632978              1563131490.893            0                         963                       1.0000000000E+000         1.6000000000E+001         0.0000000000E+000         3.4087382919E+001         3.4629958217E+001         4.3088985767E+002         4.3942681659E+002         1.2333345015E+000         1.5378664615E+000         
2019-07-14                19:12:21.098              194.46691087              4667.205861               195.46691087              1563131541.099            0                         963                       1.0000000000E+000         1.6000000000E+001         0.0000000000E+000         3.4087382919E+001         3.4629958217E+001         4.3079198993E+002         4.3927419973E+002         1.2333345015E+000         1.5378664615E+000         
2019-07-14                19:13:12.289              194.46750334              4667.220080               195.46750334              1563131592.289            0                         963                       1.0000000000E+000         1.6000000000E+001         0.0000000000E+000         3.4087382919E+001         3.4629958217E+001         4.3067089334E+002         4.3917442766E+002         1.2333345015E+000         1.5378664615E+000         
2019-07-14                19:14:01.450              194.46807234              4667.233736               195.46807234              1563131641.450            0                         963                       1.0000000000E+000         1.6000000000E+001         0.0000000000E+000         3.4087382919E+001         3.4629958217E+001         4.3053563720E+002         4.3905097475E+002         1.2333345015E+000         1.5378664615E+000         
2019-07-14                19:14:51.538              194.46865206              4667.247649               195.46865206              1563131691.538            0                         963                       1.0000000000E+000         1.6000000000E+001         0.0000000000E+000         3.4087382919E+001         3.4629958217E+001         4.3042835684E+002         4.3891308677E+002         1.2333345015E+000         1.5378664615E+000         
2019-07-14                19:15:40.809              194.46922233              4667.261336               195.46922233              1563131740.809            0                         963                       1.0000000000E+000         1.6000000000E+001         0.0000000000E+000         3.4087382919E+001         3.4629958217E+001         4.3030572167E+002         4.3880371892E+002         1.2333345015E+000         1.5378664615E+000         
2019-07-14                19:16:30.934              194.46980248              4667.275259               195.46980248              1563131790.934            0                         963                       1.0000000000E+000         1.6000000000E+001         0.0000000000E+000         3.4087382919E+001         3.4629958217E+001         4.3022575913E+002         4.3867869749E+002         1.2333345015E+000         1.5378664615E+000         
2019-07-14                19:17:21.043              194.47038245              4667.289179               195.47038245              1563131841.044            0                         963                       1.0000000000E+000         1.6000000000E+001         0.0000000000E+000         3.4087382919E+001         3.4629958217E+001         4.3017929648E+002         4.3859717903E+002         1.2333345015E+000         1.5378664615E+000         
2019-07-14                19:18:11.161              194.47096251              4667.303100               195.47096251              1563131891.161            0                         963                       1.0000000000E+000         1.6000000000E+001         0.0000000000E+000         3.4087382919E+001         3.4629958217E+001         4.3013835624E+002         4.3854981229E+002         1.2333345015E+000         1.5378664615E+000         
2019-07-14                19:19:01.273              194.47154251              4667.317020               195.47154251              1563131941.273            0                         963                       1.0000000000E+000         1.6000000000E+001         0.0000000000E+000         3.4087382919E+001         3.4629958217E+001         4.3014782466E+002         4.3850807543E+002         1.2333345015E+000         1.5378664615E+000         
2019-07-14                19:19:04.895              194.47158444              4667.318027               195.47158444              1563131944.896            0                         963                       3.0000000000E+000         1.6000000000E+001         0.0000000000E+000         3.4087382919E+001         3.4624760922E+001         4.3014782466E+002         4.3843750652E+002         1.2100527997E+000         1.5098637691E+000         
2019-07-14                19:19:36.832              194.47195409              4667.326898               195.47195409              1563131976.833            0                         963                       1.0000000000E+000         1.6000000000E+001         0.0000000000E+000         3.4087382919E+001         3.4624760922E+001         4.3018935961E+002         4.3843750652E+002         1.2100527997E+000         1.5098637691E+000         
2019-07-14                19:20:28.048              194.47254685              4667.341124               195.47254685              1563132028.048            0                         963                       1.0000000000E+000         1.6000000000E+001         0.0000000000E+000         3.4087382919E+001         3.4619568486E+001         4.3020207308E+002         4.3839968880E+002         1.2100527997E+000         1.5098637691E+000         
2019-07-14                19:21:18.140              194.47312662              4667.355039               195.47312662              1563132078.140            0                         963                       1.0000000000E+000         1.6000000000E+001         0.0000000000E+000         3.4087382919E+001         3.4619568486E+001         4.3019548117E+002         4.3841264491E+002         1.2100527997E+000         1.5098637691E+000         
2019-07-14                19:22:07.418              194.47369698              4667.368727               195.47369698              1563132127.419            0                         963                       1.0000000000E+000         1.6000000000E+001         0.0000000000E+000         3.4087382919E+001         3.4619568486E+001         4.3018355150E+002         4.3840592719E+002         1.2100527997E+000         1.5098637691E+000         
2019-07-14                19:22:57.565              194.47427737              4667.382657               195.47427737              1563132177.565            0                         963                       1.0000000000E+000         1.6000000000E+001         0.0000000000E+000         3.4087382919E+001         3.4619568486E+001         4.3014653390E+002         4.3839376984E+002         1.2100527997E+000         1.5098637691E+000         
2019-07-14                19:23:47.680              194.47485741              4667.396578               195.47485741              1563132227.680            0                         963                       1.0000000000E+000         1.6000000000E+001         0.0000000000E+000         3.4087382919E+001         3.4619568486E+001         4.3017433737E+002         4.3835604574E+002         1.2100527997E+000         1.5098637691E+000         
2019-07-14                19:24:36.954              194.47542772              4667.410265               195.47542772              1563132276.955            0                         963                       1.0000000000E+000         1.6000000000E+001         0.0000000000E+000         3.4087382919E+001         3.4619568486E+001         4.3026581577E+002         4.3838437985E+002         1.2100527997E+000         1.5098637691E+000         
2019-07-14                19:25:27.194              194.47600920              4667.424221               195.47600920              1563132327.195            0                         963                       1.0000000000E+000         1.6000000000E+001         0.0000000000E+000         3.4087382919E+001         3.4619568486E+001         4.3032533853E+002         4.3847760415E+002         1.2100527997E+000         1.5098637691E+000         
2019-07-14                19:26:17.313              194.47658928              4667.438143               195.47658928              1563132377.314            0                         963                       1.0000000000E+000         1.6000000000E+001         0.0000000000E+000         3.4087382919E+001         3.4619568486E+001         4.3040516470E+002         4.3853826293E+002         1.2100527997E+000         1.5098637691E+000         
2019-07-14                19:27:06.556              194.47715922              4667.451821               195.47715922              1563132426.557            0                         963                       1.0000000000E+000         1.6000000000E+001         0.0000000000E+000         3.4087382919E+001         3.4619568486E+001         4.3062340298E+002         4.3861961261E+002         1.2100527997E+000         1.5098637691E+000         
2019-07-14                19:27:55.792              194.47772909              4667.465498               195.47772909              1563132475.793            0                         963                       1.0000000000E+000         1.6000000000E+001         0.0000000000E+000         3.4087382919E+001         3.4619568486E+001         4.3086972235E+002         4.3884201606E+002         1.2100527997E+000         1.5098637691E+000         
2019-07-14                19:28:45.019              194.47829883              4667.479172               195.47829883              1563132525.019            0                         963                       1.0000000000E+000         1.6000000000E+001         0.0000000000E+000         3.4087382919E+001         3.4619568486E+001         4.3110609001E+002         4.3909303652E+002         1.2100527997E+000         1.5098637691E+000         
2019-07-14                19:29:35.144              194.47887899              4667.493096               195.47887899              1563132575.145            0                         963                       1.0000000000E+000         1.6000000000E+001         0.0000000000E+000         3.4087382919E+001         3.4619568486E+001         4.3134788099E+002         4.3933391536E+002         1.2100527997E+000         1.5098637691E+000         
2019-07-14                19:30:25.275              194.47945920              4667.507021               195.47945920              1563132625.275            0                         963                       1.0000000000E+000         1.6000000000E+001         0.0000000000E+000         3.4087382919E+001         3.4619568486E+001         4.3152215182E+002         4.3958032101E+002         1.2100527997E+000         1.5098637691E+000         
2019-07-14                19:31:16.378              194.48005068              4667.521216               195.48005068              1563132676.379            0                         963                       1.0000000000E+000         1.6000000000E+001         0.0000000000E+000         3.4087382919E+001         3.4619568486E+001         4.3174424553E+002         4.3975791786E+002         1.2100527997E+000         1.5098637691E+000         
2019-07-14                19:32:06.645              194.48063248              4667.535179               195.48063248              1563132726.646            0                         963                       1.0000000000E+000         1.6000000000E+001         0.0000000000E+000         3.4087382919E+001         3.4619568486E+001         4.3196231644E+002         4.3998425031E+002         1.2100527997E+000         1.5098637691E+000         
2019-07-14                19:32:56.723              194.48121207              4667.549090               195.48121207              1563132776.723            0                         963                       1.0000000000E+000         1.6000000000E+001         0.0000000000E+000         3.4087382919E+001         3.4619568486E+001         4.3211813947E+002         4.4020648319E+002         1.2100527997E+000         1.5098637691E+000         
2019-07-14                19:33:25.134              194.48154091              4667.556982               195.48154091              1563132805.135            0                         963                       2.0000000000E+000         1.6000000000E+001         0.0000000000E+000         3.1009772947E+001         3.4619568486E+001         4.3211813947E+002         4.4036528017E+002         1.2100527997E+000         1.5098637691E+000         
2019-07-14                19:33:45.042              194.48177133              4667.562512               195.48177133              1563132825.043            0                         963                       1.0000000000E+000         1.6000000000E+001         0.0000000000E+000         3.1009772947E+001         3.4619568486E+001         4.3233172993E+002         4.4036528017E+002         1.2100527997E+000         1.5098637691E+000         
2019-07-14                19:34:36.203              194.48236347              4667.576723               195.48236347              1563132876.204            0                         963                       1.0000000000E+000         1.6000000000E+001         0.0000000000E+000         3.1009772947E+001         3.1493909662E+001         4.3248911341E+002         4.4058294708E+002         1.2100527997E+000         1.5098637691E+000         
2019-07-14                19:35:27.377              194.48295575              4667.590938               195.48295575              1563132927.377            0                         963                       1.0000000000E+000         1.6000000000E+001         0.0000000000E+000         3.1009772947E+001         3.1493909662E+001         4.3268095405E+002         4.4074333428E+002         1.2100527997E+000         1.5098637691E+000         
2019-07-14                19:36:18.585              194.48354845              4667.605163               195.48354845              1563132978.586            0                         963                       1.0000000000E+000         1.6000000000E+001         0.0000000000E+000         3.1009772947E+001         3.1493909662E+001         4.3285762990E+002         4.4093883627E+002         1.2100527997E+000         1.5098637691E+000         
2019-07-14                19:37:08.861              194.48413034              4667.619128               195.48413034              1563133028.861            0                         963                       1.0000000000E+000         1.6000000000E+001         0.0000000000E+000         3.1009772947E+001         3.1493909662E+001         4.3298554921E+002         4.4111888405E+002         1.2100527997E+000         1.5098637691E+000         
2019-07-14                19:37:58.950              194.48471008              4667.633042               195.48471008              1563133078.951            0                         963                       1.0000000000E+000         1.6000000000E+001         0.0000000000E+000         3.1009772947E+001         3.1493909662E+001         4.3313051192E+002         4.4124924475E+002         1.2100527997E+000         1.5098637691E+000         
2019-07-14                19:38:48.220              194.48528034              4667.646728               195.48528034              1563133128.221            0                         963                       1.0000000000E+000         1.6000000000E+001         0.0000000000E+000         3.1009772947E+001         3.1493909662E+001         4.3325304881E+002         4.4139697413E+002         1.2100527997E+000         1.5098637691E+000         
2019-07-14                19:39:38.384              194.48586094              4667.660662               195.48586094              1563133178.385            0                         963                       1.0000000000E+000         1.6000000000E+001         0.0000000000E+000         3.1009772947E+001         3.1493909662E+001         4.3339896046E+002         4.4152184968E+002         1.2100527997E+000         1.5098637691E+000         
2019-07-14                19:40:28.492              194.48644088              4667.674581               195.48644088              1563133228.492            0                         963                       1.0000000000E+000         1.6000000000E+001         0.0000000000E+000         3.1009772947E+001         3.1493909662E+001         4.3363673028E+002         4.4167054612E+002         1.2100527997E+000         1.5098637691E+000         
2019-07-14                19:41:18.740              194.48702245              4667.688539               195.48702245              1563133278.740            0                         963                       1.0000000000E+000         1.6000000000E+001         0.0000000000E+000         3.1009772947E+001         3.1493909662E+001         4.3394492709E+002         4.4191285386E+002         1.2100527997E+000         1.5098637691E+000         
2019-07-14                19:42:08.000              194.48759260              4667.702222               195.48759260              1563133328.001            0                         963                       1.0000000000E+000         1.6000000000E+001         0.0000000000E+000         3.1009772947E+001         3.1493909662E+001         4.3424629820E+002         4.4222693272E+002         1.2100527997E+000         1.5098637691E+000         
2019-07-14                19:42:58.108              194.48817256              4667.716141               195.48817256              1563133378.109            0                         963                       1.0000000000E+000         1.6000000000E+001         0.0000000000E+000         3.1009772947E+001         3.1493909662E+001         4.3452196354E+002         4.4253405562E+002         1.2100527997E+000         1.5098637691E+000         
2019-07-14                19:43:27.178              194.48850902              4667.724216               195.48850902              1563133407.179            0                         963                       2.0000000000E+000         1.6000000000E+001         0.0000000000E+000         3.4986591572E+001         3.1493909662E+001         4.3452196354E+002         4.4281498214E+002         1.2100527997E+000         1.5098637691E+000         
2019-07-14                19:43:47.411              194.48874318              4667.729836               195.48874318              1563133427.411            0                         963                       1.0000000000E+000         1.6000000000E+001         0.0000000000E+000         3.4986591572E+001         3.1493909662E+001         4.3479039950E+002         4.4281498214E+002         1.2100527997E+000         1.5098637691E+000         
2019-07-14                19:44:38.598              194.48933563              4667.744055               195.48933563              1563133478.598            0                         963                       1.0000000000E+000         1.6000000000E+001         0.0000000000E+000         3.4986591572E+001         3.5532815937E+001         4.3494009589E+002         4.4308854130E+002         1.2100527997E+000         1.5098637691E+000         
2019-07-14                19:45:29.775              194.48992795              4667.758271               195.48992795              1563133529.775            0                         963                       1.0000000000E+000         1.6000000000E+001         0.0000000000E+000         3.4986591572E+001         3.5532815937E+001         4.3508702360E+002         4.4324109471E+002         1.2100527997E+000         1.5098637691E+000         
2019-07-14                19:46:20.964              194.49052043              4667.772490               195.49052043              1563133580.965            0                         963                       1.0000000000E+000         1.6000000000E+001         0.0000000000E+000         3.4986591572E+001         3.5532815937E+001         4.3521946311E+002         4.4339082659E+002         1.2100527997E+000         1.5098637691E+000         
2019-07-14                19:47:12.167              194.49111306              4667.786713               195.49111306              1563133632.168            0                         963                       1.0000000000E+000         1.6000000000E+001         0.0000000000E+000         3.4986591572E+001         3.5532815937E+001         4.3532287447E+002         4.4352579375E+002         1.2100527997E+000         1.5098637691E+000         
2019-07-14                19:48:01.431              194.49168324              4667.800398               195.49168324              1563133681.432            0                         963                       1.0000000000E+000         1.6000000000E+001         0.0000000000E+000         3.4986591572E+001         3.5532815937E+001         4.3543491420E+002         4.4363117876E+002         1.2100527997E+000         1.5098637691E+000         
2019-07-14                19:48:51.506              194.49226280              4667.814307               195.49226280              1563133731.506            0                         963                       1.0000000000E+000         1.6000000000E+001         0.0000000000E+000         3.4986591572E+001         3.5532815937E+001         4.3551504087E+002         4.4374535681E+002         1.2100527997E+000         1.5098637691E+000         
2019-07-14                19:49:41.658              194.49284328              4667.828239               195.49284328              1563133781.659            0                         963                       1.0000000000E+000         1.6000000000E+001         0.0000000000E+000         3.4986591572E+001         3.5532815937E+001         4.3552553114E+002         4.4382701273E+002         1.2100527997E+000         1.5098637691E+000         
2019-07-14                19:50:31.786              194.49342345              4667.842163               195.49342345              1563133831.786            0                         963                       1.0000000000E+000         1.6000000000E+001         0.0000000000E+000         3.4986591572E+001         3.5532815937E+001         4.3551424144E+002         4.4383770321E+002         1.2100527997E+000         1.5098637691E+000         
2019-07-14                19:51:21.903              194.49400351              4667.856084               195.49400351              1563133881.903            0                         963                       1.0000000000E+000         1.6000000000E+001         0.0000000000E+000         3.4986591572E+001         3.5532815937E+001         4.3551270321E+002         4.4382619804E+002         1.2100527997E+000         1.5098637691E+000         
2019-07-14                19:52:11.201              194.49457410              4667.869778               195.49457410              1563133931.202            0                         963                       1.0000000000E+000         1.6000000000E+001         0.0000000000E+000         3.4986591572E+001         3.5532815937E+001         4.3555502157E+002         4.4382463045E+002         1.2100527997E+000         1.5098637691E+000         
2019-07-14                19:53:00.448              194.49514409              4667.883458               195.49514409              1563133980.449            0                         963                       1.0000000000E+000         1.6000000000E+001         0.0000000000E+000         3.4986591572E+001         3.5532815937E+001         4.3557835912E+002         4.4386775648E+002         1.2100527997E+000         1.5098637691E+000         
2019-07-14                19:53:50.601              194.49572456              4667.897389               195.49572456              1563134030.602            0                         963                       1.0000000000E+000         1.6000000000E+001         0.0000000000E+000         3.4986591572E+001         3.5532815937E+001         4.3562056796E+002         4.4389153944E+002         1.2100527997E+000         1.5098637691E+000         
2019-07-14                19:54:40.890              194.49630660              4667.911358               195.49630660              1563134080.890            0                         963                       1.0000000000E+000         1.6000000000E+001         0.0000000000E+000         3.4986591572E+001         3.5532815937E+001         4.3569752886E+002         4.4393455384E+002         1.2100527997E+000         1.5098637691E+000         
2019-07-14                19:55:30.153              194.49687677              4667.925043               195.49687677              1563134130.153            0                         963                       1.0000000000E+000         1.6000000000E+001         0.0000000000E+000         3.4986591572E+001         3.5532815937E+001         4.3572203383E+002         4.4401298358E+002         1.2100527997E+000         1.5098637691E+000         
2019-07-14                19:56:20.250              194.49745661              4667.938959               195.49745661              1563134180.251            0                         963                       1.0000000000E+000         1.6000000000E+001         0.0000000000E+000         3.4986591572E+001         3.5532815937E+001         4.3566020863E+002         4.4403795623E+002         1.2100527997E+000         1.5098637691E+000         
2019-07-14                19:57:10.381              194.49803682              4667.952884               195.49803682              1563134230.381            0                         963                       1.0000000000E+000         1.6000000000E+001         0.0000000000E+000         3.4986591572E+001         3.5532815937E+001         4.3558173182E+002         4.4397495107E+002         1.2100527997E+000         1.5098637691E+000         
2019-07-14                19:58:00.480              194.49861667              4667.966800               195.49861667              1563134280.480            0                         963                       1.0000000000E+000         1.6000000000E+001         0.0000000000E+000         3.4986591572E+001         3.5532815937E+001         4.3555529949E+002         4.4389497651E+002         1.2100527997E+000         1.5098637691E+000         
2019-07-14                19:58:03.122              194.49864726              4667.967534               195.49864726              1563134283.123            0                         963                       3.0000000000E+000         1.6000000000E+001         0.0000000000E+000         3.4986591572E+001         3.5529886538E+001         4.3555529949E+002         4.4382343316E+002         1.1972593754E+000         1.4944604587E+000         
2019-07-14                19:58:34.941              194.49901553              4667.976373               195.49901553              1563134314.942            0                         963                       1.0000000000E+000         1.6000000000E+001         0.0000000000E+000         3.4986591572E+001         3.5529886538E+001         4.3556745572E+002         4.4382343316E+002         1.1972593754E+000         1.4944604587E+000         
2019-07-14                19:59:04.494              194.49935758              4667.984582               195.49935758              1563134344.495            0                         963                       2.0000000000E+000         1.6000000000E+001         0.0000000000E+000         4.7039066169E+001         3.5526958646E+001         4.3556745572E+002         4.4379123568E+002         1.1972593754E+000         1.4944604587E+000         
2019-07-14                19:59:24.285              194.49958663              4667.990079               195.49958663              1563134364.285            0                         963                       1.0000000000E+000         1.6000000000E+001         0.0000000000E+000         4.7039066169E+001         3.5526958646E+001         4.3557193474E+002         4.4379123568E+002         1.1972593754E+000         1.4944604587E+000         
2019-07-14                20:00:14.490              194.50016772              4668.004025               195.50016772              1563134414.491            0                         963                       1.0000000000E+000         1.6000000000E+001         0.0000000000E+000         4.7039066169E+001         4.7765583426E+001         4.3555039676E+002         4.4379579926E+002         1.1972593754E+000         1.4944604587E+000         
2019-07-14                20:00:57.726              194.50066814              4668.016035               195.50066814              1563134457.727            0                         963                       1.0000000000E+000         1.6000000000E+001         0.0000000000E+000         4.7039066169E+001         4.7765583426E+001         4.3554828263E+002         4.4377385463E+002         1.1972593754E+000         1.4944604587E+000         
2019-07-14                20:01:46.980              194.50123819              4668.029717               195.50123819              1563134506.980            0                         963                       1.0000000000E+000         1.6000000000E+001         0.0000000000E+000         4.7039066169E+001         4.7765583426E+001         4.3555136060E+002         4.4377170058E+002         1.1972593754E+000         1.4944604587E+000         
2019-07-14                20:02:37.094              194.50181822              4668.043637               195.50181822              1563134557.094            0                         963                       1.0000000000E+000         1.6000000000E+001         0.0000000000E+000         4.7039066169E+001         4.7765583426E+001         4.3550893224E+002         4.4377483667E+002         1.1972593754E+000         1.4944604587E+000         
2019-07-14                20:03:06.174              194.50215480              4668.051715               195.50215480              1563134586.175            0                         963                       2.0000000000E+000         1.6000000000E+001         0.0000000000E+000         3.8782080485E+001         4.7765583426E+001         4.3550893224E+002         4.4373160724E+002         1.1972593754E+000         1.4944604587E+000         
2019-07-14                20:03:26.404              194.50238895              4668.057335               195.50238895              1563134606.405            0                         963                       1.0000000000E+000         1.6000000000E+001         0.0000000000E+000         3.8782080485E+001         4.7765583426E+001         4.3542141470E+002         4.4373160724E+002         1.1972593754E+000         1.4944604587E+000         
2019-07-14                20:04:17.568              194.50298111              4668.071547               195.50298111              1563134657.568            0                         963                       1.0000000000E+000         1.6000000000E+001         0.0000000000E+000         3.8782080485E+001         3.9381068794E+001         4.3531397449E+002         4.4364243731E+002         1.1972593754E+000         1.4944604587E+000         
