DATE                      TIME                      FRAC_DAYS_SINCE_JAN1      FRAC_HRS_SINCE_JAN1       JULIAN_DAYS               EPOCH_TIME                ALARM_STATUS              INST_STATUS               species                   MPVPosition               solenoid_valves           CH4                       CH4_dry                   CO2                       CO2_dry                   H2O                       h2o_reported              
2019-07-14                16:00:15.184              194.33350907              4664.004218               195.33350907              1563120015.184            0                         963                       1.0000000000E+000         1.6000000000E+001         0.0000000000E+000         3.9604521334E+001         4.0244938486E+001         4.3614275713E+002         4.4499240218E+002         1.2526586977E+000         1.5610812806E+000         
2019-07-14                16:01:04.413              194.33407885              4664.017893               195.33407885              1563120064.413            0                         963                       1.0000000000E+000         1.6000000000E+001         0.0000000000E+000         3.9604521334E+001         4.0244938486E+001         4.3590821566E+002         4.4476434605E+002         1.2526586977E+000         1.5610812806E+000         
2019-07-14                16:01:54.569              194.33465937              4664.031825               195.33465937              1563120114.570            0                         963                       1.0000000000E+000         1.6000000000E+001         0.0000000000E+000         3.9604521334E+001         4.0244938486E+001         4.3566860616E+002         4.4452516820E+002         1.2526586977E+000         1.5610812806E+000         
2019-07-14                16:02:44.721              194.33523984              4664.045756               195.33523984              1563120164.722            0                         963                       1.0000000000E+000         1.6000000000E+001         0.0000000000E+000         3.9604521334E+001         4.0244938486E+001         4.3544490714E+002         4.4428082215E+002         1.2526586977E+000         1.5610812806E+000         
2019-07-14                16:03:33.989              194.33581006              4664.059441               195.33581006              1563120213.989            0                         963                       1.0000000000E+000         1.6000000000E+001         0.0000000000E+000         3.9604521334E+001         4.0244938486E+001         4.3520845882E+002         4.4405270108E+002         1.2526586977E+000         1.5610812806E+000         
2019-07-14                16:04:24.101              194.33639006              4664.073361               195.33639006              1563120264.101            0                         963                       1.0000000000E+000         1.6000000000E+001         0.0000000000E+000         3.9604521334E+001         4.0244938486E+001         4.3501454362E+002         4.4381157870E+002         1.2526586977E+000         1.5610812806E+000         
2019-07-14                16:04:53.671              194.33673230              4664.081575               195.33673230              1563120293.671            0                         963                       2.0000000000E+000         1.6000000000E+001         0.0000000000E+000         4.9005779306E+001         4.0244938486E+001         4.3501454362E+002         4.4361383022E+002         1.2526586977E+000         1.5610812806E+000         
2019-07-14                16:05:13.423              194.33696091              4664.087062               195.33696091              1563120313.423            0                         963                       1.0000000000E+000         1.6000000000E+001         0.0000000000E+000         4.9005779306E+001         4.0244938486E+001         4.3482786822E+002         4.4361383022E+002         1.2526586977E+000         1.5610812806E+000         
2019-07-14                16:06:03.579              194.33754144              4664.100994               195.33754144              1563120363.580            0                         963                       1.0000000000E+000         1.6000000000E+001         0.0000000000E+000         4.9005779306E+001         4.9798217658E+001         4.3468379995E+002         4.4342346466E+002         1.2526586977E+000         1.5610812806E+000         
2019-07-14                16:06:52.803              194.33811116              4664.114668               195.33811116              1563120412.804            0                         963                       1.0000000000E+000         1.6000000000E+001         0.0000000000E+000         4.9005779306E+001         4.9798217658E+001         4.3451631645E+002         4.4327654847E+002         1.2526586977E+000         1.5610812806E+000         
2019-07-14                16:07:42.917              194.33869117              4664.128588               195.33869117              1563120462.917            0                         963                       1.0000000000E+000         1.6000000000E+001         0.0000000000E+000         4.9005779306E+001         4.9798217658E+001         4.3434169259E+002         4.4310575418E+002         1.2526586977E+000         1.5610812806E+000         
2019-07-14                16:08:32.148              194.33926098              4664.142264               195.33926098              1563120512.149            0                         963                       1.0000000000E+000         1.6000000000E+001         0.0000000000E+000         4.9005779306E+001         4.9798217658E+001         4.3413426158E+002         4.4292767840E+002         1.2526586977E+000         1.5610812806E+000         
2019-07-14                16:09:21.436              194.33983144              4664.155954               195.33983144              1563120561.436            0                         963                       1.0000000000E+000         1.6000000000E+001         0.0000000000E+000         4.9005779306E+001         4.9798217658E+001         4.3392140797E+002         4.4271614693E+002         1.2526586977E+000         1.5610812806E+000         
2019-07-14                16:10:11.539              194.34041133              4664.169872               195.34041133              1563120611.539            0                         963                       1.0000000000E+000         1.6000000000E+001         0.0000000000E+000         4.9005779306E+001         4.9798217658E+001         4.3374169713E+002         4.4249908567E+002         1.2526586977E+000         1.5610812806E+000         
2019-07-14                16:11:00.805              194.34098154              4664.183557               195.34098154              1563120660.805            0                         963                       1.0000000000E+000         1.6000000000E+001         0.0000000000E+000         4.9005779306E+001         4.9798217658E+001         4.3352933920E+002         4.4231582234E+002         1.2526586977E+000         1.5610812806E+000         
2019-07-14                16:11:50.947              194.34156189              4664.197485               195.34156189              1563120710.947            0                         963                       1.0000000000E+000         1.6000000000E+001         0.0000000000E+000         4.9005779306E+001         4.9798217658E+001         4.3331830410E+002         4.4209926656E+002         1.2526586977E+000         1.5610812806E+000         
2019-07-14                16:12:41.048              194.34214176              4664.211402               195.34214176              1563120761.048            0                         963                       1.0000000000E+000         1.6000000000E+001         0.0000000000E+000         4.9005779306E+001         4.9798217658E+001         4.3315262164E+002         4.4188405975E+002         1.2526586977E+000         1.5610812806E+000         
2019-07-14                16:13:32.167              194.34273343              4664.225602               195.34273343              1563120812.168            0                         963                       1.0000000000E+000         1.6000000000E+001         0.0000000000E+000         4.9005779306E+001         4.9798217658E+001         4.3298428939E+002         4.4171510211E+002         1.2526586977E+000         1.5610812806E+000         
2019-07-14                16:14:22.467              194.34331559              4664.239574               195.34331559              1563120862.467            0                         963                       1.0000000000E+000         1.6000000000E+001         0.0000000000E+000         4.9005779306E+001         4.9798217658E+001         4.3280256262E+002         4.4154344230E+002         1.2526586977E+000         1.5610812806E+000         
2019-07-14                16:15:12.538              194.34389512              4664.253483               195.34389512              1563120912.538            0                         963                       1.0000000000E+000         1.6000000000E+001         0.0000000000E+000         4.9005779306E+001         4.9798217658E+001         4.3258473168E+002         4.4135812319E+002         1.2526586977E+000         1.5610812806E+000         
2019-07-14                16:16:01.815              194.34446545              4664.267171               195.34446545              1563120961.815            0                         963                       1.0000000000E+000         1.6000000000E+001         0.0000000000E+000         4.9005779306E+001         4.9798217658E+001         4.3234410707E+002         4.4113598621E+002         1.2526586977E+000         1.5610812806E+000         
2019-07-14                16:16:51.934              194.34504553              4664.281093               195.34504553              1563121011.934            0                         963                       1.0000000000E+000         1.6000000000E+001         0.0000000000E+000         4.9005779306E+001         4.9798217658E+001         4.3210918777E+002         4.4089060497E+002         1.2526586977E+000         1.5610812806E+000         
2019-07-14                16:17:41.194              194.34561567              4664.294776               195.34561567              1563121061.194            0                         963                       1.0000000000E+000         1.6000000000E+001         0.0000000000E+000         4.9005779306E+001         4.9798217658E+001         4.3189164357E+002         4.4065104183E+002         1.2526586977E+000         1.5610812806E+000         
2019-07-14                16:18:31.322              194.34619586              4664.308701               195.34619586              1563121111.322            0                         963                       1.0000000000E+000         1.6000000000E+001         0.0000000000E+000         4.9005779306E+001         4.9798217658E+001         4.3167533525E+002         4.4042919726E+002         1.2526586977E+000         1.5610812806E+000         
2019-07-14                16:19:20.558              194.34676572              4664.322377               195.34676572              1563121160.558            0                         963                       1.0000000000E+000         1.6000000000E+001         0.0000000000E+000         4.9005779306E+001         4.9798217658E+001         4.3147332659E+002         4.4020861299E+002         1.2526586977E+000         1.5610812806E+000         
2019-07-14                16:20:09.786              194.34733549              4664.336052               195.34733549              1563121209.786            0                         963                       1.0000000000E+000         1.6000000000E+001         0.0000000000E+000         4.9005779306E+001         4.9798217658E+001         4.3130424737E+002         4.4000261107E+002         1.2526586977E+000         1.5610812806E+000         
2019-07-14                16:20:59.015              194.34790527              4664.349726               195.34790527              1563121259.015            0                         963                       1.0000000000E+000         1.6000000000E+001         0.0000000000E+000         4.9005779306E+001         4.9798217658E+001         4.3113693537E+002         4.3983018953E+002         1.2526586977E+000         1.5610812806E+000         
2019-07-14                16:21:49.157              194.34848562              4664.363655               195.34848562              1563121309.158            0                         963                       1.0000000000E+000         1.6000000000E+001         0.0000000000E+000         4.9005779306E+001         4.9798217658E+001         4.3099807926E+002         4.3965957013E+002         1.2526586977E+000         1.5610812806E+000         
2019-07-14                16:22:39.260              194.34906552              4664.377572               195.34906552              1563121359.261            0                         963                       1.0000000000E+000         1.6000000000E+001         0.0000000000E+000         4.9005779306E+001         4.9798217658E+001         4.3092835384E+002         4.3951796914E+002         1.2526586977E+000         1.5610812806E+000         
2019-07-14                16:23:29.346              194.34964522              4664.391485               195.34964522              1563121409.347            0                         963                       1.0000000000E+000         1.6000000000E+001         0.0000000000E+000         4.9005779306E+001         4.9798217658E+001         4.3088186661E+002         4.3944686540E+002         1.2526586977E+000         1.5610812806E+000         
2019-07-14                16:24:19.595              194.35022681              4664.405443               195.35022681              1563121459.596            0                         963                       1.0000000000E+000         1.6000000000E+001         0.0000000000E+000         4.9005779306E+001         4.9798217658E+001         4.3085143829E+002         4.3939945922E+002         1.2526586977E+000         1.5610812806E+000         
2019-07-14                16:25:09.736              194.35080714              4664.419371               195.35080714              1563121509.737            0                         963                       1.0000000000E+000         1.6000000000E+001         0.0000000000E+000         4.9005779306E+001         4.9798217658E+001         4.3082304941E+002         4.3936842940E+002         1.2526586977E+000         1.5610812806E+000         
2019-07-14                16:25:59.010              194.35137744              4664.433059               195.35137744              1563121559.011            0                         963                       1.0000000000E+000         1.6000000000E+001         0.0000000000E+000         4.9005779306E+001         4.9798217658E+001         4.3079162646E+002         4.3933947933E+002         1.2526586977E+000         1.5610812806E+000         
2019-07-14                16:26:48.219              194.35194698              4664.446728               195.35194698              1563121608.219            0                         963                       1.0000000000E+000         1.6000000000E+001         0.0000000000E+000         4.9005779306E+001         4.9798217658E+001         4.3076114986E+002         4.3930743522E+002         1.2526586977E+000         1.5610812806E+000         
2019-07-14                16:27:37.437              194.35251664              4664.460399               195.35251664              1563121657.438            0                         963                       1.0000000000E+000         1.6000000000E+001         0.0000000000E+000         4.9005779306E+001         4.9798217658E+001         4.3073873820E+002         4.3927635616E+002         1.2526586977E+000         1.5610812806E+000         
2019-07-14                16:28:27.585              194.35309705              4664.474329               195.35309705              1563121707.585            0                         963                       1.0000000000E+000         1.6000000000E+001         0.0000000000E+000         4.9005779306E+001         4.9798217658E+001         4.3075066746E+002         4.3925350148E+002         1.2526586977E+000         1.5610812806E+000         
2019-07-14                16:29:17.707              194.35367718              4664.488252               195.35367718              1563121757.708            0                         963                       1.0000000000E+000         1.6000000000E+001         0.0000000000E+000         4.9005779306E+001         4.9798217658E+001         4.3075714991E+002         4.3926566655E+002         1.2526586977E+000         1.5610812806E+000         
2019-07-14                16:30:07.941              194.35425859              4664.502206               195.35425859              1563121807.942            0                         963                       1.0000000000E+000         1.6000000000E+001         0.0000000000E+000         4.9005779306E+001         4.9798217658E+001         4.3071660913E+002         4.3927227715E+002         1.2526586977E+000         1.5610812806E+000         
2019-07-14                16:30:58.210              194.35484041              4664.516170               195.35484041              1563121858.211            0                         963                       1.0000000000E+000         1.6000000000E+001         0.0000000000E+000         4.9005779306E+001         4.9798217658E+001         4.3069179604E+002         4.3923093496E+002         1.2526586977E+000         1.5610812806E+000         
2019-07-14                16:31:48.316              194.35542034              4664.530088               195.35542034              1563121908.317            0                         963                       1.0000000000E+000         1.6000000000E+001         0.0000000000E+000         4.9005779306E+001         4.9798217658E+001         4.3067729487E+002         4.3920563137E+002         1.2526586977E+000         1.5610812806E+000         
2019-07-14                16:32:17.390              194.35575683              4664.538164               195.35575683              1563121937.390            0                         963                       2.0000000000E+000         1.6000000000E+001         0.0000000000E+000         3.7730497851E+001         4.9798217658E+001         4.3067729487E+002         4.3919084354E+002         1.2526586977E+000         1.5610812806E+000         
2019-07-14                16:32:37.638              194.35599119              4664.543789               195.35599119              1563121957.639            0                         963                       1.0000000000E+000         1.6000000000E+001         0.0000000000E+000         3.7730497851E+001         4.9798217658E+001         4.3057804712E+002         4.3919084354E+002         1.2526586977E+000         1.5610812806E+000         
2019-07-14                16:33:28.806              194.35658341              4664.558002               195.35658341              1563122008.807            0                         963                       1.0000000000E+000         1.6000000000E+001         0.0000000000E+000         3.7730497851E+001         3.8340611474E+001         4.3047574605E+002         4.3908963388E+002         1.2526586977E+000         1.5610812806E+000         
2019-07-14                16:34:20.003              194.35717596              4664.572223               195.35717596              1563122060.003            0                         963                       1.0000000000E+000         1.6000000000E+001         0.0000000000E+000         3.7730497851E+001         3.8340611474E+001         4.3031955551E+002         4.3898531054E+002         1.2526586977E+000         1.5610812806E+000         
2019-07-14                16:35:10.160              194.35775648              4664.586156               195.35775648              1563122110.160            0                         963                       1.0000000000E+000         1.6000000000E+001         0.0000000000E+000         3.7730497851E+001         3.8340611474E+001         4.3015129475E+002         4.3882603246E+002         1.2526586977E+000         1.5610812806E+000         
2019-07-14                16:36:00.404              194.35833802              4664.600112               195.35833802              1563122160.405            0                         963                       1.0000000000E+000         1.6000000000E+001         0.0000000000E+000         3.7730497851E+001         3.8340611474E+001         4.2998895273E+002         4.3865444555E+002         1.2526586977E+000         1.5610812806E+000         
2019-07-14                16:36:50.513              194.35891799              4664.614032               195.35891799              1563122210.514            0                         963                       1.0000000000E+000         1.6000000000E+001         0.0000000000E+000         3.7730497851E+001         3.8340611474E+001         4.2975344202E+002         4.3848889438E+002         1.2526586977E+000         1.5610812806E+000         
2019-07-14                16:37:39.770              194.35948809              4664.627714               195.35948809              1563122259.771            0                         963                       1.0000000000E+000         1.6000000000E+001         0.0000000000E+000         3.7730497851E+001         3.8340611474E+001         4.2950215221E+002         4.3824872814E+002         1.2526586977E+000         1.5610812806E+000         
2019-07-14                16:38:29.877              194.36006802              4664.641633               195.36006802              1563122309.877            0                         963                       1.0000000000E+000         1.6000000000E+001         0.0000000000E+000         3.7730497851E+001         3.8340611474E+001         4.2925496067E+002         4.3799247088E+002         1.2526586977E+000         1.5610812806E+000         
2019-07-14                16:38:36.786              194.36014800              4664.643552               195.36014800              1563122316.787            0                         963                       3.0000000000E+000         1.6000000000E+001         0.0000000000E+000         3.7730497851E+001         3.8342262261E+001         4.2925496067E+002         4.3776336595E+002         1.2593380419E+000         1.5690995411E+000         
2019-07-14                16:39:09.275              194.36052402              4664.652576               195.36052402              1563122349.275            0                         963                       1.0000000000E+000         1.6000000000E+001         0.0000000000E+000         3.7730497851E+001         3.8342262261E+001         4.2903458425E+002         4.3776336595E+002         1.2593380419E+000         1.5690995411E+000         
2019-07-14                16:39:59.380              194.36110394              4664.666494               195.36110394              1563122399.380            0                         963                       1.0000000000E+000         1.6000000000E+001         0.0000000000E+000         3.7730497851E+001         3.8343913490E+001         4.2881244211E+002         4.3756158887E+002         1.2593380419E+000         1.5690995411E+000         
2019-07-14                16:40:48.615              194.36167378              4664.680171               195.36167378              1563122448.615            0                         963                       1.0000000000E+000         1.6000000000E+001         0.0000000000E+000         3.7730497851E+001         3.8343913490E+001         4.2859225908E+002         4.3733503168E+002         1.2593380419E+000         1.5690995411E+000         
2019-07-14                16:41:38.779              194.36225439              4664.694105               195.36225439              1563122498.779            0                         963                       1.0000000000E+000         1.6000000000E+001         0.0000000000E+000         3.7730497851E+001         3.8343913490E+001         4.2842516881E+002         4.3711047254E+002         1.2593380419E+000         1.5690995411E+000         
2019-07-14                16:42:28.884              194.36283432              4664.708024               195.36283432              1563122548.885            0                         963                       1.0000000000E+000         1.6000000000E+001         0.0000000000E+000         3.7730497851E+001         3.8343913490E+001         4.2826905310E+002         4.3694006137E+002         1.2593380419E+000         1.5690995411E+000         
2019-07-14                16:43:17.144              194.36339288              4664.721429               195.36339288              1563122597.145            0                         963                       1.0000000000E+000         1.6000000000E+001         0.0000000000E+000         3.7730497851E+001         3.8343913490E+001         4.2811340443E+002         4.3678084289E+002         1.2593380419E+000         1.5690995411E+000         
2019-07-14                16:44:06.391              194.36396286              4664.735109               195.36396286              1563122646.391            0                         963                       1.0000000000E+000         1.6000000000E+001         0.0000000000E+000         3.7730497851E+001         3.8343913490E+001         4.2797273556E+002         4.3662210072E+002         1.2593380419E+000         1.5690995411E+000         
2019-07-14                16:44:35.671              194.36430176              4664.743242               195.36430176              1563122675.672            0                         963                       2.0000000000E+000         1.6000000000E+001         0.0000000000E+000         3.7135291168E+001         3.8343913490E+001         4.2797273556E+002         4.3647863607E+002         1.2593380419E+000         1.5690995411E+000         
2019-07-14                16:44:55.665              194.36453317              4664.748796               195.36453317              1563122695.666            0                         963                       1.0000000000E+000         1.6000000000E+001         0.0000000000E+000         3.7135291168E+001         3.8343913490E+001         4.2784677610E+002         4.3647863607E+002         1.2593380419E+000         1.5690995411E+000         
2019-07-14                16:45:46.831              194.36512536              4664.763009               195.36512536              1563122746.831            0                         963                       1.0000000000E+000         1.6000000000E+001         0.0000000000E+000         3.7135291168E+001         3.7739030043E+001         4.2774375518E+002         4.3635017319E+002         1.2593380419E+000         1.5690995411E+000         
2019-07-14                16:46:36.924              194.36570515              4664.776924               195.36570515              1563122796.925            0                         963                       1.0000000000E+000         1.6000000000E+001         0.0000000000E+000         3.7135291168E+001         3.7739030043E+001         4.2761965682E+002         4.3624510474E+002         1.2593380419E+000         1.5690995411E+000         
2019-07-14                16:47:26.148              194.36627486              4664.790597               195.36627486              1563122846.148            0                         963                       1.0000000000E+000         1.6000000000E+001         0.0000000000E+000         3.7135291168E+001         3.7739030043E+001         4.2747177625E+002         4.3611853995E+002         1.2593380419E+000         1.5690995411E+000         
2019-07-14                16:48:16.319              194.36685554              4664.804533               195.36685554              1563122896.319            0                         963                       1.0000000000E+000         1.6000000000E+001         0.0000000000E+000         3.7135291168E+001         3.7739030043E+001         4.2735436198E+002         4.3596772027E+002         1.2593380419E+000         1.5690995411E+000         
2019-07-14                16:49:06.443              194.36743568              4664.818456               195.36743568              1563122946.443            0                         963                       1.0000000000E+000         1.6000000000E+001         0.0000000000E+000         3.7135291168E+001         3.7739030043E+001         4.2728684596E+002         4.3584797240E+002         1.2593380419E+000         1.5690995411E+000         
2019-07-14                16:49:56.520              194.36801529              4664.832367               195.36801529              1563122996.521            0                         963                       1.0000000000E+000         1.6000000000E+001         0.0000000000E+000         3.7135291168E+001         3.7739030043E+001         4.2722674338E+002         4.3577911451E+002         1.2593380419E+000         1.5690995411E+000         
2019-07-14                16:50:45.782              194.36858545              4664.846051               195.36858545              1563123045.783            0                         963                       1.0000000000E+000         1.6000000000E+001         0.0000000000E+000         3.7135291168E+001         3.7739030043E+001         4.2714772002E+002         4.3571781740E+002         1.2593380419E+000         1.5690995411E+000         
2019-07-14                16:51:35.878              194.36916525              4664.859966               195.36916525              1563123095.878            0                         963                       1.0000000000E+000         1.6000000000E+001         0.0000000000E+000         3.7135291168E+001         3.7739030043E+001         4.2712585602E+002         4.3563722347E+002         1.2593380419E+000         1.5690995411E+000         
2019-07-14                16:52:24.131              194.36972375              4664.873370               195.36972375              1563123144.132            0                         963                       1.0000000000E+000         1.6000000000E+001         0.0000000000E+000         3.7135291168E+001         3.7739030043E+001         4.2714850872E+002         4.3561492492E+002         1.2593380419E+000         1.5690995411E+000         
2019-07-14                16:53:13.345              194.37029336              4664.887041               195.37029336              1563123193.346            0                         963                       1.0000000000E+000         1.6000000000E+001         0.0000000000E+000         3.7135291168E+001         3.7739030043E+001         4.2717823069E+002         4.3563802784E+002         1.2593380419E+000         1.5690995411E+000         
2019-07-14                16:54:02.572              194.37086311              4664.900715               195.37086311              1563123242.573            0                         963                       1.0000000000E+000         1.6000000000E+001         0.0000000000E+000         3.7135291168E+001         3.7739030043E+001         4.2722812251E+002         4.3566834053E+002         1.2593380419E+000         1.5690995411E+000         
2019-07-14                16:54:52.697              194.37144325              4664.914638               195.37144325              1563123292.697            0                         963                       1.0000000000E+000         1.6000000000E+001         0.0000000000E+000         3.7135291168E+001         3.7739030043E+001         4.2725745035E+002         4.3571922394E+002         1.2593380419E+000         1.5690995411E+000         
2019-07-14                16:55:22.263              194.37178545              4664.922851               195.37178545              1563123322.263            0                         963                       2.0000000000E+000         1.6000000000E+001         0.0000000000E+000         4.7653749531E+001         3.7739030043E+001         4.2725745035E+002         4.3574913467E+002         1.2593380419E+000         1.5690995411E+000         
2019-07-14                16:55:42.016              194.37201407              4664.928338               195.37201407              1563123342.016            0                         963                       1.0000000000E+000         1.6000000000E+001         0.0000000000E+000         4.7653749531E+001         3.7739030043E+001         4.2729081778E+002         4.3574913467E+002         1.2593380419E+000         1.5690995411E+000         
2019-07-14                16:56:33.186              194.37260632              4664.942552               195.37260632              1563123393.186            0                         963                       1.0000000000E+000         1.6000000000E+001         0.0000000000E+000         4.7653749531E+001         4.8428495608E+001         4.2732988209E+002         4.3578316527E+002         1.2593380419E+000         1.5690995411E+000         
2019-07-14                16:57:23.377              194.37318723              4664.956494               195.37318723              1563123443.377            0                         963                       1.0000000000E+000         1.6000000000E+001         0.0000000000E+000         4.7653749531E+001         4.8428495608E+001         4.2740227038E+002         4.3582300598E+002         1.2593380419E+000         1.5690995411E+000         
2019-07-14                16:58:13.582              194.37376832              4664.970440               195.37376832              1563123493.583            0                         963                       1.0000000000E+000         1.6000000000E+001         0.0000000000E+000         4.7653749531E+001         4.8428495608E+001         4.2746055132E+002         4.3589683298E+002         1.2593380419E+000         1.5690995411E+000         
2019-07-14                16:59:03.740              194.37434885              4664.984372               195.37434885              1563123543.741            0                         963                       1.0000000000E+000         1.6000000000E+001         0.0000000000E+000         4.7653749531E+001         4.8428495608E+001         4.2756395392E+002         4.3595627224E+002         1.2593380419E+000         1.5690995411E+000         
2019-07-14                16:59:53.882              194.37492920              4664.998301               195.37492920              1563123593.883            0                         963                       1.0000000000E+000         1.6000000000E+001         0.0000000000E+000         4.7653749531E+001         4.8428495608E+001         4.2774613971E+002         4.3606172996E+002         1.2593380419E+000         1.5690995411E+000         
2019-07-14                17:00:44.078              194.37551017              4665.012244               195.37551017              1563123644.079            0                         963                       1.0000000000E+000         1.6000000000E+001         0.0000000000E+000         4.7653749531E+001         4.8428495608E+001         4.2793854000E+002         4.3624753667E+002         1.2593380419E+000         1.5690995411E+000         
2019-07-14                17:00:52.377              194.37560622              4665.014549               195.37560622              1563123652.377            0                         963                       3.0000000000E+000         1.6000000000E+001         0.0000000000E+000         4.7653749531E+001         4.8426270846E+001         4.2793854000E+002         4.3641932239E+002         1.2522127284E+000         1.5605458068E+000         
