DATE                      TIME                      FRAC_DAYS_SINCE_JAN1      FRAC_HRS_SINCE_JAN1       JULIAN_DAYS               EPOCH_TIME                ALARM_STATUS              INST_STATUS               species                   MPVPosition               solenoid_valves           CH4                       CH4_dry                   CO2                       CO2_dry                   H2O                       h2o_reported              
2019-09-10                08:23:43.490              252.01647559              6048.395414               253.01647559              1568103823.491            0                         963                       1.0000000000E+000         1.5000000000E+001         0.0000000000E+000         4.4159473176E+001         4.5514029123E+001         4.0045996432E+002         4.1544208921E+002         2.3451535034E+000         2.8348457562E+000         
2019-09-10                08:24:33.707              252.01705681              6048.409363               253.01705681              1568103873.708            0                         963                       1.0000000000E+000         1.5000000000E+001         0.0000000000E+000         4.4159473176E+001         4.5514029123E+001         4.0046794652E+002         4.1548690808E+002         2.3451535034E+000         2.8348457562E+000         
2019-09-10                08:25:24.907              252.01764939              6048.423585               253.01764939              1568103924.907            0                         963                       1.0000000000E+000         1.5000000000E+001         0.0000000000E+000         4.4159473176E+001         4.5514029123E+001         4.0046039117E+002         4.1549518979E+002         2.3451535034E+000         2.8348457562E+000         
2019-09-10                08:26:14.142              252.01821925              6048.437262               253.01821925              1568103974.143            0                         963                       1.0000000000E+000         1.6000000000E+001         0.0000000000E+000         4.4159473176E+001         4.5514029123E+001         4.0048185981E+002         4.1548735094E+002         2.3451535034E+000         2.8348457562E+000         
2019-09-10                08:27:04.220              252.01879884              6048.451172               253.01879884              1568104024.220            0                         963                       1.0000000000E+000         1.6000000000E+001         0.0000000000E+000         4.4159473176E+001         4.5514029123E+001         4.0051543935E+002         4.1550962517E+002         2.3451535034E+000         2.8348457562E+000         
2019-09-10                08:27:55.408              252.01939131              6048.465391               253.01939131              1568104075.409            0                         963                       1.0000000000E+000         1.6000000000E+001         0.0000000000E+000         4.4159473176E+001         4.5514029123E+001         4.0050845668E+002         4.1554446476E+002         2.3451535034E+000         2.8348457562E+000         
2019-09-10                08:28:46.586              252.01998365              6048.479607               253.01998365              1568104126.587            0                         963                       1.0000000000E+000         1.6000000000E+001         0.0000000000E+000         4.4159473176E+001         4.5514029123E+001         4.0050780491E+002         4.1553722006E+002         2.3451535034E+000         2.8348457562E+000         
2019-09-10                08:29:36.681              252.02056345              6048.493523               253.02056345              1568104176.682            0                         963                       1.0000000000E+000         1.6000000000E+001         0.0000000000E+000         4.4159473176E+001         4.5514029123E+001         4.0054580107E+002         4.1553654385E+002         2.3451535034E+000         2.8348457562E+000         
2019-09-10                08:30:25.854              252.02113257              6048.507182               253.02113257              1568104225.854            0                         963                       1.0000000000E+000         1.6000000000E+001         0.0000000000E+000         4.4159473176E+001         4.5514029123E+001         4.0055949735E+002         4.1557596578E+002         2.3451535034E+000         2.8348457562E+000         
2019-09-10                08:31:16.079              252.02171389              6048.521133               253.02171389              1568104276.080            0                         963                       1.0000000000E+000         1.6000000000E+001         0.0000000000E+000         4.4159473176E+001         4.5514029123E+001         4.0056869483E+002         4.1559017600E+002         2.3451535034E+000         2.8348457562E+000         
2019-09-10                08:32:06.345              252.02229567              6048.535096               253.02229567              1568104326.346            0                         963                       1.0000000000E+000         1.6000000000E+001         0.0000000000E+000         4.4159473176E+001         4.5514029123E+001         4.0062045661E+002         4.1559971861E+002         2.3451535034E+000         2.8348457562E+000         
2019-09-10                08:32:56.434              252.02287541              6048.549010               253.02287541              1568104376.435            0                         963                       1.0000000000E+000         1.6000000000E+001         0.0000000000E+000         4.4159473176E+001         4.5514029123E+001         4.0068694384E+002         4.1565342271E+002         2.3451535034E+000         2.8348457562E+000         
2019-09-10                08:33:45.526              252.02344360              6048.562646               253.02344360              1568104425.527            0                         963                       1.0000000000E+000         1.6000000000E+001         0.0000000000E+000         4.4159473176E+001         4.5514029123E+001         4.0073206830E+002         4.1572240482E+002         2.3451535034E+000         2.8348457562E+000         
2019-09-10                08:34:36.724              252.02403617              6048.576868               253.02403617              1568104476.725            0                         963                       1.0000000000E+000         1.6000000000E+001         0.0000000000E+000         4.4159473176E+001         4.5514029123E+001         4.0074337916E+002         4.1576922254E+002         2.3451535034E+000         2.8348457562E+000         
2019-09-10                08:35:27.917              252.02462867              6048.591088               253.02462867              1568104527.917            0                         963                       1.0000000000E+000         1.6000000000E+001         0.0000000000E+000         4.4159473176E+001         4.5514029123E+001         4.0077525652E+002         4.1578095783E+002         2.3451535034E+000         2.8348457562E+000         
2019-09-10                08:36:18.157              252.02521015              6048.605044               253.02521015              1568104578.157            0                         963                       1.0000000000E+000         1.0000000000E+000         0.0000000000E+000         4.4159473176E+001         4.5514029123E+001         1.1903823665E+003         4.1581403136E+002         2.3451535034E+000         2.8348457562E+000         
2019-09-10                08:37:05.358              252.02575647              6048.618155               253.02575647              1568104625.359            0                         963                       1.0000000000E+000         1.0000000000E+000         0.0000000000E+000         4.4159473176E+001         4.5514029123E+001         1.3975241089E+003         1.2350505243E+003         2.3451535034E+000         2.8348457562E+000         
2019-09-10                08:37:55.466              252.02633641              6048.632074               253.02633641              1568104675.466            0                         963                       1.0000000000E+000         1.0000000000E+000         0.0000000000E+000         4.4159473176E+001         4.5514029123E+001         7.1685439323E+002         1.4499650969E+003         2.3451535034E+000         2.8348457562E+000         
2019-09-10                08:38:44.664              252.02690583              6048.645740               253.02690583              1568104724.664            0                         963                       1.0000000000E+000         2.0000000000E+000         0.0000000000E+000         4.4159473176E+001         4.5514029123E+001         9.0526194600E+002         7.4375378794E+002         2.3451535034E+000         2.8348457562E+000         
2019-09-10                08:39:32.809              252.02746308              6048.659114               253.02746308              1568104772.810            0                         963                       1.0000000000E+000         2.0000000000E+000         0.0000000000E+000         4.4159473176E+001         4.5514029123E+001         8.6709076780E+002         9.3923118526E+002         2.3451535034E+000         2.8348457562E+000         
2019-09-10                08:40:22.910              252.02804294              6048.673031               253.02804294              1568104822.910            0                         963                       1.0000000000E+000         2.0000000000E+000         0.0000000000E+000         4.4159473176E+001         4.5514029123E+001         5.1950163034E+002         8.9962766376E+002         2.3451535034E+000         2.8348457562E+000         
2019-09-10                08:41:14.088              252.02863529              6048.687247               253.02863529              1568104874.089            0                         963                       1.0000000000E+000         3.0000000000E+000         0.0000000000E+000         4.4159473176E+001         4.5514029123E+001         1.0925654744E+003         5.3899551855E+002         2.3451535034E+000         2.8348457562E+000         
2019-09-10                08:42:03.322              252.02920512              6048.700923               253.02920512              1568104923.322            0                         963                       1.0000000000E+000         3.0000000000E+000         0.0000000000E+000         4.4159473176E+001         4.5514029123E+001         1.1749102857E+003         1.1335631306E+003         2.3451535034E+000         2.8348457562E+000         
2019-09-10                08:42:53.414              252.02978490              6048.714837               253.02978490              1568104973.415            0                         963                       1.0000000000E+000         3.0000000000E+000         0.0000000000E+000         4.4159473176E+001         4.5514029123E+001         6.0153911506E+002         1.2189978658E+003         2.3451535034E+000         2.8348457562E+000         
2019-09-10                08:43:43.676              252.03036662              6048.728799               253.03036662              1568105023.676            0                         963                       1.0000000000E+000         4.0000000000E+000         0.0000000000E+000         4.4159473176E+001         4.5514029123E+001         2.3519608026E+003         6.2411139506E+002         2.3451535034E+000         2.8348457562E+000         
2019-09-10                08:44:33.111              252.03093878              6048.742531               253.03093878              1568105073.111            0                         963                       1.0000000000E+000         4.0000000000E+000         0.0000000000E+000         4.4159473176E+001         4.5514029123E+001         2.5289706778E+003         2.4402162734E+003         2.3451535034E+000         2.8348457562E+000         
2019-09-10                08:45:24.316              252.03153145              6048.756755               253.03153145              1568105124.317            0                         963                       1.0000000000E+000         4.0000000000E+000         0.0000000000E+000         4.4159473176E+001         4.5514029123E+001         7.8834477403E+002         2.6238683044E+003         2.3451535034E+000         2.8348457562E+000         
2019-09-10                08:46:13.650              252.03210243              6048.770458               253.03210243              1568105173.650            0                         963                       1.0000000000E+000         5.0000000000E+000         0.0000000000E+000         4.4159473176E+001         4.5514029123E+001         1.7079266458E+003         8.1792678879E+002         2.3451535034E+000         2.8348457562E+000         
2019-09-10                08:47:01.844              252.03266023              6048.783846               253.03266023              1568105221.844            0                         963                       1.0000000000E+000         5.0000000000E+000         0.0000000000E+000         4.4159473176E+001         4.5514029123E+001         1.8270585826E+003         1.7720152437E+003         2.3451535034E+000         2.8348457562E+000         
2019-09-10                08:47:52.951              252.03325176              6048.798042               253.03325176              1568105272.952            0                         963                       1.0000000000E+000         5.0000000000E+000         0.0000000000E+000         4.4159473176E+001         4.5514029123E+001         7.8046286095E+002         1.8956175123E+003         2.3451535034E+000         2.8348457562E+000         
2019-09-10                08:48:44.181              252.03384470              6048.812273               253.03384470              1568105324.182            0                         963                       1.0000000000E+000         6.0000000000E+000         0.0000000000E+000         4.4159473176E+001         4.5514029123E+001         1.7446596737E+003         8.0974911315E+002         2.3451535034E+000         2.8348457562E+000         
2019-09-10                08:49:33.453              252.03441497              6048.825959               253.03441497              1568105373.453            0                         963                       1.0000000000E+000         6.0000000000E+000         0.0000000000E+000         4.4159473176E+001         4.5514029123E+001         1.8389090658E+003         1.8101266495E+003         2.3451535034E+000         2.8348457562E+000         
2019-09-10                08:50:22.608              252.03498389              6048.839613               253.03498389              1568105422.608            0                         963                       1.0000000000E+000         6.0000000000E+000         0.0000000000E+000         4.4159473176E+001         4.5514029123E+001         7.4394636101E+002         1.9079126755E+003         2.3451535034E+000         2.8348457562E+000         
2019-09-10                08:51:13.815              252.03557656              6048.853838               253.03557656              1568105473.815            0                         963                       1.0000000000E+000         7.0000000000E+000         0.0000000000E+000         4.4159473176E+001         4.5514029123E+001         1.0982448198E+003         7.7186236041E+002         2.3451535034E+000         2.8348457562E+000         
2019-09-10                08:52:04.946              252.03616836              6048.868041               253.03616836              1568105524.946            0                         963                       1.0000000000E+000         7.0000000000E+000         0.0000000000E+000         4.4159473176E+001         4.5514029123E+001         1.1143326528E+003         1.1394555889E+003         2.3451535034E+000         2.8348457562E+000         
2019-09-10                08:52:55.040              252.03674816              6048.881956               253.03674816              1568105575.041            0                         963                       1.0000000000E+000         7.0000000000E+000         0.0000000000E+000         4.4159473176E+001         4.5514029123E+001         6.1728375584E+002         1.1561471052E+003         2.3451535034E+000         2.8348457562E+000         
2019-09-10                08:53:44.170              252.03731678              6048.895603               253.03731678              1568105624.170            0                         963                       1.0000000000E+000         8.0000000000E+000         0.0000000000E+000         4.4159473176E+001         4.5514029123E+001         1.3033617094E+003         6.4044684105E+002         2.3451535034E+000         2.8348457562E+000         
2019-09-10                08:54:35.423              252.03790999              6048.909840               253.03790999              1568105675.423            0                         963                       1.0000000000E+000         8.0000000000E+000         0.0000000000E+000         4.4159473176E+001         4.5514029123E+001         1.4849498252E+003         1.3522693278E+003         2.3451535034E+000         2.8348457562E+000         
2019-09-10                08:55:26.596              252.03850228              6048.924055               253.03850228              1568105726.597            0                         963                       1.0000000000E+000         8.0000000000E+000         0.0000000000E+000         4.4159473176E+001         4.5514029123E+001         7.5875833593E+002         1.5406713942E+003         2.3451535034E+000         2.8348457562E+000         
2019-09-10                08:56:16.709              252.03908228              6048.937975               253.03908228              1568105776.709            0                         963                       1.0000000000E+000         9.0000000000E+000         0.0000000000E+000         4.4159473176E+001         4.5514029123E+001         5.0562143713E+002         7.8723014298E+002         2.3451535034E+000         2.8348457562E+000         
2019-09-10                08:57:05.967              252.03965240              6048.951658               253.03965240              1568105825.967            0                         963                       1.0000000000E+000         9.0000000000E+000         0.0000000000E+000         4.4159473176E+001         4.5514029123E+001         4.0158809234E+002         5.2459448206E+002         2.3451535034E+000         2.8348457562E+000         
2019-09-10                08:57:57.167              252.04024500              6048.965880               253.04024500              1568105877.168            0                         963                       1.0000000000E+000         9.0000000000E+000         0.0000000000E+000         4.4159473176E+001         4.5514029123E+001         4.0165374934E+002         4.1665736821E+002         2.3451535034E+000         2.8348457562E+000         
2019-09-10                08:58:48.352              252.04083742              6048.980098               253.04083742              1568105928.353            0                         963                       1.0000000000E+000         1.0000000000E+001         0.0000000000E+000         4.4159473176E+001         4.5514029123E+001         4.0173414922E+002         4.1672548893E+002         2.3451535034E+000         2.8348457562E+000         
2019-09-10                08:59:38.410              252.04141678              6048.994003               253.04141678              1568105978.410            0                         963                       1.0000000000E+000         1.0000000000E+001         0.0000000000E+000         4.4159473176E+001         4.5514029123E+001         4.0185068419E+002         4.1680890575E+002         2.3451535034E+000         2.8348457562E+000         
2019-09-10                09:00:28.509              252.04199664              6049.007919               253.04199664              1568106028.510            0                         963                       1.0000000000E+000         1.0000000000E+001         0.0000000000E+000         4.4159473176E+001         4.5514029123E+001         4.0193040324E+002         4.1692981361E+002         2.3451535034E+000         2.8348457562E+000         
2019-09-10                09:01:19.680              252.04258889              6049.022133               253.04258889              1568106079.680            0                         963                       1.0000000000E+000         1.1000000000E+001         0.0000000000E+000         4.4159473176E+001         4.5514029123E+001         4.0197581192E+002         4.1701252405E+002         2.3451535034E+000         2.8348457562E+000         
2019-09-10                09:01:28.548              252.04269153              6049.024597               253.04269153              1568106088.548            0                         963                       3.0000000000E+000         1.1000000000E+001         0.0000000000E+000         4.4159473176E+001         4.5160115932E+001         4.0197581192E+002         4.1311399092E+002         1.1635456936E+000         1.4538156475E+000         
2019-09-10                09:02:04.101              252.04310302              6049.034473               253.04310302              1568106124.101            0                         963                       1.0000000000E+000         1.1000000000E+001         0.0000000000E+000         4.4159473176E+001         4.5160115932E+001         4.0204254396E+002         4.1311399092E+002         1.1635456936E+000         1.4538156475E+000         
2019-09-10                09:02:54.417              252.04368538              6049.048449               253.04368538              1568106174.417            0                         963                       1.0000000000E+000         1.1000000000E+001         0.0000000000E+000         4.4159473176E+001         4.4822043804E+001         4.0208640543E+002         4.0941652829E+002         1.1635456936E+000         1.4538156475E+000         
2019-09-10                09:03:43.578              252.04425438              6049.062105               253.04425438              1568106223.578            0                         963                       1.0000000000E+000         1.2000000000E+001         0.0000000000E+000         4.4159473176E+001         4.4822043804E+001         4.0212639798E+002         4.0946119423E+002         1.1635456936E+000         1.4538156475E+000         
2019-09-10                09:04:34.786              252.04484706              6049.076329               253.04484706              1568106274.786            0                         963                       1.0000000000E+000         1.2000000000E+001         0.0000000000E+000         4.4159473176E+001         4.4822043804E+001         4.0217656468E+002         4.0950192030E+002         1.1635456936E+000         1.4538156475E+000         
2019-09-10                09:05:26.000              252.04543981              6049.090556               253.04543981              1568106326.000            0                         963                       1.0000000000E+000         1.2000000000E+001         0.0000000000E+000         4.4159473176E+001         4.4822043804E+001         4.0224282860E+002         4.0955300711E+002         1.1635456936E+000         1.4538156475E+000         
2019-09-10                09:06:16.082              252.04601948              6049.104467               253.04601948              1568106376.083            0                         963                       1.0000000000E+000         1.3000000000E+001         0.0000000000E+000         4.4159473176E+001         4.4822043804E+001         4.0229487493E+002         4.0962048640E+002         1.1635456936E+000         1.4538156475E+000         
2019-09-10                09:07:05.345              252.04658965              6049.118152               253.04658965              1568106425.346            0                         963                       1.0000000000E+000         1.3000000000E+001         0.0000000000E+000         4.4159473176E+001         4.4822043804E+001         4.0231587479E+002         4.0967348733E+002         1.1635456936E+000         1.4538156475E+000         
2019-09-10                09:07:56.528              252.04718204              6049.132369               253.04718204              1568106476.528            0                         963                       1.0000000000E+000         1.3000000000E+001         0.0000000000E+000         4.4159473176E+001         4.4822043804E+001         4.0234060224E+002         4.0969487236E+002         1.1635456936E+000         1.4538156475E+000         
2019-09-10                09:08:47.710              252.04777443              6049.146586               253.04777443              1568106527.711            0                         963                       1.0000000000E+000         1.4000000000E+001         0.0000000000E+000         4.4159473176E+001         4.4822043804E+001         4.0239293338E+002         4.0972005334E+002         1.1635456936E+000         1.4538156475E+000         
2019-09-10                09:09:37.999              252.04835647              6049.160555               253.04835647              1568106577.999            0                         963                       1.0000000000E+000         1.4000000000E+001         0.0000000000E+000         4.4159473176E+001         4.4822043804E+001         4.0243940693E+002         4.0977334430E+002         1.1635456936E+000         1.4538156475E+000         
2019-09-10                09:10:28.092              252.04893626              6049.174470               253.04893626              1568106628.093            0                         963                       1.0000000000E+000         1.6000000000E+001         0.0000000000E+000         4.4159473176E+001         4.4822043804E+001         4.0245083845E+002         4.0982067024E+002         1.1635456936E+000         1.4538156475E+000         
2019-09-10                09:11:18.302              252.04951738              6049.188417               253.04951738              1568106678.302            0                         963                       1.0000000000E+000         1.5000000000E+001         0.0000000000E+000         4.4159473176E+001         4.4822043804E+001         4.0246584265E+002         4.0983231143E+002         1.1635456936E+000         1.4538156475E+000         
2019-09-10                09:12:09.476              252.05010968              6049.202632               253.05010968              1568106729.476            0                         963                       1.0000000000E+000         1.5000000000E+001         0.0000000000E+000         4.4159473176E+001         4.4822043804E+001         4.0248797342E+002         4.0984759083E+002         1.1635456936E+000         1.4538156475E+000         
2019-09-10                09:12:57.753              252.05066845              6049.216043               253.05066845              1568106777.754            0                         963                       1.0000000000E+000         1.6000000000E+001         0.0000000000E+000         4.4159473176E+001         4.4822043804E+001         4.0255552067E+002         4.0987012750E+002         1.1635456936E+000         1.4538156475E+000         
2019-09-10                09:13:47.859              252.05124838              6049.229961               253.05124838              1568106827.860            0                         963                       1.0000000000E+000         1.6000000000E+001         0.0000000000E+000         4.4159473176E+001         4.4822043804E+001         4.0260569891E+002         4.0993891365E+002         1.1635456936E+000         1.4538156475E+000         
2019-09-10                09:14:38.062              252.05182943              6049.243906               253.05182943              1568106878.063            0                         963                       1.0000000000E+000         1.6000000000E+001         0.0000000000E+000         4.4159473176E+001         4.4822043804E+001         4.0260099630E+002         4.0999001223E+002         1.1635456936E+000         1.4538156475E+000         
2019-09-10                09:15:28.275              252.05241059              6049.257854               253.05241059              1568106928.275            0                         963                       1.0000000000E+000         1.6000000000E+001         0.0000000000E+000         4.4159473176E+001         4.4822043804E+001         4.0262441398E+002         4.0998522337E+002         1.1635456936E+000         1.4538156475E+000         
2019-09-10                09:16:17.460              252.05297986              6049.271517               253.05297986              1568106977.460            0                         963                       1.0000000000E+000         1.6000000000E+001         0.0000000000E+000         4.4159473176E+001         4.4822043804E+001         4.0269765814E+002         4.1000907056E+002         1.1635456936E+000         1.4538156475E+000         
2019-09-10                09:17:06.614              252.05354877              6049.285171               253.05354877              1568107026.614            0                         963                       1.0000000000E+000         1.6000000000E+001         0.0000000000E+000         4.4159473176E+001         4.4822043804E+001         4.0275151373E+002         4.1008365811E+002         1.1635456936E+000         1.4538156475E+000         
2019-09-10                09:17:56.867              252.05413041              6049.299130               253.05413041              1568107076.867            0                         963                       1.0000000000E+000         1.6000000000E+001         0.0000000000E+000         4.4159473176E+001         4.4822043804E+001         4.0279137962E+002         4.1013850148E+002         1.1635456936E+000         1.4538156475E+000         
2019-09-10                09:18:47.059              252.05471134              6049.313072               253.05471134              1568107127.060            0                         963                       1.0000000000E+000         1.6000000000E+001         0.0000000000E+000         4.4159473176E+001         4.4822043804E+001         4.0286667549E+002         4.1017909856E+002         1.1635456936E+000         1.4538156475E+000         
2019-09-10                09:19:36.181              252.05527988              6049.326717               253.05527988              1568107176.182            0                         963                       1.0000000000E+000         1.6000000000E+001         0.0000000000E+000         4.4159473176E+001         4.4822043804E+001         4.0294153873E+002         4.1025577546E+002         1.1635456936E+000         1.4538156475E+000         
2019-09-10                09:20:26.256              252.05585944              6049.340627               253.05585944              1568107226.256            0                         963                       1.0000000000E+000         1.6000000000E+001         0.0000000000E+000         4.4159473176E+001         4.4822043804E+001         4.0302734041E+002         4.1033201179E+002         1.1635456936E+000         1.4538156475E+000         
2019-09-10                09:21:16.450              252.05644041              6049.354570               253.05644041              1568107276.451            0                         963                       1.0000000000E+000         1.6000000000E+001         0.0000000000E+000         4.4159473176E+001         4.4822043804E+001         4.0309077424E+002         4.1041938719E+002         1.1635456936E+000         1.4538156475E+000         
2019-09-10                09:22:06.657              252.05702149              6049.368516               253.05702149              1568107326.657            0                         963                       1.0000000000E+000         1.6000000000E+001         0.0000000000E+000         4.4159473176E+001         4.4822043804E+001         4.0312931866E+002         4.1048398447E+002         1.1635456936E+000         1.4538156475E+000         
2019-09-10                09:22:55.775              252.05758999              6049.382160               253.05758999              1568107375.775            0                         963                       1.0000000000E+000         1.6000000000E+001         0.0000000000E+000         4.4159473176E+001         4.4822043804E+001         4.0317600708E+002         4.1052323585E+002         1.1635456936E+000         1.4538156475E+000         
2019-09-10                09:23:45.897              252.05817010              6049.396083               253.05817010              1568107425.897            0                         963                       1.0000000000E+000         1.0000000000E+000         0.0000000000E+000         4.4159473176E+001         4.4822043804E+001         1.0386967088E+003         4.1057078059E+002         1.1635456936E+000         1.4538156475E+000         
2019-09-10                09:24:34.062              252.05872757              6049.409462               253.05872757              1568107474.062            0                         963                       1.0000000000E+000         1.0000000000E+000         0.0000000000E+000         4.4159473176E+001         4.4822043804E+001         1.2229461653E+003         1.0577477604E+003         1.1635456936E+000         1.4538156475E+000         
