DATE                      TIME                      FRAC_DAYS_SINCE_JAN1      FRAC_HRS_SINCE_JAN1       JULIAN_DAYS               EPOCH_TIME                ALARM_STATUS              INST_STATUS               species                   MPVPosition               solenoid_valves           CH4                       CH4_dry                   CO2                       CO2_dry                   H2O                       h2o_reported              
2019-04-24                03:48:42.990              112.82549757              2707.811942               113.82549757              1556077722.990            0                         963                       1.0000000000E+000         0.0000000000E+000         0.0000000000E+000         1.7840246044E+001         1.8047681844E+001         4.2968020810E+002         4.3577536773E+002         9.0446556194E-001         1.1388393973E+000         
2019-04-24                03:49:32.321              112.82606853              2707.825645               113.82606853              1556077772.321            0                         963                       1.0000000000E+000         0.0000000000E+000         0.0000000000E+000         1.7840246044E+001         1.8047681844E+001         4.2965018710E+002         4.3578683612E+002         9.0446556194E-001         1.1388393973E+000         
2019-04-24                03:50:22.681              112.82665141              2707.839634               113.82665141              1556077822.682            0                         963                       1.0000000000E+000         0.0000000000E+000         0.0000000000E+000         1.7840246044E+001         1.8047681844E+001         4.2963367206E+002         4.3575638847E+002         9.0446556194E-001         1.1388393973E+000         
2019-04-24                03:51:11.105              112.82721187              2707.853085               113.82721187              1556077871.106            0                         963                       1.0000000000E+000         0.0000000000E+000         0.0000000000E+000         1.7840246044E+001         1.8047681844E+001         4.2960687482E+002         4.3573963871E+002         9.0446556194E-001         1.1388393973E+000         
2019-04-24                03:51:58.372              112.82775895              2707.866215               113.82775895              1556077918.373            0                         963                       1.0000000000E+000         0.0000000000E+000         0.0000000000E+000         1.7840246044E+001         1.8047681844E+001         4.2961223321E+002         4.3571246062E+002         9.0446556194E-001         1.1388393973E+000         
2019-04-24                03:52:47.625              112.82832900              2707.879896               113.82832900              1556077967.626            0                         963                       1.0000000000E+000         0.0000000000E+000         0.0000000000E+000         1.7840246044E+001         1.8047681844E+001         4.2962182615E+002         4.3571789517E+002         9.0446556194E-001         1.1388393973E+000         
2019-04-24                03:53:37.020              112.82890071              2707.893617               113.82890071              1556078017.021            0                         963                       1.0000000000E+000         0.0000000000E+000         0.0000000000E+000         1.7840246044E+001         1.8047681844E+001         4.2959675738E+002         4.3572762445E+002         9.0446556194E-001         1.1388393973E+000         
2019-04-24                03:54:25.369              112.82946030              2707.907047               113.82946030              1556078065.370            0                         963                       1.0000000000E+000         0.0000000000E+000         0.0000000000E+000         1.7840246044E+001         1.8047681844E+001         4.2962002133E+002         4.3570219940E+002         9.0446556194E-001         1.1388393973E+000         
2019-04-24                03:55:14.638              112.83003054              2707.920733               113.83003054              1556078114.639            0                         963                       1.0000000000E+000         0.0000000000E+000         0.0000000000E+000         1.7840246044E+001         1.8047681844E+001         4.2963680834E+002         4.3572579398E+002         9.0446556194E-001         1.1388393973E+000         
2019-04-24                03:56:02.894              112.83058906              2707.934137               113.83058906              1556078162.895            0                         963                       1.0000000000E+000         0.0000000000E+000         0.0000000000E+000         1.7840246044E+001         1.8047681844E+001         4.2958659607E+002         4.3574281956E+002         9.0446556194E-001         1.1388393973E+000         
2019-04-24                03:56:52.250              112.83116030              2707.947847               113.83116030              1556078212.250            0                         963                       1.0000000000E+000         0.0000000000E+000         0.0000000000E+000         1.7840246044E+001         1.8047681844E+001         4.2953349472E+002         4.3569189368E+002         9.0446556194E-001         1.1388393973E+000         
2019-04-24                03:57:19.072              112.83147075              2707.955298               113.83147075              1556078239.073            0                         963                       2.0000000000E+000         0.0000000000E+000         0.0000000000E+000         1.7886813712E+001         1.8047681844E+001         4.2953349472E+002         4.3563803765E+002         9.0446556194E-001         1.1388393973E+000         
2019-04-24                03:57:39.576              112.83170807              2707.960994               113.83170807              1556078259.577            0                         963                       1.0000000000E+000         0.0000000000E+000         0.0000000000E+000         1.7886813712E+001         1.8047681844E+001         4.2949000140E+002         4.3563803765E+002         9.0446556194E-001         1.1388393973E+000         
2019-04-24                03:58:28.895              112.83227889              2707.974693               113.83227889              1556078308.896            0                         963                       1.0000000000E+000         0.0000000000E+000         0.0000000000E+000         1.7886813712E+001         1.8094790974E+001         4.2944837952E+002         4.3559392620E+002         9.0446556194E-001         1.1388393973E+000         
2019-04-24                03:59:17.165              112.83283757              2707.988102               113.83283757              1556078357.166            0                         963                       1.0000000000E+000         0.0000000000E+000         0.0000000000E+000         1.7886813712E+001         1.8094790974E+001         4.2937915301E+002         4.3555171278E+002         9.0446556194E-001         1.1388393973E+000         
2019-04-24                03:59:46.839              112.83318102              2707.996344               113.83318102              1556078386.840            0                         963                       2.0000000000E+000         0.0000000000E+000         0.0000000000E+000         2.0665037819E+002         1.8094790974E+001         4.2937915301E+002         4.3548150242E+002         9.0446556194E-001         1.1388393973E+000         
2019-04-24                04:00:06.601              112.83340975              2708.001834               113.83340975              1556078406.602            0                         963                       1.0000000000E+000         0.0000000000E+000         0.0000000000E+000         2.0665037819E+002         1.8094790974E+001         4.2929853111E+002         4.3548150242E+002         9.0446556194E-001         1.1388393973E+000         
2019-04-24                04:00:54.890              112.83396863              2708.015247               113.83396863              1556078454.890            0                         963                       1.0000000000E+000         0.0000000000E+000         0.0000000000E+000         2.0665037819E+002         2.0905318623E+002         4.2924857438E+002         4.3539973472E+002         9.0446556194E-001         1.1388393973E+000         
2019-04-24                04:01:43.160              112.83452731              2708.028656               113.83452731              1556078503.160            0                         963                       1.0000000000E+000         0.0000000000E+000         0.0000000000E+000         2.0665037819E+002         2.0905318623E+002         4.2914286824E+002         4.3534906801E+002         9.0446556194E-001         1.1388393973E+000         
2019-04-24                04:02:32.407              112.83509730              2708.042335               113.83509730              1556078552.407            0                         963                       1.0000000000E+000         0.0000000000E+000         0.0000000000E+000         2.0665037819E+002         2.0905318623E+002         4.2902509259E+002         4.3524185957E+002         9.0446556194E-001         1.1388393973E+000         
2019-04-24                04:03:22.733              112.83567978              2708.056315               113.83567978              1556078602.733            0                         963                       1.0000000000E+000         0.0000000000E+000         0.0000000000E+000         2.0665037819E+002         2.0905318623E+002         4.2893787365E+002         4.3512241009E+002         9.0446556194E-001         1.1388393973E+000         
2019-04-24                04:03:48.604              112.83597921              2708.063501               113.83597921              1556078628.604            0                         963                       2.0000000000E+000         0.0000000000E+000         0.0000000000E+000         1.7858785946E+001         2.0905318623E+002         4.2893787365E+002         4.3503395159E+002         9.0446556194E-001         1.1388393973E+000         
2019-04-24                04:04:09.173              112.83621728              2708.069215               113.83621728              1556078649.173            0                         963                       1.0000000000E+000         0.0000000000E+000         0.0000000000E+000         1.7858785946E+001         2.0905318623E+002         4.2883712200E+002         4.3503395159E+002         9.0446556194E-001         1.1388393973E+000         
2019-04-24                04:04:56.450              112.83676448              2708.082347               113.83676448              1556078696.451            0                         963                       1.0000000000E+000         0.0000000000E+000         0.0000000000E+000         1.7858785946E+001         1.8066437318E+001         4.2875412938E+002         4.3493176806E+002         9.0446556194E-001         1.1388393973E+000         
2019-04-24                04:05:44.711              112.83732306              2708.095753               113.83732306              1556078744.712            0                         963                       1.0000000000E+000         0.0000000000E+000         0.0000000000E+000         1.7858785946E+001         1.8066437318E+001         4.2865627511E+002         4.3484759594E+002         9.0446556194E-001         1.1388393973E+000         
2019-04-24                04:06:34.066              112.83789429              2708.109463               113.83789429              1556078794.067            0                         963                       1.0000000000E+000         0.0000000000E+000         0.0000000000E+000         1.7858785946E+001         1.8066437318E+001         4.2857168746E+002         4.3474835097E+002         9.0446556194E-001         1.1388393973E+000         
2019-04-24                04:07:24.299              112.83847568              2708.123416               113.83847568              1556078844.299            0                         963                       1.0000000000E+000         0.0000000000E+000         0.0000000000E+000         1.7858785946E+001         1.8066437318E+001         4.2848319507E+002         4.3466256115E+002         9.0446556194E-001         1.1388393973E+000         
2019-04-24                04:08:13.553              112.83904576              2708.137098               113.83904576              1556078893.554            0                         963                       1.0000000000E+000         0.0000000000E+000         0.0000000000E+000         1.7858785946E+001         1.8066437318E+001         4.2839574219E+002         4.3457281111E+002         9.0446556194E-001         1.1388393973E+000         
2019-04-24                04:09:02.881              112.83961669              2708.150801               113.83961669              1556078942.882            0                         963                       1.0000000000E+000         0.0000000000E+000         0.0000000000E+000         1.7858785946E+001         1.8066437318E+001         4.2834612224E+002         4.3448411535E+002         9.0446556194E-001         1.1388393973E+000         
2019-04-24                04:09:52.282              112.84018845              2708.164523               113.84018845              1556078992.282            0                         963                       1.0000000000E+000         0.0000000000E+000         0.0000000000E+000         1.7858785946E+001         1.8066437318E+001         4.2828735192E+002         4.3443379019E+002         9.0446556194E-001         1.1388393973E+000         
2019-04-24                04:10:40.755              112.84074948              2708.177988               113.84074948              1556079040.755            0                         963                       1.0000000000E+000         0.0000000000E+000         0.0000000000E+000         1.7858785946E+001         1.8066437318E+001         4.2819978661E+002         4.3437418463E+002         9.0446556194E-001         1.1388393973E+000         
2019-04-24                04:11:30.069              112.84132024              2708.191686               113.84132024              1556079090.069            0                         963                       1.0000000000E+000         0.0000000000E+000         0.0000000000E+000         1.7858785946E+001         1.8066437318E+001         4.2811201091E+002         4.3428537484E+002         9.0446556194E-001         1.1388393973E+000         
2019-04-24                04:12:18.345              112.84187899              2708.205096               113.84187899              1556079138.345            0                         963                       1.0000000000E+000         0.0000000000E+000         0.0000000000E+000         1.7858785946E+001         1.8066437318E+001         4.2802590071E+002         4.3419635167E+002         9.0446556194E-001         1.1388393973E+000         
2019-04-24                04:13:07.673              112.84244992              2708.218798               113.84244992              1556079187.673            0                         963                       1.0000000000E+000         0.0000000000E+000         0.0000000000E+000         1.7858785946E+001         1.8066437318E+001         4.2793426586E+002         4.3410901767E+002         9.0446556194E-001         1.1388393973E+000         
2019-04-24                04:13:12.092              112.84250108              2708.220026               113.84250108              1556079192.093            0                         963                       3.0000000000E+000         0.0000000000E+000         0.0000000000E+000         1.7858785946E+001         1.8064710131E+001         4.2793426586E+002         4.3396547588E+002         8.8958048653E-001         1.1205988497E+000         
2019-04-24                04:13:21.303              112.84260769              2708.222584               113.84260769              1556079201.304            0                         963                       2.0000000000E+000         0.0000000000E+000         0.0000000000E+000         1.8007854591E+001         1.8064710131E+001         4.2793426586E+002         4.3396547588E+002         8.8958048653E-001         1.1205988497E+000         
2019-04-24                04:13:42.236              112.84284997              2708.228399               113.84284997              1556079222.237            0                         963                       1.0000000000E+000         0.0000000000E+000         0.0000000000E+000         1.8007854591E+001         1.8064710131E+001         4.2785174488E+002         4.3396547588E+002         8.8958048653E-001         1.1205988497E+000         
2019-04-24                04:14:30.513              112.84340873              2708.241809               113.84340873              1556079270.514            0                         963                       1.0000000000E+000         0.0000000000E+000         0.0000000000E+000         1.8007854591E+001         1.8213757102E+001         4.2775064473E+002         4.3383122835E+002         8.8958048653E-001         1.1205988497E+000         
2019-04-24                04:15:18.894              112.84396869              2708.255249               113.84396869              1556079318.895            0                         963                       1.0000000000E+000         0.0000000000E+000         0.0000000000E+000         1.8007854591E+001         1.8213757102E+001         4.2761648544E+002         4.3372871527E+002         8.8958048653E-001         1.1205988497E+000         
2019-04-24                04:16:08.290              112.84454041              2708.268970               113.84454041              1556079368.291            0                         963                       1.0000000000E+000         0.0000000000E+000         0.0000000000E+000         1.8007854591E+001         1.8213757102E+001         4.2749222604E+002         4.3359268102E+002         8.8958048653E-001         1.1205988497E+000         
2019-04-24                04:16:57.698              112.84511226              2708.282694               113.84511226              1556079417.699            0                         963                       1.0000000000E+000         0.0000000000E+000         0.0000000000E+000         1.8007854591E+001         1.8213757102E+001         4.2737851032E+002         4.3346668503E+002         8.8958048653E-001         1.1205988497E+000         
2019-04-24                04:17:47.010              112.84568300              2708.296392               113.84568300              1556079467.011            0                         963                       1.0000000000E+000         0.0000000000E+000         0.0000000000E+000         1.8007854591E+001         1.8213757102E+001         4.2727969095E+002         4.3335138006E+002         8.8958048653E-001         1.1205988497E+000         
2019-04-24                04:18:35.289              112.84624177              2708.309803               113.84624177              1556079515.289            0                         963                       1.0000000000E+000         0.0000000000E+000         0.0000000000E+000         1.8007854591E+001         1.8213757102E+001         4.2720524118E+002         4.3325117963E+002         8.8958048653E-001         1.1205988497E+000         
2019-04-24                04:18:56.927              112.84649222              2708.315813               113.84649222              1556079536.928            0                         963                       2.0000000000E+000         0.0000000000E+000         0.0000000000E+000         1.7948512021E+001         1.8213757102E+001         4.2720524118E+002         4.3317568938E+002         8.8958048653E-001         1.1205988497E+000         
2019-04-24                04:19:17.733              112.84673302              2708.321593               113.84673302              1556079557.733            0                         963                       1.0000000000E+000         0.0000000000E+000         0.0000000000E+000         1.7948512021E+001         1.8213757102E+001         4.2711496341E+002         4.3317568938E+002         8.8958048653E-001         1.1205988497E+000         
2019-04-24                04:20:08.112              112.84731612              2708.335587               113.84731612              1556079608.113            0                         963                       1.0000000000E+000         0.0000000000E+000         0.0000000000E+000         1.7948512021E+001         1.8153736008E+001         4.2704683509E+002         4.3308414993E+002         8.8958048653E-001         1.1205988497E+000         
2019-04-24                04:20:55.404              112.84786348              2708.348724               113.84786348              1556079655.405            0                         963                       1.0000000000E+000         0.0000000000E+000         0.0000000000E+000         1.7948512021E+001         1.8153736008E+001         4.2695341627E+002         4.3301506947E+002         8.8958048653E-001         1.1205988497E+000         
2019-04-24                04:21:43.698              112.84842244              2708.362139               113.84842244              1556079703.699            0                         963                       1.0000000000E+000         0.0000000000E+000         0.0000000000E+000         1.7948512021E+001         1.8153736008E+001         4.2687162631E+002         4.3292034507E+002         8.8958048653E-001         1.1205988497E+000         
2019-04-24                04:22:32.086              112.84898249              2708.375580               113.84898249              1556079752.087            0                         963                       1.0000000000E+000         0.0000000000E+000         0.0000000000E+000         1.7948512021E+001         1.8153736008E+001         4.2679375344E+002         4.3283741205E+002         8.8958048653E-001         1.1205988497E+000         
2019-04-24                04:22:39.601              112.84906947              2708.377667               113.84906947              1556079759.602            0                         963                       3.0000000000E+000         0.0000000000E+000         0.0000000000E+000         1.7948512021E+001         1.8153193845E+001         4.2679375344E+002         4.3274268782E+002         8.8492936767E-001         1.1148959894E+000         
2019-04-24                04:22:51.272              112.84920454              2708.380909               113.84920454              1556079771.272            0                         963                       2.0000000000E+000         0.0000000000E+000         0.0000000000E+000         1.8029666932E+001         1.8153193845E+001         4.2679375344E+002         4.3274268782E+002         8.8492936767E-001         1.1148959894E+000         
2019-04-24                04:23:11.607              112.84943990              2708.386558               113.84943990              1556079791.607            0                         963                       1.0000000000E+000         0.0000000000E+000         0.0000000000E+000         1.8029666932E+001         1.8153193845E+001         4.2670672035E+002         4.3274268782E+002         8.8492936767E-001         1.1148959894E+000         
2019-04-24                04:23:59.882              112.84999865              2708.399967               113.84999865              1556079839.883            0                         963                       1.0000000000E+000         0.0000000000E+000         0.0000000000E+000         1.8029666932E+001         1.8234729722E+001         4.2661556122E+002         4.3263868483E+002         8.8492936767E-001         1.1148959894E+000         
2019-04-24                04:24:03.517              112.85004072              2708.400977               113.85004072              1556079843.518            0                         963                       3.0000000000E+000         0.0000000000E+000         0.0000000000E+000         1.8029666932E+001         1.8234947511E+001         4.2661556122E+002         4.3255255935E+002         8.8678964302E-001         1.1171771089E+000         
2019-04-24                04:24:14.510              112.85016795              2708.404031               113.85016795              1556079854.511            0                         963                       2.0000000000E+000         0.0000000000E+000         0.0000000000E+000         1.7966841151E+001         1.8234947511E+001         4.2661556122E+002         4.3255255935E+002         8.8678964302E-001         1.1171771089E+000         
2019-04-24                04:24:34.609              112.85040058              2708.409614               113.85040058              1556079874.610            0                         963                       1.0000000000E+000         0.0000000000E+000         0.0000000000E+000         1.7966841151E+001         1.8234947511E+001         4.2657721887E+002         4.3255255935E+002         8.8678964302E-001         1.1171771089E+000         
2019-04-24                04:25:25.849              112.85099363              2708.423847               113.85099363              1556079925.850            0                         963                       1.0000000000E+000         0.0000000000E+000         0.0000000000E+000         1.7966841151E+001         1.8171623461E+001         4.2651623616E+002         4.3251998426E+002         8.8678964302E-001         1.1171771089E+000         
2019-04-24                04:26:15.177              112.85156455              2708.437549               113.85156455              1556079975.177            0                         963                       1.0000000000E+000         0.0000000000E+000         0.0000000000E+000         1.7966841151E+001         1.8171623461E+001         4.2647332651E+002         4.3245815199E+002         8.8678964302E-001         1.1171771089E+000         
2019-04-24                04:27:04.433              112.85213464              2708.451231               113.85213464              1556080024.433            0                         963                       1.0000000000E+000         0.0000000000E+000         0.0000000000E+000         1.7966841151E+001         1.8171623461E+001         4.2641740489E+002         4.3241464455E+002         8.8678964302E-001         1.1171771089E+000         
2019-04-24                04:27:52.750              112.85269388              2708.464653               113.85269388              1556080072.751            0                         963                       1.0000000000E+000         0.0000000000E+000         0.0000000000E+000         1.7966841151E+001         1.8171623461E+001         4.2636273638E+002         4.3235794387E+002         8.8678964302E-001         1.1171771089E+000         
2019-04-24                04:28:43.134              112.85327703              2708.478649               113.85327703              1556080123.135            0                         963                       1.0000000000E+000         0.0000000000E+000         0.0000000000E+000         1.7966841151E+001         1.8171623461E+001         4.2631719860E+002         4.3230251376E+002         8.8678964302E-001         1.1171771089E+000         
2019-04-24                04:29:32.374              112.85384692              2708.492326               113.85384692              1556080172.374            0                         963                       1.0000000000E+000         0.0000000000E+000         0.0000000000E+000         1.7966841151E+001         1.8171623461E+001         4.2627792331E+002         4.3225634158E+002         8.8678964302E-001         1.1171771089E+000         
2019-04-24                04:30:21.674              112.85441752              2708.506021               113.85441752              1556080221.674            0                         963                       1.0000000000E+000         0.0000000000E+000         0.0000000000E+000         1.7966841151E+001         1.8171623461E+001         4.2625053741E+002         4.3221651914E+002         8.8678964302E-001         1.1171771089E+000         
2019-04-24                04:31:09.941              112.85497618              2708.519428               113.85497618              1556080269.942            0                         963                       1.0000000000E+000         0.0000000000E+000         0.0000000000E+000         1.7966841151E+001         1.8171623461E+001         4.2625030403E+002         4.3218875172E+002         8.8678964302E-001         1.1171771089E+000         
2019-04-24                04:31:59.338              112.85554791              2708.533150               113.85554791              1556080319.339            0                         963                       1.0000000000E+000         0.0000000000E+000         0.0000000000E+000         1.7966841151E+001         1.8171623461E+001         4.2627015824E+002         4.3218851509E+002         8.8678964302E-001         1.1171771089E+000         
2019-04-24                04:32:50.612              112.85614135              2708.547392               113.85614135              1556080370.613            0                         963                       1.0000000000E+000         0.0000000000E+000         0.0000000000E+000         1.7966841151E+001         1.8171623461E+001         4.2627161412E+002         4.3220864589E+002         8.8678964302E-001         1.1171771089E+000         
2019-04-24                04:33:38.947              112.85670078              2708.560819               113.85670078              1556080418.947            0                         963                       1.0000000000E+000         0.0000000000E+000         0.0000000000E+000         1.7966841151E+001         1.8171623461E+001         4.2626461972E+002         4.3221012205E+002         8.8678964302E-001         1.1171771089E+000         
2019-04-24                04:34:28.214              112.85727101              2708.574504               113.85727101              1556080468.215            0                         963                       1.0000000000E+000         0.0000000000E+000         0.0000000000E+000         1.7966841151E+001         1.8171623461E+001         4.2625792168E+002         4.3220303021E+002         8.8678964302E-001         1.1171771089E+000         
2019-04-24                04:35:16.493              112.85782979              2708.587915               113.85782979              1556080516.494            0                         963                       1.0000000000E+000         0.0000000000E+000         0.0000000000E+000         1.7966841151E+001         1.8171623461E+001         4.2626492258E+002         4.3219623886E+002         8.8678964302E-001         1.1171771089E+000         
2019-04-24                04:35:42.740              112.85813358              2708.595206               113.85813358              1556080542.741            0                         963                       2.0000000000E+000         0.0000000000E+000         0.0000000000E+000         1.7618643120E+001         1.8171623461E+001         4.2626492258E+002         4.3220333729E+002         8.8678964302E-001         1.1171771089E+000         
2019-04-24                04:36:02.869              112.85836655              2708.600797               113.85836655              1556080562.870            0                         963                       1.0000000000E+000         0.0000000000E+000         0.0000000000E+000         1.7618643120E+001         1.8171623461E+001         4.2625999766E+002         4.3220333729E+002         8.8678964302E-001         1.1171771089E+000         
2019-04-24                04:36:50.203              112.85891439              2708.613945               113.85891439              1556080610.203            0                         963                       1.0000000000E+000         0.0000000000E+000         0.0000000000E+000         1.7618643120E+001         1.7819456742E+001         4.2625816806E+002         4.3219834375E+002         8.8678964302E-001         1.1171771089E+000         
2019-04-24                04:37:39.461              112.85948451              2708.627628               113.85948451              1556080659.462            0                         963                       1.0000000000E+000         0.0000000000E+000         0.0000000000E+000         1.7618643120E+001         1.7819456742E+001         4.2624238033E+002         4.3219648867E+002         8.8678964302E-001         1.1171771089E+000         
2019-04-24                04:38:29.727              112.86006630              2708.641591               113.86006630              1556080709.728            0                         963                       1.0000000000E+000         0.0000000000E+000         0.0000000000E+000         1.7618643120E+001         1.7819456742E+001         4.2623221049E+002         4.3218048099E+002         8.8678964302E-001         1.1171771089E+000         
2019-04-24                04:39:19.012              112.86063671              2708.655281               113.86063671              1556080759.012            0                         963                       1.0000000000E+000         0.0000000000E+000         0.0000000000E+000         1.7618643120E+001         1.7819456742E+001         4.2623672554E+002         4.3217016948E+002         8.8678964302E-001         1.1171771089E+000         
2019-04-24                04:40:08.272              112.86120685              2708.668964               113.86120685              1556080808.272            0                         963                       1.0000000000E+000         0.0000000000E+000         0.0000000000E+000         1.7618643120E+001         1.7819456742E+001         4.2623324761E+002         4.3217474743E+002         8.8678964302E-001         1.1171771089E+000         
2019-04-24                04:40:56.565              112.86176581              2708.682379               113.86176581              1556080856.566            0                         963                       1.0000000000E+000         0.0000000000E+000         0.0000000000E+000         1.7618643120E+001         1.7819456742E+001         4.2619606315E+002         4.3217122105E+002         8.8678964302E-001         1.1171771089E+000         
2019-04-24                04:41:45.900              112.86233681              2708.696083               113.86233681              1556080905.900            0                         963                       1.0000000000E+000         0.0000000000E+000         0.0000000000E+000         1.7618643120E+001         1.7819456742E+001         4.2616556242E+002         4.3213351856E+002         8.8678964302E-001         1.1171771089E+000         
2019-04-24                04:42:14.618              112.86266920              2708.704061               113.86266920              1556080934.619            0                         963                       2.0000000000E+000         0.0000000000E+000         0.0000000000E+000         2.7729437568E+002         1.7819456742E+001         4.2616556242E+002         4.3210259292E+002         8.8678964302E-001         1.1171771089E+000         
2019-04-24                04:42:34.390              112.86289803              2708.709553               113.86289803              1556080954.390            0                         963                       1.0000000000E+000         0.0000000000E+000         0.0000000000E+000         2.7729437568E+002         1.7819456742E+001         4.2614555098E+002         4.3210259292E+002         8.8678964302E-001         1.1171771089E+000         
2019-04-24                04:43:22.681              112.86345697              2708.722967               113.86345697              1556081002.682            0                         963                       1.0000000000E+000         0.0000000000E+000         0.0000000000E+000         2.7729437568E+002         2.8045491916E+002         4.2616119119E+002         4.3208230269E+002         8.8678964302E-001         1.1171771089E+000         
2019-04-24                04:44:10.950              112.86401564              2708.736375               113.86401564              1556081050.951            0                         963                       1.0000000000E+000         0.0000000000E+000         0.0000000000E+000         2.7729437568E+002         2.8045491916E+002         4.2616341150E+002         4.3209816079E+002         8.8678964302E-001         1.1171771089E+000         
2019-04-24                04:45:02.286              112.86460980              2708.750635               113.86460980              1556081102.287            0                         963                       1.0000000000E+000         0.0000000000E+000         0.0000000000E+000         2.7729437568E+002         2.8045491916E+002         4.2614116875E+002         4.3210041203E+002         8.8678964302E-001         1.1171771089E+000         
2019-04-24                04:45:27.193              112.86489807              2708.757554               113.86489807              1556081127.193            0                         963                       2.0000000000E+000         0.0000000000E+000         0.0000000000E+000         1.7412442945E+001         2.8045491916E+002         4.2614116875E+002         4.3207785941E+002         8.8678964302E-001         1.1171771089E+000         
2019-04-24                04:45:47.635              112.86513468              2708.763232               113.86513468              1556081147.636            0                         963                       1.0000000000E+000         0.0000000000E+000         0.0000000000E+000         1.7412442945E+001         2.8045491916E+002         4.2609250765E+002         4.3207785941E+002         8.8678964302E-001         1.1171771089E+000         
2019-04-24                04:46:35.923              112.86569355              2708.776645               113.86569355              1556081195.923            0                         963                       1.0000000000E+000         0.0000000000E+000         0.0000000000E+000         1.7412442945E+001         1.7610906340E+001         4.2606823654E+002         4.3202852040E+002         8.8678964302E-001         1.1171771089E+000         
2019-04-24                04:47:25.173              112.86626358              2708.790326               113.86626358              1556081245.173            0                         963                       1.0000000000E+000         0.0000000000E+000         0.0000000000E+000         1.7412442945E+001         1.7610906340E+001         4.2606508556E+002         4.3200391116E+002         8.8678964302E-001         1.1171771089E+000         
2019-04-24                04:48:15.538              112.86684650              2708.804316               113.86684650              1556081295.538            0                         963                       1.0000000000E+000         0.0000000000E+000         0.0000000000E+000         1.7412442945E+001         1.7610906340E+001         4.2603550185E+002         4.3200071628E+002         8.8678964302E-001         1.1171771089E+000         
2019-04-24                04:49:05.961              112.86743012              2708.818323               113.86743012              1556081345.962            0                         963                       1.0000000000E+000         0.0000000000E+000         0.0000000000E+000         1.7412442945E+001         1.7610906340E+001         4.2597020321E+002         4.3197072044E+002         8.8678964302E-001         1.1171771089E+000         
