DATE                      TIME                      FRAC_DAYS_SINCE_JAN1      FRAC_HRS_SINCE_JAN1       JULIAN_DAYS               EPOCH_TIME                ALARM_STATUS              INST_STATUS               species                   MPVPosition               solenoid_valves           CH4                       CH4_dry                   CO2                       CO2_dry                   H2O                       h2o_reported              
2019-04-24                07:53:21.076              112.99538284              2711.889188               113.99538284              1556092401.077            0                         963                       1.0000000000E+000         0.0000000000E+000         0.0000000000E+000         2.2231416164E+000         2.2471279957E+000         4.2226627623E+002         4.2784136157E+002         8.3991996410E-001         1.0596282257E+000         
2019-04-24                07:54:09.390              112.99594201              2711.902608               113.99594201              1556092449.390            0                         963                       1.0000000000E+000         0.0000000000E+000         0.0000000000E+000         2.2231416164E+000         2.2471279957E+000         4.2226898509E+002         4.2783488033E+002         8.3991996410E-001         1.0596282257E+000         
2019-04-24                07:54:58.628              112.99651191              2711.916286               113.99651191              1556092498.629            0                         963                       1.0000000000E+000         0.0000000000E+000         0.0000000000E+000         2.2231416164E+000         2.2471279957E+000         4.2225522296E+002         4.2783762491E+002         8.3991996410E-001         1.0596282257E+000         
2019-04-24                07:55:48.858              112.99709326              2711.930238               113.99709326              1556092548.858            0                         963                       1.0000000000E+000         0.0000000000E+000         0.0000000000E+000         2.2231416164E+000         2.2471279957E+000         4.2221789260E+002         4.2782368129E+002         8.3991996410E-001         1.0596282257E+000         
2019-04-24                07:56:38.180              112.99766412              2711.943939               113.99766412              1556092598.180            0                         963                       1.0000000000E+000         0.0000000000E+000         0.0000000000E+000         2.2231416164E+000         2.2471279957E+000         4.2216604716E+002         4.2778585864E+002         8.3991996410E-001         1.0596282257E+000         
2019-04-24                07:57:27.436              112.99823421              2711.957621               113.99823421              1556092647.436            0                         963                       1.0000000000E+000         0.0000000000E+000         0.0000000000E+000         2.2231416164E+000         2.2471279957E+000         4.2209368619E+002         4.2773332949E+002         8.3991996410E-001         1.0596282257E+000         
2019-04-24                07:58:15.776              112.99879372              2711.971049               113.99879372              1556092695.777            0                         963                       1.0000000000E+000         0.0000000000E+000         0.0000000000E+000         2.2231416164E+000         2.2471279957E+000         4.2201746845E+002         4.2766001426E+002         8.3991996410E-001         1.0596282257E+000         
2019-04-24                07:59:04.091              112.99935291              2711.984470               113.99935291              1556092744.091            0                         963                       1.0000000000E+000         0.0000000000E+000         0.0000000000E+000         2.2231416164E+000         2.2471279957E+000         4.2200690218E+002         4.2758279141E+002         8.3991996410E-001         1.0596282257E+000         
2019-04-24                07:59:52.342              112.99991137              2711.997873               113.99991137              1556092792.342            0                         963                       1.0000000000E+000         0.0000000000E+000         0.0000000000E+000         2.2231416164E+000         2.2471279957E+000         4.2201052007E+002         4.2757208580E+002         8.3991996410E-001         1.0596282257E+000         
2019-04-24                08:00:41.602              113.00048152              2712.011556               114.00048152              1556092841.603            0                         963                       1.0000000000E+000         0.0000000000E+000         0.0000000000E+000         2.2231416164E+000         2.2471279957E+000         4.2201645354E+002         4.2757575140E+002         8.3991996410E-001         1.0596282257E+000         
2019-04-24                08:01:30.875              113.00105179              2712.025243               114.00105179              1556092890.875            0                         963                       1.0000000000E+000         0.0000000000E+000         0.0000000000E+000         2.2231416164E+000         2.2471279957E+000         4.2203488513E+002         4.2758176311E+002         8.3991996410E-001         1.0596282257E+000         
2019-04-24                08:01:35.361              113.00110372              2712.026489               114.00110372              1556092895.361            0                         963                       3.0000000000E+000         0.0000000000E+000         0.0000000000E+000         2.2231416164E+000         2.2470978220E+000         4.2203488513E+002         4.2759343438E+002         8.3782759689E-001         1.0570554127E+000         
2019-04-24                08:02:07.549              113.00147627              2712.035431               114.00147627              1556092927.550            0                         963                       1.0000000000E+000         0.0000000000E+000         0.0000000000E+000         2.2231416164E+000         2.2470978220E+000         4.2205008629E+002         4.2759343438E+002         8.3782759689E-001         1.0570554127E+000         
2019-04-24                08:02:33.433              113.00177584              2712.042620               114.00177584              1556092953.433            0                         963                       2.0000000000E+000         0.0000000000E+000         0.0000000000E+000         1.7061327475E+001         2.2470676510E+000         4.2205008629E+002         4.2760183273E+002         8.3782759689E-001         1.0570554127E+000         
2019-04-24                08:02:53.881              113.00201252              2712.048301               114.00201252              1556092973.882            0                         963                       1.0000000000E+000         0.0000000000E+000         0.0000000000E+000         1.7061327475E+001         2.2470676510E+000         4.2210645339E+002         4.2760183273E+002         8.3782759689E-001         1.0570554127E+000         
2019-04-24                08:03:42.221              113.00257201              2712.061728               114.00257201              1556093022.222            0                         963                       1.0000000000E+000         0.0000000000E+000         0.0000000000E+000         1.7061327475E+001         1.7244945967E+001         4.2213090571E+002         4.2765894130E+002         8.3782759689E-001         1.0570554127E+000         
2019-04-24                08:04:30.526              113.00313109              2712.075146               114.00313109              1556093070.526            0                         963                       1.0000000000E+000         0.0000000000E+000         0.0000000000E+000         1.7061327475E+001         1.7244945967E+001         4.2213954694E+002         4.2768371527E+002         8.3782759689E-001         1.0570554127E+000         
2019-04-24                08:05:20.907              113.00371421              2712.089141               114.00371421              1556093120.908            0                         963                       1.0000000000E+000         0.0000000000E+000         0.0000000000E+000         1.7061327475E+001         1.7244945967E+001         4.2211677776E+002         4.2769247017E+002         8.3782759689E-001         1.0570554127E+000         
2019-04-24                08:06:10.331              113.00428624              2712.102870               114.00428624              1556093170.331            0                         963                       1.0000000000E+000         0.0000000000E+000         0.0000000000E+000         1.7061327475E+001         1.7244945967E+001         4.2214464032E+002         4.2766940147E+002         8.3782759689E-001         1.0570554127E+000         
2019-04-24                08:06:59.566              113.00485610              2712.116546               114.00485610              1556093219.567            0                         963                       1.0000000000E+000         0.0000000000E+000         0.0000000000E+000         1.7061327475E+001         1.7244945967E+001         4.2216901721E+002         4.2769763055E+002         8.3782759689E-001         1.0570554127E+000         
2019-04-24                08:07:48.812              113.00542606              2712.130226               114.00542606              1556093268.812            0                         963                       1.0000000000E+000         0.0000000000E+000         0.0000000000E+000         1.7061327475E+001         1.7244945967E+001         4.2213070737E+002         4.2772232810E+002         8.3782759689E-001         1.0570554127E+000         
2019-04-24                08:08:39.042              113.00600743              2712.144178               114.00600743              1556093319.042            0                         963                       1.0000000000E+000         0.0000000000E+000         0.0000000000E+000         1.7061327475E+001         1.7244945967E+001         4.2205452726E+002         4.2768351432E+002         8.3782759689E-001         1.0570554127E+000         
2019-04-24                08:09:29.266              113.00658873              2712.158129               114.00658873              1556093369.266            0                         963                       1.0000000000E+000         0.0000000000E+000         0.0000000000E+000         1.7061327475E+001         1.7244945967E+001         4.2195515091E+002         4.2760633212E+002         8.3782759689E-001         1.0570554127E+000         
2019-04-24                08:10:17.543              113.00714750              2712.171540               114.00714750              1556093417.544            0                         963                       1.0000000000E+000         0.0000000000E+000         0.0000000000E+000         1.7061327475E+001         1.7244945967E+001         4.2187095828E+002         4.2750564855E+002         8.3782759689E-001         1.0570554127E+000         
2019-04-24                08:11:06.826              113.00771791              2712.185230               114.00771791              1556093466.827            0                         963                       1.0000000000E+000         0.0000000000E+000         0.0000000000E+000         1.7061327475E+001         1.7244945967E+001         4.2181607118E+002         4.2742034843E+002         8.3782759689E-001         1.0570554127E+000         
2019-04-24                08:11:57.122              113.00830003              2712.199201               114.00830003              1556093517.123            0                         963                       1.0000000000E+000         0.0000000000E+000         0.0000000000E+000         1.7061327475E+001         1.7244945967E+001         4.2175327785E+002         4.2736473933E+002         8.3782759689E-001         1.0570554127E+000         
2019-04-24                08:12:22.984              113.00859936              2712.206385               114.00859936              1556093542.985            0                         963                       2.0000000000E+000         0.0000000000E+000         0.0000000000E+000         1.7361454638E+001         1.7244945967E+001         4.2175327785E+002         4.2730112001E+002         8.3782759689E-001         1.0570554127E+000         
2019-04-24                08:12:43.423              113.00883591              2712.212062               114.00883591              1556093563.423            0                         963                       1.0000000000E+000         0.0000000000E+000         0.0000000000E+000         1.7361454638E+001         1.7244945967E+001         4.2167832289E+002         4.2730112001E+002         8.3782759689E-001         1.0570554127E+000         
2019-04-24                08:13:31.680              113.00939446              2712.225467               114.00939446              1556093611.681            0                         963                       1.0000000000E+000         0.0000000000E+000         0.0000000000E+000         1.7361454638E+001         1.7548303177E+001         4.2163084086E+002         4.2722517907E+002         8.3782759689E-001         1.0570554127E+000         
2019-04-24                08:14:18.940              113.00994145              2712.238595               114.00994145              1556093658.941            0                         963                       1.0000000000E+000         0.0000000000E+000         0.0000000000E+000         1.7361454638E+001         1.7548303177E+001         4.2158658888E+002         4.2717707245E+002         8.3782759689E-001         1.0570554127E+000         
2019-04-24                08:15:09.325              113.01052459              2712.252590               114.01052459              1556093709.325            0                         963                       1.0000000000E+000         0.0000000000E+000         0.0000000000E+000         1.7361454638E+001         1.7548303177E+001         4.2152807487E+002         4.2713223836E+002         8.3782759689E-001         1.0570554127E+000         
2019-04-24                08:15:58.638              113.01109536              2712.266289               114.01109536              1556093758.639            0                         963                       1.0000000000E+000         0.0000000000E+000         0.0000000000E+000         1.7361454638E+001         1.7548303177E+001         4.2143986195E+002         4.2707295465E+002         8.3782759689E-001         1.0570554127E+000         
2019-04-24                08:16:46.933              113.01165432              2712.279704               114.01165432              1556093806.933            0                         963                       1.0000000000E+000         0.0000000000E+000         0.0000000000E+000         1.7361454638E+001         1.7548303177E+001         4.2135475872E+002         4.2698358136E+002         8.3782759689E-001         1.0570554127E+000         
2019-04-24                08:17:36.184              113.01222436              2712.293385               114.01222436              1556093856.185            0                         963                       1.0000000000E+000         0.0000000000E+000         0.0000000000E+000         1.7361454638E+001         1.7548303177E+001         4.2131136001E+002         4.2689735866E+002         8.3782759689E-001         1.0570554127E+000         
2019-04-24                08:18:26.490              113.01280661              2712.307359               114.01280661              1556093906.491            0                         963                       1.0000000000E+000         0.0000000000E+000         0.0000000000E+000         1.7361454638E+001         1.7548303177E+001         4.2126463034E+002         4.2685338907E+002         8.3782759689E-001         1.0570554127E+000         
2019-04-24                08:19:13.910              113.01335544              2712.320531               114.01335544              1556093953.910            0                         963                       1.0000000000E+000         0.0000000000E+000         0.0000000000E+000         1.7361454638E+001         1.7548303177E+001         4.2123378653E+002         4.2680604471E+002         8.3782759689E-001         1.0570554127E+000         
2019-04-24                08:20:02.187              113.01391421              2712.333941               114.01391421              1556094002.188            0                         963                       1.0000000000E+000         0.0000000000E+000         0.0000000000E+000         1.7361454638E+001         1.7548303177E+001         4.2122012972E+002         4.2677479517E+002         8.3782759689E-001         1.0570554127E+000         
2019-04-24                08:20:50.463              113.01447296              2712.347351               114.01447296              1556094050.464            0                         963                       1.0000000000E+000         0.0000000000E+000         0.0000000000E+000         1.7361454638E+001         1.7548303177E+001         4.2118559591E+002         4.2676095872E+002         8.3782759689E-001         1.0570554127E+000         
2019-04-24                08:21:38.762              113.01503197              2712.360767               114.01503197              1556094098.762            0                         963                       1.0000000000E+000         0.0000000000E+000         0.0000000000E+000         1.7361454638E+001         1.7548303177E+001         4.2116973619E+002         4.2672597064E+002         8.3782759689E-001         1.0570554127E+000         
2019-04-24                08:22:05.979              113.01534698              2712.368328               114.01534698              1556094125.979            0                         963                       2.0000000000E+000         0.0000000000E+000         0.0000000000E+000         1.7520164330E+001         1.7548303177E+001         4.2116973619E+002         4.2670990230E+002         8.3782759689E-001         1.0570554127E+000         
2019-04-24                08:22:26.117              113.01558006              2712.373921               114.01558006              1556094146.117            0                         963                       1.0000000000E+000         0.0000000000E+000         0.0000000000E+000         1.7520164330E+001         1.7548303177E+001         4.2113914006E+002         4.2670990230E+002         8.3782759689E-001         1.0570554127E+000         
2019-04-24                08:23:15.384              113.01615028              2712.387607               114.01615028              1556094195.384            0                         963                       1.0000000000E+000         0.0000000000E+000         0.0000000000E+000         1.7520164330E+001         1.7708720944E+001         4.2111740166E+002         4.2667890370E+002         8.3782759689E-001         1.0570554127E+000         
2019-04-24                08:24:03.684              113.01670931              2712.401023               114.01670931              1556094243.684            0                         963                       1.0000000000E+000         0.0000000000E+000         0.0000000000E+000         1.7520164330E+001         1.7708720944E+001         4.2110490923E+002         4.2665687935E+002         8.3782759689E-001         1.0570554127E+000         
2019-04-24                08:24:24.648              113.01695196              2712.406847               114.01695196              1556094264.649            0                         963                       2.0000000000E+000         0.0000000000E+000         0.0000000000E+000         1.7375055155E+001         1.7708720944E+001         4.2110490923E+002         4.2664422259E+002         8.3782759689E-001         1.0570554127E+000         
2019-04-24                08:24:45.151              113.01718925              2712.412542               114.01718925              1556094285.151            0                         963                       1.0000000000E+000         0.0000000000E+000         0.0000000000E+000         1.7375055155E+001         1.7708720944E+001         4.2110876741E+002         4.2664422259E+002         8.3782759689E-001         1.0570554127E+000         
2019-04-24                08:25:35.526              113.01777230              2712.426535               114.01777230              1556094335.527            0                         963                       1.0000000000E+000         0.0000000000E+000         0.0000000000E+000         1.7375055155E+001         1.7562050067E+001         4.2112042102E+002         4.2664813152E+002         8.3782759689E-001         1.0570554127E+000         
2019-04-24                08:26:24.806              113.01834267              2712.440224               114.01834267              1556094384.807            0                         963                       1.0000000000E+000         0.0000000000E+000         0.0000000000E+000         1.7375055155E+001         1.7562050067E+001         4.2114955742E+002         4.2665993843E+002         8.3782759689E-001         1.0570554127E+000         
2019-04-24                08:27:13.101              113.01890164              2712.453639               114.01890164              1556094433.102            0                         963                       1.0000000000E+000         0.0000000000E+000         0.0000000000E+000         1.7375055155E+001         1.7562050067E+001         4.2116598041E+002         4.2668945810E+002         8.3782759689E-001         1.0570554127E+000         
2019-04-24                08:28:02.506              113.01947346              2712.467363               114.01947346              1556094482.507            0                         963                       1.0000000000E+000         0.0000000000E+000         0.0000000000E+000         1.7375055155E+001         1.7562050067E+001         4.2111925262E+002         4.2670609712E+002         8.3782759689E-001         1.0570554127E+000         
2019-04-24                08:28:31.200              113.01980556              2712.475333               114.01980556              1556094511.200            0                         963                       2.0000000000E+000         0.0000000000E+000         0.0000000000E+000         1.6364263946E+001         1.7562050067E+001         4.2111925262E+002         4.2665875465E+002         8.3782759689E-001         1.0570554127E+000         
2019-04-24                08:28:50.941              113.02003405              2712.480817               114.02003405              1556094530.942            0                         963                       1.0000000000E+000         0.0000000000E+000         0.0000000000E+000         1.6364263946E+001         1.7562050067E+001         4.2105096568E+002         4.2665875465E+002         8.3782759689E-001         1.0570554127E+000         
2019-04-24                08:29:40.239              113.02060462              2712.494511               114.02060462              1556094580.239            0                         963                       1.0000000000E+000         0.0000000000E+000         0.0000000000E+000         1.6364263946E+001         1.6540380457E+001         4.2102056014E+002         4.2658956945E+002         8.3782759689E-001         1.0570554127E+000         
2019-04-24                08:30:28.533              113.02116359              2712.507926               114.02116359              1556094628.534            0                         963                       1.0000000000E+000         0.0000000000E+000         0.0000000000E+000         1.6364263946E+001         1.6540380457E+001         4.2096900768E+002         4.2655876395E+002         8.3782759689E-001         1.0570554127E+000         
2019-04-24                08:31:17.796              113.02173375              2712.521610               114.02173375              1556094677.796            0                         963                       1.0000000000E+000         0.0000000000E+000         0.0000000000E+000         1.6364263946E+001         1.6540380457E+001         4.2090625198E+002         4.2650653336E+002         8.3782759689E-001         1.0570554127E+000         
2019-04-24                08:32:06.111              113.02229296              2712.535031               114.02229296              1556094726.112            0                         963                       1.0000000000E+000         0.0000000000E+000         0.0000000000E+000         1.6364263946E+001         1.6540380457E+001         4.2083956660E+002         4.2644295215E+002         8.3782759689E-001         1.0570554127E+000         
2019-04-24                08:32:54.411              113.02285198              2712.548448               114.02285198              1556094774.411            0                         963                       1.0000000000E+000         0.0000000000E+000         0.0000000000E+000         1.6364263946E+001         1.6540380457E+001         4.2077602573E+002         4.2637538958E+002         8.3782759689E-001         1.0570554127E+000         
2019-04-24                08:33:42.686              113.02341072              2712.561857               114.02341072              1556094822.686            0                         963                       1.0000000000E+000         0.0000000000E+000         0.0000000000E+000         1.6364263946E+001         1.6540380457E+001         4.2070128539E+002         4.2631101288E+002         8.3782759689E-001         1.0570554127E+000         
2019-04-24                08:34:32.921              113.02399214              2712.575811               114.02399214              1556094872.921            0                         963                       1.0000000000E+000         0.0000000000E+000         0.0000000000E+000         1.6364263946E+001         1.6540380457E+001         4.2057692440E+002         4.2623528938E+002         8.3782759689E-001         1.0570554127E+000         
2019-04-24                08:35:00.095              113.02430667              2712.583360               114.02430667              1556094900.096            0                         963                       2.0000000000E+000         0.0000000000E+000         0.0000000000E+000         1.7845912166E+001         1.6540380457E+001         4.2057692440E+002         4.2610929252E+002         8.3782759689E-001         1.0570554127E+000         
2019-04-24                08:35:20.233              113.02453975              2712.588954               114.02453975              1556094920.234            0                         963                       1.0000000000E+000         0.0000000000E+000         0.0000000000E+000         1.7845912166E+001         1.6540380457E+001         4.2042544158E+002         4.2610929252E+002         8.3782759689E-001         1.0570554127E+000         
2019-04-24                08:36:08.519              113.02509861              2712.602367               114.02509861              1556094968.520            0                         963                       1.0000000000E+000         0.0000000000E+000         0.0000000000E+000         1.7845912166E+001         1.8037974564E+001         4.2035012271E+002         4.2595581706E+002         8.3782759689E-001         1.0570554127E+000         
2019-04-24                08:36:58.940              113.02568219              2712.616372               114.02568219              1556095018.941            0                         963                       1.0000000000E+000         0.0000000000E+000         0.0000000000E+000         1.7845912166E+001         1.8037974564E+001         4.2029747324E+002         4.2587950743E+002         8.3782759689E-001         1.0570554127E+000         
2019-04-24                08:37:49.368              113.02626583              2712.630380               114.02626583              1556095069.368            0                         963                       1.0000000000E+000         0.0000000000E+000         0.0000000000E+000         1.7845912166E+001         1.8037974564E+001         4.2024025445E+002         4.2582616540E+002         8.3782759689E-001         1.0570554127E+000         
2019-04-24                08:38:37.739              113.02682568              2712.643816               114.02682568              1556095117.739            0                         963                       1.0000000000E+000         0.0000000000E+000         0.0000000000E+000         1.7845912166E+001         1.8037974564E+001         4.2015870738E+002         4.2576819394E+002         8.3782759689E-001         1.0570554127E+000         
2019-04-24                08:39:27.006              113.02739591              2712.657502               114.02739591              1556095167.007            0                         963                       1.0000000000E+000         0.0000000000E+000         0.0000000000E+000         1.7845912166E+001         1.8037974564E+001         4.2008316882E+002         4.2568557417E+002         8.3782759689E-001         1.0570554127E+000         
2019-04-24                08:40:15.323              113.02795514              2712.670923               114.02795514              1556095215.324            0                         963                       1.0000000000E+000         0.0000000000E+000         0.0000000000E+000         1.7845912166E+001         1.8037974564E+001         4.2003302545E+002         4.2560904196E+002         8.3782759689E-001         1.0570554127E+000         
2019-04-24                08:41:03.654              113.02851453              2712.684349               114.02851453              1556095263.655            0                         963                       1.0000000000E+000         0.0000000000E+000         0.0000000000E+000         1.7845912166E+001         1.8037974564E+001         4.1998826154E+002         4.2555823900E+002         8.3782759689E-001         1.0570554127E+000         
2019-04-24                08:41:51.989              113.02907395              2712.697775               114.02907395              1556095311.989            0                         963                       1.0000000000E+000         0.0000000000E+000         0.0000000000E+000         1.7845912166E+001         1.8037974564E+001         4.1994223498E+002         4.2551288625E+002         8.3782759689E-001         1.0570554127E+000         
2019-04-24                08:42:40.259              113.02963263              2712.711183               114.02963263              1556095360.259            0                         963                       1.0000000000E+000         0.0000000000E+000         0.0000000000E+000         1.7845912166E+001         1.8037974564E+001         4.1992100226E+002         4.2546625425E+002         8.3782759689E-001         1.0570554127E+000         
2019-04-24                08:43:28.507              113.03019106              2712.724586               114.03019106              1556095408.508            0                         963                       1.0000000000E+000         0.0000000000E+000         0.0000000000E+000         1.7845912166E+001         1.8037974564E+001         4.1989212173E+002         4.2544474223E+002         8.3782759689E-001         1.0570554127E+000         
2019-04-24                08:43:52.877              113.03047311              2712.731355               114.03047311              1556095432.877            0                         963                       2.0000000000E+000         0.0000000000E+000         0.0000000000E+000         2.1343853193E+000         1.8037974564E+001         4.1989212173E+002         4.2541548180E+002         8.3782759689E-001         1.0570554127E+000         
2019-04-24                08:44:13.844              113.03071579              2712.737179               114.03071579              1556095453.844            0                         963                       1.0000000000E+000         0.0000000000E+000         0.0000000000E+000         2.1343853193E+000         1.8037974564E+001         4.1987153873E+002         4.2541548180E+002         8.3782759689E-001         1.0570554127E+000         
2019-04-24                08:45:04.075              113.03129718              2712.751132               114.03129718              1556095504.076            0                         963                       1.0000000000E+000         0.0000000000E+000         0.0000000000E+000         2.1343853193E+000         2.1573561353E+000         4.1986156239E+002         4.2539462804E+002         8.3782759689E-001         1.0570554127E+000         
2019-04-24                08:45:10.911              113.03137630              2712.753031               114.03137630              1556095510.912            0                         963                       3.0000000000E+000         0.0000000000E+000         0.0000000000E+000         2.1343853193E+000         2.1570725885E+000         4.1986156239E+002         4.2531632523E+002         8.1734994769E-001         1.0318589500E+000         
2019-04-24                08:45:43.476              113.03175319              2712.762077               114.03175319              1556095543.476            0                         963                       1.0000000000E+000         0.0000000000E+000         0.0000000000E+000         2.1343853193E+000         2.1570725885E+000         4.1981848815E+002         4.2531632523E+002         8.1734994769E-001         1.0318589500E+000         
2019-04-24                08:46:05.035              113.03200272              2712.768065               114.03200272              1556095565.035            0                         963                       2.0000000000E+000         0.0000000000E+000         0.0000000000E+000         1.7349121068E+001         2.1567892817E+000         4.1981848815E+002         4.2520456155E+002         8.1734994769E-001         1.0318589500E+000         
2019-04-24                08:46:24.941              113.03223312              2712.773595               114.03223312              1556095584.942            0                         963                       1.0000000000E+000         0.0000000000E+000         0.0000000000E+000         1.7349121068E+001         2.1567892817E+000         4.1980277668E+002         4.2520456155E+002         8.1734994769E-001         1.0318589500E+000         
2019-04-24                08:47:15.322              113.03281624              2712.787590               114.03281624              1556095635.323            0                         963                       1.0000000000E+000         0.0000000000E+000         0.0000000000E+000         1.7349121068E+001         1.7531229262E+001         4.1979180824E+002         4.2518864851E+002         8.1734994769E-001         1.0318589500E+000         
2019-04-24                08:48:04.686              113.03338757              2712.801302               114.03338757              1556095684.686            0                         963                       1.0000000000E+000         0.0000000000E+000         0.0000000000E+000         1.7349121068E+001         1.7531229262E+001         4.1977233895E+002         4.2517753935E+002         8.1734994769E-001         1.0318589500E+000         
2019-04-24                08:48:07.351              113.03341843              2712.802042               114.03341843              1556095687.352            0                         963                       3.0000000000E+000         0.0000000000E+000         0.0000000000E+000         1.7349121068E+001         1.7530999833E+001         4.1977233895E+002         4.2515103335E+002         8.1531018337E-001         1.0293474789E+000         
2019-04-24                08:48:18.476              113.03354718              2712.805132               114.03354718              1556095698.476            0                         963                       2.0000000000E+000         0.0000000000E+000         0.0000000000E+000         1.7269251938E+001         1.7530999833E+001         4.1977233895E+002         4.2515103335E+002         8.1531018337E-001         1.0293474789E+000         
2019-04-24                08:48:38.384              113.03377760              2712.810662               114.03377760              1556095718.385            0                         963                       1.0000000000E+000         0.0000000000E+000         0.0000000000E+000         1.7269251938E+001         1.7530999833E+001         4.1980403892E+002         4.2515103335E+002         8.1531018337E-001         1.0293474789E+000         
2019-04-24                08:49:27.657              113.03434788              2712.824349               114.03434788              1556095767.657            0                         963                       1.0000000000E+000         0.0000000000E+000         0.0000000000E+000         1.7269251938E+001         1.7450065045E+001         4.1979727393E+002         4.2517635264E+002         8.1531018337E-001         1.0293474789E+000         
2019-04-24                08:50:17.951              113.03493000              2712.838320               114.03493000              1556095817.952            0                         963                       1.0000000000E+000         0.0000000000E+000         0.0000000000E+000         1.7269251938E+001         1.7450065045E+001         4.1980063631E+002         4.2516950107E+002         8.1531018337E-001         1.0293474789E+000         
2019-04-24                08:51:08.227              113.03551190              2712.852286               114.03551190              1556095868.228            0                         963                       1.0000000000E+000         0.0000000000E+000         0.0000000000E+000         1.7269251938E+001         1.7450065045E+001         4.1981718518E+002         4.2517290648E+002         8.1531018337E-001         1.0293474789E+000         
2019-04-24                08:51:56.499              113.03607059              2712.865694               114.03607059              1556095916.499            0                         963                       1.0000000000E+000         0.0000000000E+000         0.0000000000E+000         1.7269251938E+001         1.7450065045E+001         4.1983742424E+002         4.2518966713E+002         8.1531018337E-001         1.0293474789E+000         
2019-04-24                08:52:44.766              113.03662924              2712.879102               114.03662924              1556095964.766            0                         963                       1.0000000000E+000         0.0000000000E+000         0.0000000000E+000         1.7269251938E+001         1.7450065045E+001         4.1983212707E+002         4.2521016519E+002         8.1531018337E-001         1.0293474789E+000         
2019-04-24                08:53:34.128              113.03720056              2712.892813               114.03720056              1556096014.128            0                         963                       1.0000000000E+000         0.0000000000E+000         0.0000000000E+000         1.7269251938E+001         1.7450065045E+001         4.1979891509E+002         4.2520480024E+002         8.1531018337E-001         1.0293474789E+000         
