DATE                      TIME                      FRAC_DAYS_SINCE_JAN1      FRAC_HRS_SINCE_JAN1       JULIAN_DAYS               EPOCH_TIME                ALARM_STATUS              INST_STATUS               species                   MPVPosition               solenoid_valves           CH4                       CH4_dry                   CO2                       CO2_dry                   H2O                       h2o_reported              
2019-08-13                02:48:25.539              223.78362894              5370.807094               224.78362894              1565664505.540            0                         963                       1.0000000000E+000         1.6000000000E+001         0.0000000000E+000         4.6572480235E+001         4.7282833344E+001         4.3753939750E+002         4.4626169942E+002         1.1825564564E+000         1.4767443416E+000         
2019-08-13                02:49:14.640              223.78419722              5370.820733               224.78419722              1565664554.640            0                         963                       1.0000000000E+000         1.6000000000E+001         0.0000000000E+000         4.6572480235E+001         4.7282833344E+001         4.3699947906E+002         4.4569747575E+002         1.1825564564E+000         1.4767443416E+000         
2019-08-13                02:50:04.828              223.78477811              5370.834675               224.78477811              1565664604.829            0                         963                       1.0000000000E+000         1.6000000000E+001         0.0000000000E+000         4.6572480235E+001         4.7282833344E+001         4.3645965558E+002         4.4514749034E+002         1.1825564564E+000         1.4767443416E+000         
2019-08-13                02:50:55.025              223.78535909              5370.848618               224.78535909              1565664655.025            0                         963                       1.0000000000E+000         1.6000000000E+001         0.0000000000E+000         4.6572480235E+001         4.7282833344E+001         4.3588336683E+002         4.4459760166E+002         1.1825564564E+000         1.4767443416E+000         
2019-08-13                02:51:44.121              223.78592733              5370.862256               224.78592733              1565664704.121            0                         963                       1.0000000000E+000         1.6000000000E+001         0.0000000000E+000         4.6572480235E+001         4.7282833344E+001         4.3532470707E+002         4.4401056780E+002         1.1825564564E+000         1.4767443416E+000         
2019-08-13                02:52:33.290              223.78649642              5370.875914               224.78649642              1565664753.291            0                         963                       1.0000000000E+000         1.6000000000E+001         0.0000000000E+000         4.6572480235E+001         4.7282833344E+001         4.3482261248E+002         4.4344149163E+002         1.1825564564E+000         1.4767443416E+000         
2019-08-13                02:53:24.496              223.78708907              5370.890138               224.78708907              1565664804.496            0                         963                       1.0000000000E+000         1.6000000000E+001         0.0000000000E+000         4.6572480235E+001         4.7282833344E+001         4.3428710033E+002         4.4293003531E+002         1.1825564564E+000         1.4767443416E+000         
2019-08-13                02:54:14.680              223.78766991              5370.904078               224.78766991              1565664854.680            0                         963                       1.0000000000E+000         1.6000000000E+001         0.0000000000E+000         4.6572480235E+001         4.7282833344E+001         4.3374941839E+002         4.4238453834E+002         1.1825564564E+000         1.4767443416E+000         
2019-08-13                02:55:01.934              223.78821684              5370.917204               224.78821684              1565664901.935            0                         963                       1.0000000000E+000         1.6000000000E+001         0.0000000000E+000         4.6572480235E+001         4.7282833344E+001         4.3326624181E+002         4.4183683113E+002         1.1825564564E+000         1.4767443416E+000         
2019-08-13                02:55:51.063              223.78878546              5370.930851               224.78878546              1565664951.064            0                         963                       1.0000000000E+000         1.6000000000E+001         0.0000000000E+000         4.6572480235E+001         4.7282833344E+001         4.3275600100E+002         4.4134464555E+002         1.1825564564E+000         1.4767443416E+000         
2019-08-13                02:56:40.293              223.78935525              5370.944526               224.78935525              1565665000.294            0                         963                       1.0000000000E+000         1.6000000000E+001         0.0000000000E+000         4.6572480235E+001         4.7282833344E+001         4.3226765914E+002         4.4082489112E+002         1.1825564564E+000         1.4767443416E+000         
2019-08-13                02:57:28.505              223.78991325              5370.957918               224.78991325              1565665048.505            0                         963                       1.0000000000E+000         1.6000000000E+001         0.0000000000E+000         4.6572480235E+001         4.7282833344E+001         4.3179571304E+002         4.4032744395E+002         1.1825564564E+000         1.4767443416E+000         
2019-08-13                02:58:17.737              223.79048308              5370.971594               224.79048308              1565665097.738            0                         963                       1.0000000000E+000         1.6000000000E+001         0.0000000000E+000         4.6572480235E+001         4.7282833344E+001         4.3137282869E+002         4.3984669824E+002         1.1825564564E+000         1.4767443416E+000         
2019-08-13                02:59:06.832              223.79105131              5370.985231               224.79105131              1565665146.833            0                         963                       1.0000000000E+000         1.6000000000E+001         0.0000000000E+000         4.6572480235E+001         4.7282833344E+001         4.3113001380E+002         4.3941592907E+002         1.1825564564E+000         1.4767443416E+000         
2019-08-13                02:59:58.005              223.79164358              5370.999446               224.79164358              1565665198.005            0                         963                       1.0000000000E+000         1.6000000000E+001         0.0000000000E+000         4.6572480235E+001         4.7282833344E+001         4.3096448191E+002         4.3916858680E+002         1.1825564564E+000         1.4767443416E+000         
2019-08-13                03:00:48.237              223.79222498              5371.013399               224.79222498              1565665248.238            0                         963                       1.0000000000E+000         1.6000000000E+001         0.0000000000E+000         4.6572480235E+001         4.7282833344E+001         4.3073497522E+002         4.3899996852E+002         1.1825564564E+000         1.4767443416E+000         
2019-08-13                03:01:37.332              223.79279321              5371.027037               224.79279321              1565665297.333            0                         963                       1.0000000000E+000         1.6000000000E+001         0.0000000000E+000         4.6572480235E+001         4.7282833344E+001         4.3042697020E+002         4.3876618259E+002         1.1825564564E+000         1.4767443416E+000         
2019-08-13                03:02:26.474              223.79336198              5371.040687               224.79336198              1565665346.475            0                         963                       1.0000000000E+000         1.6000000000E+001         0.0000000000E+000         4.6572480235E+001         4.7282833344E+001         4.3006619208E+002         4.3845243471E+002         1.1825564564E+000         1.4767443416E+000         
2019-08-13                03:02:34.104              223.79345028              5371.042807               224.79345028              1565665354.104            0                         963                       3.0000000000E+000         1.6000000000E+001         0.0000000000E+000         4.6572480235E+001         4.7274369121E+001         4.3006619208E+002         4.3798933052E+002         1.1547721444E+000         1.4432256108E+000         
2019-08-13                03:03:08.960              223.79385370              5371.052489               224.79385370              1565665388.960            0                         963                       1.0000000000E+000         1.6000000000E+001         0.0000000000E+000         4.6572480235E+001         4.7274369121E+001         4.2972037987E+002         4.3798933052E+002         1.1547721444E+000         1.4432256108E+000         
2019-08-13                03:03:59.157              223.79443470              5371.066433               224.79443470              1565665439.158            0                         963                       1.0000000000E+000         1.6000000000E+001         0.0000000000E+000         4.6572480235E+001         4.7265914377E+001         4.2935567512E+002         4.3754173363E+002         1.1547721444E+000         1.4432256108E+000         
2019-08-13                03:04:48.322              223.79500373              5371.080089               224.79500373              1565665488.322            0                         963                       1.0000000000E+000         1.6000000000E+001         0.0000000000E+000         4.6572480235E+001         4.7265914377E+001         4.2895528376E+002         4.3717039087E+002         1.1547721444E+000         1.4432256108E+000         
2019-08-13                03:05:36.436              223.79556060              5371.093454               224.79556060              1565665536.436            0                         963                       1.0000000000E+000         1.6000000000E+001         0.0000000000E+000         4.6572480235E+001         4.7265914377E+001         4.2858207995E+002         4.3676271198E+002         1.1547721444E+000         1.4432256108E+000         
2019-08-13                03:06:25.611              223.79612976              5371.107114               224.79612976              1565665585.611            0                         963                       1.0000000000E+000         1.6000000000E+001         0.0000000000E+000         4.6572480235E+001         4.7265914377E+001         4.2815035197E+002         4.3638271547E+002         1.1547721444E+000         1.4432256108E+000         
2019-08-13                03:07:15.798              223.79671063              5371.121055               224.79671063              1565665635.798            0                         963                       1.0000000000E+000         1.6000000000E+001         0.0000000000E+000         4.6572480235E+001         4.7265914377E+001         4.2775663714E+002         4.3594312960E+002         1.1547721444E+000         1.4432256108E+000         
2019-08-13                03:08:04.904              223.79727899              5371.134696               224.79727899              1565665684.905            0                         963                       1.0000000000E+000         1.6000000000E+001         0.0000000000E+000         4.6572480235E+001         4.7265914377E+001         4.2746344332E+002         4.3554224875E+002         1.1547721444E+000         1.4432256108E+000         
2019-08-13                03:08:53.174              223.79783766              5371.148104               224.79783766              1565665733.174            0                         963                       1.0000000000E+000         1.6000000000E+001         0.0000000000E+000         4.6572480235E+001         4.7265914377E+001         4.2718407938E+002         4.3524371851E+002         1.1547721444E+000         1.4432256108E+000         
2019-08-13                03:09:43.388              223.79841885              5371.162052               224.79841885              1565665783.389            0                         963                       1.0000000000E+000         1.6000000000E+001         0.0000000000E+000         4.6572480235E+001         4.7265914377E+001         4.2691592277E+002         4.3495926986E+002         1.1547721444E+000         1.4432256108E+000         
2019-08-13                03:10:33.602              223.79900003              5371.176001               224.79900003              1565665833.603            0                         963                       1.0000000000E+000         1.6000000000E+001         0.0000000000E+000         4.6572480235E+001         4.7265914377E+001         4.2661467244E+002         4.3468623251E+002         1.1547721444E+000         1.4432256108E+000         
2019-08-13                03:11:21.717              223.79955691              5371.189366               224.79955691              1565665881.717            0                         963                       1.0000000000E+000         1.6000000000E+001         0.0000000000E+000         4.6572480235E+001         4.7265914377E+001         4.2632749773E+002         4.3437949912E+002         1.1547721444E+000         1.4432256108E+000         
2019-08-13                03:12:10.851              223.80012559              5371.203014               224.80012559              1565665930.851            0                         963                       1.0000000000E+000         1.6000000000E+001         0.0000000000E+000         4.6572480235E+001         4.7265914377E+001         4.2604620636E+002         4.3408709754E+002         1.1547721444E+000         1.4432256108E+000         
2019-08-13                03:13:00.048              223.80069500              5371.216680               224.80069500              1565665980.048            0                         963                       1.0000000000E+000         1.6000000000E+001         0.0000000000E+000         4.6572480235E+001         4.7265914377E+001         4.2572846699E+002         4.3380068638E+002         1.1547721444E+000         1.4432256108E+000         
2019-08-13                03:13:50.247              223.80127602              5371.230624               224.80127602              1565666030.248            0                         963                       1.0000000000E+000         1.6000000000E+001         0.0000000000E+000         4.6572480235E+001         4.7265914377E+001         4.2535318445E+002         4.3347716382E+002         1.1547721444E+000         1.4432256108E+000         
2019-08-13                03:14:38.322              223.80183243              5371.243978               224.80183243              1565666078.322            0                         963                       1.0000000000E+000         1.6000000000E+001         0.0000000000E+000         4.6572480235E+001         4.7265914377E+001         4.2497310500E+002         4.3309505075E+002         1.1547721444E+000         1.4432256108E+000         
2019-08-13                03:15:26.437              223.80238933              5371.257344               224.80238933              1565666126.438            0                         963                       1.0000000000E+000         1.6000000000E+001         0.0000000000E+000         4.6572480235E+001         4.7265914377E+001         4.2462717976E+002         4.3270805346E+002         1.1547721444E+000         1.4432256108E+000         
2019-08-13                03:16:15.592              223.80295825              5371.270998               224.80295825              1565666175.593            0                         963                       1.0000000000E+000         1.6000000000E+001         0.0000000000E+000         4.6572480235E+001         4.7265914377E+001         4.2425956337E+002         4.3235583202E+002         1.1547721444E+000         1.4432256108E+000         
2019-08-13                03:17:05.769              223.80353899              5371.284936               224.80353899              1565666225.769            0                         963                       1.0000000000E+000         1.6000000000E+001         0.0000000000E+000         4.6572480235E+001         4.7265914377E+001         4.2392173438E+002         4.3198152464E+002         1.1547721444E+000         1.4432256108E+000         
2019-08-13                03:17:54.865              223.80410725              5371.298574               224.80410725              1565666274.866            0                         963                       1.0000000000E+000         1.6000000000E+001         0.0000000000E+000         4.6572480235E+001         4.7265914377E+001         4.2360999877E+002         4.3163754681E+002         1.1547721444E+000         1.4432256108E+000         
2019-08-13                03:18:43.983              223.80467573              5371.312218               224.80467573              1565666323.983            0                         963                       1.0000000000E+000         1.6000000000E+001         0.0000000000E+000         4.6572480235E+001         4.7265914377E+001         4.2328037480E+002         4.3132013729E+002         1.1547721444E+000         1.4432256108E+000         
2019-08-13                03:19:34.165              223.80525655              5371.326157               224.80525655              1565666374.166            0                         963                       1.0000000000E+000         1.6000000000E+001         0.0000000000E+000         4.6572480235E+001         4.7265914377E+001         4.2293648483E+002         4.3098451383E+002         1.1547721444E+000         1.4432256108E+000         
2019-08-13                03:20:24.342              223.80583730              5371.340095               224.80583730              1565666424.343            0                         963                       1.0000000000E+000         1.6000000000E+001         0.0000000000E+000         4.6572480235E+001         4.7265914377E+001         4.2261242558E+002         4.3063436470E+002         1.1547721444E+000         1.4432256108E+000         
2019-08-13                03:21:13.450              223.80640568              5371.353736               224.80640568              1565666473.451            0                         963                       1.0000000000E+000         1.6000000000E+001         0.0000000000E+000         4.6572480235E+001         4.7265914377E+001         4.2231017857E+002         4.3030440724E+002         1.1547721444E+000         1.4432256108E+000         
2019-08-13                03:22:02.575              223.80697425              5371.367382               224.80697425              1565666522.575            0                         963                       1.0000000000E+000         1.6000000000E+001         0.0000000000E+000         4.6572480235E+001         4.7265914377E+001         4.2197215353E+002         4.2999665903E+002         1.1547721444E+000         1.4432256108E+000         
2019-08-13                03:22:52.828              223.80755588              5371.381341               224.80755588              1565666572.828            0                         963                       1.0000000000E+000         1.6000000000E+001         0.0000000000E+000         4.6572480235E+001         4.7265914377E+001         4.2164456682E+002         4.2965248158E+002         1.1547721444E+000         1.4432256108E+000         
2019-08-13                03:23:43.003              223.80813662              5371.395279               224.80813662              1565666623.004            0                         963                       1.0000000000E+000         1.6000000000E+001         0.0000000000E+000         4.6572480235E+001         4.7265914377E+001         4.2136942247E+002         4.2931893246E+002         1.1547721444E+000         1.4432256108E+000         
2019-08-13                03:24:32.109              223.80870498              5371.408919               224.80870498              1565666672.110            0                         963                       1.0000000000E+000         1.6000000000E+001         0.0000000000E+000         4.6572480235E+001         4.7265914377E+001         4.2107919874E+002         4.2903878019E+002         1.1547721444E+000         1.4432256108E+000         
2019-08-13                03:25:20.375              223.80926360              5371.422326               224.80926360              1565666720.375            0                         963                       1.0000000000E+000         1.6000000000E+001         0.0000000000E+000         4.6572480235E+001         4.7265914377E+001         4.2080681864E+002         4.2874327409E+002         1.1547721444E+000         1.4432256108E+000         
2019-08-13                03:26:10.572              223.80984458              5371.436270               224.80984458              1565666770.572            0                         963                       1.0000000000E+000         1.6000000000E+001         0.0000000000E+000         4.6572480235E+001         4.7265914377E+001         4.2054995962E+002         4.2846593639E+002         1.1547721444E+000         1.4432256108E+000         
2019-08-13                03:27:00.789              223.81042581              5371.450219               224.81042581              1565666820.790            0                         963                       1.0000000000E+000         1.6000000000E+001         0.0000000000E+000         4.6572480235E+001         4.7265914377E+001         4.2027209979E+002         4.2820440227E+002         1.1547721444E+000         1.4432256108E+000         
2019-08-13                03:27:49.890              223.81099410              5371.463858               224.81099410              1565666869.890            0                         963                       1.0000000000E+000         1.6000000000E+001         0.0000000000E+000         4.6572480235E+001         4.7265914377E+001         4.2000053294E+002         4.2792148512E+002         1.1547721444E+000         1.4432256108E+000         
2019-08-13                03:28:39.259              223.81156550              5371.477572               224.81156550              1565666919.259            0                         963                       1.0000000000E+000         1.6000000000E+001         0.0000000000E+000         4.6572480235E+001         4.7265914377E+001         4.1976624863E+002         4.2764497547E+002         1.1547721444E+000         1.4432256108E+000         
2019-08-13                03:29:28.448              223.81213483              5371.491236               224.81213483              1565666968.449            0                         963                       1.0000000000E+000         1.6000000000E+001         0.0000000000E+000         4.6572480235E+001         4.7265914377E+001         4.1954866183E+002         4.2740642694E+002         1.1547721444E+000         1.4432256108E+000         
2019-08-13                03:30:17.596              223.81270367              5371.504888               224.81270367              1565667017.597            0                         963                       1.0000000000E+000         1.6000000000E+001         0.0000000000E+000         4.6572480235E+001         4.7265914377E+001         4.1932499068E+002         4.2718487983E+002         1.1547721444E+000         1.4432256108E+000         
2019-08-13                03:31:06.680              223.81327176              5371.518522               224.81327176              1565667066.680            0                         963                       1.0000000000E+000         1.6000000000E+001         0.0000000000E+000         4.6572480235E+001         4.7265914377E+001         4.1907607161E+002         4.2695713764E+002         1.1547721444E+000         1.4432256108E+000         
2019-08-13                03:31:54.946              223.81383039              5371.531929               224.81383039              1565667114.946            0                         963                       1.0000000000E+000         1.6000000000E+001         0.0000000000E+000         4.6572480235E+001         4.7265914377E+001         4.1881023640E+002         4.2670368799E+002         1.1547721444E+000         1.4432256108E+000         
2019-08-13                03:32:45.157              223.81441154              5371.545877               224.81441154              1565667165.157            0                         963                       1.0000000000E+000         1.6000000000E+001         0.0000000000E+000         4.6572480235E+001         4.7265914377E+001         4.1858648647E+002         4.2643301430E+002         1.1547721444E+000         1.4432256108E+000         
2019-08-13                03:33:35.391              223.81499295              5371.559831               224.81499295              1565667215.391            0                         963                       1.0000000000E+000         1.6000000000E+001         0.0000000000E+000         4.6572480235E+001         4.7265914377E+001         4.1838761429E+002         4.2620519189E+002         1.1547721444E+000         1.4432256108E+000         
2019-08-13                03:34:24.539              223.81556179              5371.573483               224.81556179              1565667264.539            0                         963                       1.0000000000E+000         1.6000000000E+001         0.0000000000E+000         4.6572480235E+001         4.7265914377E+001         4.1819597979E+002         4.2600270003E+002         1.1547721444E+000         1.4432256108E+000         
2019-08-13                03:35:13.651              223.81613023              5371.587126               224.81613023              1565667313.652            0                         963                       1.0000000000E+000         1.6000000000E+001         0.0000000000E+000         4.6572480235E+001         4.7265914377E+001         4.1799150365E+002         4.2580757759E+002         1.1547721444E+000         1.4432256108E+000         
2019-08-13                03:36:03.858              223.81671133              5371.601072               224.81671133              1565667363.859            0                         963                       1.0000000000E+000         1.6000000000E+001         0.0000000000E+000         4.6572480235E+001         4.7265914377E+001         4.1776001228E+002         4.2559937977E+002         1.1547721444E+000         1.4432256108E+000         
2019-08-13                03:36:53.033              223.81728049              5371.614732               224.81728049              1565667413.034            0                         963                       1.0000000000E+000         1.6000000000E+001         0.0000000000E+000         4.6572480235E+001         4.7265914377E+001         4.1751346306E+002         4.2536367502E+002         1.1547721444E+000         1.4432256108E+000         
2019-08-13                03:37:42.144              223.81784889              5371.628373               224.81784889              1565667462.144            0                         963                       1.0000000000E+000         1.6000000000E+001         0.0000000000E+000         4.6572480235E+001         4.7265914377E+001         4.1728165991E+002         4.2511263835E+002         1.1547721444E+000         1.4432256108E+000         
2019-08-13                03:38:31.242              223.81841715              5371.642012               224.81841715              1565667511.242            0                         963                       1.0000000000E+000         1.6000000000E+001         0.0000000000E+000         4.6572480235E+001         4.7265914377E+001         4.1703631416E+002         4.2487661614E+002         1.1547721444E+000         1.4432256108E+000         
2019-08-13                03:39:21.418              223.81899791              5371.655950               224.81899791              1565667561.419            0                         963                       1.0000000000E+000         1.6000000000E+001         0.0000000000E+000         4.6572480235E+001         4.7265914377E+001         4.1678616714E+002         4.2462680485E+002         1.1547721444E+000         1.4432256108E+000         
2019-08-13                03:40:11.632              223.81957909              5371.669898               224.81957909              1565667611.633            0                         963                       1.0000000000E+000         1.6000000000E+001         0.0000000000E+000         4.6572480235E+001         4.7265914377E+001         4.1655131952E+002         4.2437210489E+002         1.1547721444E+000         1.4432256108E+000         
2019-08-13                03:41:00.760              223.82014770              5371.683545               224.82014770              1565667660.761            0                         963                       1.0000000000E+000         1.6000000000E+001         0.0000000000E+000         4.6572480235E+001         4.7265914377E+001         4.1635773897E+002         4.2413298281E+002         1.1547721444E+000         1.4432256108E+000         
2019-08-13                03:41:49.924              223.82071672              5371.697201               224.82071672              1565667709.925            0                         963                       1.0000000000E+000         1.6000000000E+001         0.0000000000E+000         4.6572480235E+001         4.7265914377E+001         4.1616794098E+002         4.2393587889E+002         1.1547721444E+000         1.4432256108E+000         
2019-08-13                03:42:40.144              223.82129796              5371.711151               224.82129796              1565667760.144            0                         963                       1.0000000000E+000         1.6000000000E+001         0.0000000000E+000         4.6572480235E+001         4.7265914377E+001         4.1593047541E+002         4.2374262638E+002         1.1547721444E+000         1.4432256108E+000         
2019-08-13                03:43:28.311              223.82185545              5371.724531               224.82185545              1565667808.311            0                         963                       1.0000000000E+000         1.6000000000E+001         0.0000000000E+000         4.6572480235E+001         4.7265914377E+001         4.1571157471E+002         4.2350083869E+002         1.1547721444E+000         1.4432256108E+000         
2019-08-13                03:44:17.437              223.82242405              5371.738177               224.82242405              1565667857.438            0                         963                       1.0000000000E+000         1.6000000000E+001         0.0000000000E+000         4.6572480235E+001         4.7265914377E+001         4.1551754317E+002         4.2327795378E+002         1.1547721444E+000         1.4432256108E+000         
2019-08-13                03:45:06.526              223.82299220              5371.751813               224.82299220              1565667906.526            0                         963                       1.0000000000E+000         1.6000000000E+001         0.0000000000E+000         4.6572480235E+001         4.7265914377E+001         4.1533591879E+002         4.2308039066E+002         1.1547721444E+000         1.4432256108E+000         
2019-08-13                03:45:56.717              223.82357312              5371.765755               224.82357312              1565667956.718            0                         963                       1.0000000000E+000         1.6000000000E+001         0.0000000000E+000         4.6572480235E+001         4.7265914377E+001         4.1512780952E+002         4.2289546053E+002         1.1547721444E+000         1.4432256108E+000         
2019-08-13                03:46:44.907              223.82413087              5371.779141               224.82413087              1565668004.907            0                         963                       1.0000000000E+000         1.6000000000E+001         0.0000000000E+000         4.6572480235E+001         4.7265914377E+001         4.1488408285E+002         4.2268356345E+002         1.1547721444E+000         1.4432256108E+000         
2019-08-13                03:47:33.183              223.82468962              5371.792551               224.82468962              1565668053.183            0                         963                       1.0000000000E+000         1.6000000000E+001         0.0000000000E+000         4.6572480235E+001         4.7265914377E+001         4.1471098102E+002         4.2243540071E+002         1.1547721444E+000         1.4432256108E+000         
2019-08-13                03:48:22.322              223.82525836              5371.806201               224.82525836              1565668102.322            0                         963                       1.0000000000E+000         1.6000000000E+001         0.0000000000E+000         4.6572480235E+001         4.7265914377E+001         4.1458472821E+002         4.2225914825E+002         1.1547721444E+000         1.4432256108E+000         
2019-08-13                03:49:12.530              223.82583948              5371.820147               224.82583948              1565668152.531            0                         963                       1.0000000000E+000         1.6000000000E+001         0.0000000000E+000         4.6572480235E+001         4.7265914377E+001         4.1442853468E+002         4.2213059750E+002         1.1547721444E+000         1.4432256108E+000         
