DATE                      TIME                      FRAC_DAYS_SINCE_JAN1      FRAC_HRS_SINCE_JAN1       JULIAN_DAYS               EPOCH_TIME                ALARM_STATUS              INST_STATUS               species                   MPVPosition               solenoid_valves           CH4                       CH4_dry                   CO2                       CO2_dry                   H2O                       h2o_reported              
2019-05-14                03:32:41.529              132.81436956              3187.544869               133.81436956              1557804761.530            0                         963                       1.0000000000E+000         1.6000000000E+001         0.0000000000E+000         4.4210269012E+001         4.4653976891E+001         4.2594504953E+002         4.3116941822E+002         7.8182934933E-001         9.8808065731E-001         
2019-05-14                03:33:31.753              132.81495084              3187.558820               133.81495084              1557804811.753            0                         963                       1.0000000000E+000         1.6000000000E+001         0.0000000000E+000         4.4210269012E+001         4.4653976891E+001         4.2591368605E+002         4.3116998091E+002         7.8182934933E-001         9.8808065731E-001         
2019-05-14                03:34:22.996              132.81554394              3187.573054               133.81554394              1557804862.996            0                         963                       1.0000000000E+000         1.6000000000E+001         0.0000000000E+000         4.4210269012E+001         4.4653976891E+001         4.2586600764E+002         4.3113823269E+002         7.8182934933E-001         9.8808065731E-001         
2019-05-14                03:35:13.227              132.81612532              3187.587008               133.81612532              1557804913.228            0                         963                       1.0000000000E+000         1.6000000000E+001         0.0000000000E+000         4.4210269012E+001         4.4653976891E+001         4.2582558998E+002         4.3108996943E+002         7.8182934933E-001         9.8808065731E-001         
2019-05-14                03:36:03.444              132.81670654              3187.600957               133.81670654              1557804963.445            0                         963                       1.0000000000E+000         1.6000000000E+001         0.0000000000E+000         4.4210269012E+001         4.4653976891E+001         4.2580624275E+002         4.3104905598E+002         7.8182934933E-001         9.8808065731E-001         
2019-05-14                03:36:53.693              132.81728811              3187.614915               133.81728811              1557805013.693            0                         963                       1.0000000000E+000         1.6000000000E+001         0.0000000000E+000         4.4210269012E+001         4.4653976891E+001         4.2575969627E+002         4.3102947142E+002         7.8182934933E-001         9.8808065731E-001         
2019-05-14                03:37:01.836              132.81738237              3187.617177               133.81738237              1557805021.837            0                         963                       3.0000000000E+000         1.6000000000E+001         0.0000000000E+000         4.4210269012E+001         4.4653715526E+001         4.2575969627E+002         4.3097927671E+002         7.8091669952E-001         9.8695462334E-001         
2019-05-14                03:37:36.131              132.81777929              3187.626703               133.81777929              1557805056.131            0                         963                       1.0000000000E+000         1.6000000000E+001         0.0000000000E+000         4.4210269012E+001         4.4653715526E+001         4.2568385812E+002         4.3097927671E+002         7.8091669952E-001         9.8695462334E-001         
2019-05-14                03:38:05.486              132.81811905              3187.634857               133.81811905              1557805085.486            0                         963                       2.0000000000E+000         1.6000000000E+001         0.0000000000E+000         4.7765387257E+002         4.4653454170E+001         4.2568385812E+002         4.3089943224E+002         7.8091669952E-001         9.8695462334E-001         
2019-05-14                03:38:25.516              132.81835088              3187.640421               133.81835088              1557805105.516            0                         963                       1.0000000000E+000         1.6000000000E+001         0.0000000000E+000         4.7765387257E+002         4.4653454170E+001         4.2556338884E+002         4.3089943224E+002         7.8091669952E-001         9.8695462334E-001         
2019-05-14                03:39:14.788              132.81892116              3187.654108               133.81892116              1557805154.788            0                         963                       1.0000000000E+000         1.6000000000E+001         0.0000000000E+000         4.7765387257E+002         4.8244210643E+002         4.2550990829E+002         4.3077748694E+002         7.8091669952E-001         9.8695462334E-001         
2019-05-14                03:40:05.049              132.81950289              3187.668069               133.81950289              1557805205.050            0                         963                       1.0000000000E+000         1.6000000000E+001         0.0000000000E+000         4.7765387257E+002         4.8244210643E+002         4.2545089593E+002         4.3072335113E+002         7.8091669952E-001         9.8695462334E-001         
2019-05-14                03:40:55.236              132.82008375              3187.682010               133.82008375              1557805255.236            0                         963                       1.0000000000E+000         1.6000000000E+001         0.0000000000E+000         4.7765387257E+002         4.8244210643E+002         4.2538148369E+002         4.3066361574E+002         7.8091669952E-001         9.8695462334E-001         
2019-05-14                03:41:44.460              132.82065347              3187.695683               133.82065347              1557805304.460            0                         963                       1.0000000000E+000         1.6000000000E+001         0.0000000000E+000         4.7765387257E+002         4.8244210643E+002         4.2529387641E+002         4.3059335305E+002         7.8091669952E-001         9.8695462334E-001         
2019-05-14                03:42:34.680              132.82123472              3187.709633               133.82123472              1557805354.680            0                         963                       1.0000000000E+000         1.6000000000E+001         0.0000000000E+000         4.7765387257E+002         4.8244210643E+002         4.2520088471E+002         4.3050467238E+002         7.8091669952E-001         9.8695462334E-001         
2019-05-14                03:43:24.947              132.82181653              3187.723597               133.82181653              1557805404.948            0                         963                       1.0000000000E+000         1.6000000000E+001         0.0000000000E+000         4.7765387257E+002         4.8244210643E+002         4.2514757093E+002         4.3041054133E+002         7.8091669952E-001         9.8695462334E-001         
2019-05-14                03:43:54.506              132.82215865              3187.731807               133.82215865              1557805434.507            0                         963                       2.0000000000E+000         1.6000000000E+001         0.0000000000E+000         4.7769401114E+002         4.8244210643E+002         4.2514757093E+002         4.3035657434E+002         7.8091669952E-001         9.8695462334E-001         
2019-05-14                03:44:14.259              132.82238727              3187.737294               133.82238727              1557805454.260            0                         963                       1.0000000000E+000         1.6000000000E+001         0.0000000000E+000         4.7769401114E+002         4.8244210643E+002         4.2504937614E+002         4.3035657434E+002         7.8091669952E-001         9.8695462334E-001         
2019-05-14                03:45:03.480              132.82295694              3187.750967               133.82295694              1557805503.480            0                         963                       1.0000000000E+000         1.6000000000E+001         0.0000000000E+000         4.7769401114E+002         4.8248264737E+002         4.2500352701E+002         4.3025717644E+002         7.8091669952E-001         9.8695462334E-001         
2019-05-14                03:45:07.974              132.82300897              3187.752215               133.82300897              1557805507.975            0                         963                       3.0000000000E+000         1.6000000000E+001         0.0000000000E+000         4.7769401114E+002         4.8250161951E+002         4.2500352701E+002         4.3023140198E+002         7.8704842495E-001         9.9451881946E-001         
2019-05-14                03:45:41.072              132.82339204              3187.761409               133.82339204              1557805541.072            0                         963                       1.0000000000E+000         1.6000000000E+001         0.0000000000E+000         4.7769401114E+002         4.8250161951E+002         4.2496110390E+002         4.3023140198E+002         7.8704842495E-001         9.9451881946E-001         
2019-05-14                03:46:31.404              132.82397459              3187.775390               133.82397459              1557805591.405            0                         963                       1.0000000000E+000         1.6000000000E+001         0.0000000000E+000         4.7769401114E+002         4.8252059649E+002         4.2494773506E+002         4.3020909670E+002         7.8704842495E-001         9.9451881946E-001         
2019-05-14                03:47:00.911              132.82431611              3187.783587               133.82431611              1557805620.912            0                         963                       2.0000000000E+000         1.6000000000E+001         0.0000000000E+000         4.8096728977E+002         4.8252059649E+002         4.2494773506E+002         4.3019556276E+002         7.8704842495E-001         9.9451881946E-001         
2019-05-14                03:47:20.655              132.82454463              3187.789071               133.82454463              1557805640.656            0                         963                       1.0000000000E+000         1.6000000000E+001         0.0000000000E+000         4.8096728977E+002         4.8252059649E+002         4.2494259428E+002         4.3019556276E+002         7.8704842495E-001         9.9451881946E-001         
2019-05-14                03:48:09.878              132.82511434              3187.802744               133.82511434              1557805689.879            0                         963                       1.0000000000E+000         1.6000000000E+001         0.0000000000E+000         4.8096728977E+002         4.8582694808E+002         4.2498006986E+002         4.3019035850E+002         7.8704842495E-001         9.9451881946E-001         
2019-05-14                03:49:00.101              132.82569561              3187.816695               133.82569561              1557805740.101            0                         963                       1.0000000000E+000         1.6000000000E+001         0.0000000000E+000         4.8096728977E+002         4.8582694808E+002         4.2504125709E+002         4.3022829687E+002         7.8704842495E-001         9.9451881946E-001         
2019-05-14                03:49:49.369              132.82626586              3187.830381               133.82626586              1557805789.370            0                         963                       1.0000000000E+000         1.6000000000E+001         0.0000000000E+000         4.8096728977E+002         4.8582694808E+002         4.2516684059E+002         4.3029023973E+002         7.8704842495E-001         9.9451881946E-001         
2019-05-14                03:50:38.700              132.82683681              3187.844083               133.82683681              1557805838.700            0                         963                       1.0000000000E+000         1.6000000000E+001         0.0000000000E+000         4.8096728977E+002         4.8582694808E+002         4.2544106303E+002         4.3041737410E+002         7.8704842495E-001         9.9451881946E-001         
2019-05-14                03:51:27.996              132.82740737              3187.857777               133.82740737              1557805887.997            0                         963                       1.0000000000E+000         1.6000000000E+001         0.0000000000E+000         4.8096728977E+002         4.8582694808E+002         4.2579796621E+002         4.3069498301E+002         7.8704842495E-001         9.9451881946E-001         
2019-05-14                03:52:18.223              132.82798870              3187.871729               133.82798870              1557805938.224            0                         963                       1.0000000000E+000         1.6000000000E+001         0.0000000000E+000         4.8096728977E+002         4.8582694808E+002         4.2613079629E+002         4.3105629371E+002         7.8704842495E-001         9.9451881946E-001         
2019-05-14                03:53:08.446              132.82856998              3187.885679               133.82856998              1557805988.446            0                         963                       1.0000000000E+000         1.6000000000E+001         0.0000000000E+000         4.8096728977E+002         4.8582694808E+002         4.2640279816E+002         4.3139323402E+002         7.8704842495E-001         9.9451881946E-001         
2019-05-14                03:53:38.017              132.82891225              3187.893894               133.82891225              1557806018.018            0                         963                       2.0000000000E+000         1.6000000000E+001         0.0000000000E+000         4.8236709083E+002         4.8582694808E+002         4.2640279816E+002         4.3166859494E+002         7.8704842495E-001         9.9451881946E-001         
2019-05-14                03:53:57.785              132.82914103              3187.899385               133.82914103              1557806037.785            0                         963                       1.0000000000E+000         1.6000000000E+001         0.0000000000E+000         4.8236709083E+002         4.8582694808E+002         4.2670917273E+002         4.3166859494E+002         7.8704842495E-001         9.9451881946E-001         
2019-05-14                03:54:47.075              132.82971152              3187.913076               133.82971152              1557806087.075            0                         963                       1.0000000000E+000         1.6000000000E+001         0.0000000000E+000         4.8236709083E+002         4.8724089263E+002         4.2685086039E+002         4.3197875304E+002         7.8704842495E-001         9.9451881946E-001         
2019-05-14                03:55:36.398              132.83028240              3187.926777               133.83028240              1557806136.399            0                         963                       1.0000000000E+000         1.6000000000E+001         0.0000000000E+000         4.8236709083E+002         4.8724089263E+002         4.2703514302E+002         4.3212219045E+002         7.8704842495E-001         9.9451881946E-001         
2019-05-14                03:56:25.752              132.83085361              3187.940487               133.83085361              1557806185.752            0                         963                       1.0000000000E+000         1.6000000000E+001         0.0000000000E+000         4.8236709083E+002         4.8724089263E+002         4.2720404251E+002         4.3230874885E+002         7.8704842495E-001         9.9451881946E-001         
2019-05-14                03:56:54.180              132.83118265              3187.948384               133.83118265              1557806214.181            0                         963                       2.0000000000E+000         1.6000000000E+001         0.0000000000E+000         4.5975602952E+001         4.8724089263E+002         4.2720404251E+002         4.3247973414E+002         7.8704842495E-001         9.9451881946E-001         
2019-05-14                03:57:14.115              132.83141337              3187.953921               133.83141337              1557806234.115            0                         963                       1.0000000000E+000         1.6000000000E+001         0.0000000000E+000         4.5975602952E+001         4.8724089263E+002         4.2738964345E+002         4.3247973414E+002         7.8704842495E-001         9.9451881946E-001         
2019-05-14                03:58:03.349              132.83198322              3187.967597               133.83198322              1557806283.350            0                         963                       1.0000000000E+000         1.6000000000E+001         0.0000000000E+000         4.5975602952E+001         4.6440137082E+001         4.2754188255E+002         4.3266762713E+002         7.8704842495E-001         9.9451881946E-001         
2019-05-14                03:58:52.729              132.83255473              3187.981314               133.83255473              1557806332.729            0                         963                       1.0000000000E+000         1.6000000000E+001         0.0000000000E+000         4.5975602952E+001         4.6440137082E+001         4.2772335734E+002         4.3282174628E+002         7.8704842495E-001         9.9451881946E-001         
2019-05-14                03:59:42.997              132.83313655              3187.995277               133.83313655              1557806382.998            0                         963                       1.0000000000E+000         1.6000000000E+001         0.0000000000E+000         4.5975602952E+001         4.6440137082E+001         4.2791227836E+002         4.3300546216E+002         7.8704842495E-001         9.9451881946E-001         
2019-05-14                04:00:33.351              132.83371934              3188.009264               133.83371934              1557806433.351            0                         963                       1.0000000000E+000         1.6000000000E+001         0.0000000000E+000         4.5975602952E+001         4.6440137082E+001         4.2809442589E+002         4.3319671624E+002         7.8704842495E-001         9.9451881946E-001         
2019-05-14                04:01:22.585              132.83428918              3188.022940               133.83428918              1557806482.585            0                         963                       1.0000000000E+000         1.6000000000E+001         0.0000000000E+000         4.5975602952E+001         4.6440137082E+001         4.2827610786E+002         4.3338111317E+002         7.8704842495E-001         9.9451881946E-001         
2019-05-14                04:02:12.848              132.83487094              3188.036902               133.83487094              1557806532.849            0                         963                       1.0000000000E+000         1.6000000000E+001         0.0000000000E+000         4.5975602952E+001         4.6440137082E+001         4.2843001247E+002         4.3356503880E+002         7.8704842495E-001         9.9451881946E-001         
2019-05-14                04:03:03.078              132.83545230              3188.050855               133.83545230              1557806583.079            0                         963                       1.0000000000E+000         1.6000000000E+001         0.0000000000E+000         4.5975602952E+001         4.6440137082E+001         4.2861133892E+002         4.3372084403E+002         7.8704842495E-001         9.9451881946E-001         
2019-05-14                04:03:08.494              132.83551499              3188.052360               133.83551499              1557806588.495            0                         963                       3.0000000000E+000         1.6000000000E+001         0.0000000000E+000         4.5975602952E+001         4.6443054165E+001         4.2861133892E+002         4.3393765755E+002         7.9684306563E-001         1.0065959432E+000         
2019-05-14                04:03:41.749              132.83589987              3188.061597               133.83589987              1557806621.749            0                         963                       1.0000000000E+000         1.6000000000E+001         0.0000000000E+000         4.5975602952E+001         4.6443054165E+001         4.2881305867E+002         4.3393765755E+002         7.9684306563E-001         1.0065959432E+000         
2019-05-14                04:04:09.956              132.83622634              3188.069432               133.83622634              1557806649.956            0                         963                       2.0000000000E+000         1.6000000000E+001         0.0000000000E+000         4.5819812721E+001         4.6445972434E+001         4.2881305867E+002         4.3417516119E+002         7.9684306563E-001         1.0065959432E+000         
2019-05-14                04:04:30.061              132.83645904              3188.075017               133.83645904              1557806670.061            0                         963                       1.0000000000E+000         1.6000000000E+001         0.0000000000E+000         4.5819812721E+001         4.6445972434E+001         4.2904165812E+002         4.3417516119E+002         7.9684306563E-001         1.0065959432E+000         
2019-05-14                04:05:20.276              132.83704023              3188.088966               133.83704023              1557806720.276            0                         963                       1.0000000000E+000         1.6000000000E+001         0.0000000000E+000         4.5819812721E+001         4.6288588336E+001         4.2921762804E+002         4.3440661917E+002         7.9684306563E-001         1.0065959432E+000         
2019-05-14                04:06:10.502              132.83762155              3188.102917               133.83762155              1557806770.502            0                         963                       1.0000000000E+000         1.6000000000E+001         0.0000000000E+000         4.5819812721E+001         4.6288588336E+001         4.2943351669E+002         4.3458478951E+002         7.9684306563E-001         1.0065959432E+000         
2019-05-14                04:06:58.838              132.83818101              3188.116344               133.83818101              1557806818.839            0                         963                       1.0000000000E+000         1.6000000000E+001         0.0000000000E+000         4.5819812721E+001         4.6288588336E+001         4.2967283384E+002         4.3480337774E+002         7.9684306563E-001         1.0065959432E+000         
2019-05-14                04:07:49.052              132.83876219              3188.130292               133.83876219              1557806869.053            0                         963                       1.0000000000E+000         1.6000000000E+001         0.0000000000E+000         4.5819812721E+001         4.6288588336E+001         4.2986644798E+002         4.3504568743E+002         7.9684306563E-001         1.0065959432E+000         
2019-05-14                04:07:56.598              132.83884951              3188.132388               133.83884951              1557806876.598            0                         963                       3.0000000000E+000         1.6000000000E+001         0.0000000000E+000         4.5819812721E+001         4.6288882921E+001         4.2986644798E+002         4.3524510150E+002         7.9783524438E-001         1.0078189422E+000         
2019-05-14                04:08:30.526              132.83924220              3188.141813               133.83924220              1557806910.526            0                         963                       1.0000000000E+000         1.6000000000E+001         0.0000000000E+000         4.5819812721E+001         4.6288882921E+001         4.3004676108E+002         4.3524510150E+002         7.9783524438E-001         1.0078189422E+000         
2019-05-14                04:09:20.773              132.83982376              3188.155770               133.83982376              1557806960.773            0                         963                       1.0000000000E+000         1.6000000000E+001         0.0000000000E+000         4.5819812721E+001         4.6289177518E+001         4.3020465372E+002         4.3543105119E+002         7.9783524438E-001         1.0078189422E+000         
2019-05-14                04:09:49.874              132.84016058              3188.163854               133.84016058              1557806989.874            0                         963                       2.0000000000E+000         1.6000000000E+001         0.0000000000E+000         4.8745254446E+002         4.6289177518E+001         4.3020465372E+002         4.3559092068E+002         7.9783524438E-001         1.0078189422E+000         
2019-05-14                04:10:10.178              132.84039559              3188.169494               133.84039559              1557807010.179            0                         963                       1.0000000000E+000         1.6000000000E+001         0.0000000000E+000         4.8745254446E+002         4.6289177518E+001         4.3035263948E+002         4.3559092068E+002         7.9783524438E-001         1.0078189422E+000         
2019-05-14                04:10:39.538              132.84073539              3188.177649               133.84073539              1557807039.538            0                         963                       2.0000000000E+000         1.6000000000E+001         0.0000000000E+000         4.8530139706E+002         4.9244586615E+002         4.3035263948E+002         4.3574075926E+002         7.9783524438E-001         1.0078189422E+000         
2019-05-14                04:10:59.549              132.84096701              3188.183208               133.84096701              1557807059.550            0                         963                       1.0000000000E+000         1.6000000000E+001         0.0000000000E+000         4.8530139706E+002         4.9244586615E+002         4.3052707423E+002         4.3574075926E+002         7.9783524438E-001         1.0078189422E+000         
2019-05-14                04:11:49.829              132.84154896              3188.197175               133.84154896              1557807109.830            0                         963                       1.0000000000E+000         1.6000000000E+001         0.0000000000E+000         4.8530139706E+002         4.9027268302E+002         4.3065145730E+002         4.3591737798E+002         7.9783524438E-001         1.0078189422E+000         
2019-05-14                04:12:40.061              132.84213034              3188.211128               133.84213034              1557807160.061            0                         963                       1.0000000000E+000         1.6000000000E+001         0.0000000000E+000         4.8530139706E+002         4.9027268302E+002         4.3076366569E+002         4.3604331835E+002         7.9783524438E-001         1.0078189422E+000         
2019-05-14                04:13:30.313              132.84271197              3188.225087               133.84271197              1557807210.314            0                         963                       1.0000000000E+000         1.6000000000E+001         0.0000000000E+000         4.8530139706E+002         4.9027268302E+002         4.3086010273E+002         4.3615693161E+002         7.9783524438E-001         1.0078189422E+000         
2019-05-14                04:13:59.357              132.84304811              3188.233155               133.84304811              1557807239.357            0                         963                       2.0000000000E+000         1.6000000000E+001         0.0000000000E+000         4.8824584591E+002         4.9027268302E+002         4.3086010273E+002         4.3625457607E+002         7.9783524438E-001         1.0078189422E+000         
2019-05-14                04:14:19.586              132.84328226              3188.238774               133.84328226              1557807259.587            0                         963                       1.0000000000E+000         1.6000000000E+001         0.0000000000E+000         4.8824584591E+002         4.9027268302E+002         4.3105117035E+002         4.3625457607E+002         7.9783524438E-001         1.0078189422E+000         
2019-05-14                04:15:09.825              132.84386373              3188.252729               133.84386373              1557807309.826            0                         963                       1.0000000000E+000         1.6000000000E+001         0.0000000000E+000         4.8824584591E+002         4.9324729396E+002         4.3113839176E+002         4.3644803590E+002         7.9783524438E-001         1.0078189422E+000         
2019-05-14                04:15:59.137              132.84443446              3188.266427               133.84443446              1557807359.137            0                         963                       1.0000000000E+000         1.6000000000E+001         0.0000000000E+000         4.8824584591E+002         4.9324729396E+002         4.3122982482E+002         4.3653634934E+002         7.9783524438E-001         1.0078189422E+000         
2019-05-14                04:16:49.335              132.84501546              3188.280371               133.84501546              1557807409.336            0                         963                       1.0000000000E+000         1.6000000000E+001         0.0000000000E+000         4.8824584591E+002         4.9324729396E+002         4.3128073171E+002         4.3662892717E+002         7.9783524438E-001         1.0078189422E+000         
2019-05-14                04:17:17.348              132.84533968              3188.288152               133.84533968              1557807437.348            0                         963                       2.0000000000E+000         1.6000000000E+001         0.0000000000E+000         4.4743299877E+001         4.9324729396E+002         4.3128073171E+002         4.3668047142E+002         7.9783524438E-001         1.0078189422E+000         
2019-05-14                04:17:37.676              132.84557495              3188.293799               133.84557495              1557807457.676            0                         963                       1.0000000000E+000         1.6000000000E+001         0.0000000000E+000         4.4743299877E+001         4.9324729396E+002         4.3143542176E+002         4.3668047142E+002         7.9783524438E-001         1.0078189422E+000         
2019-05-14                04:18:28.901              132.84616785              3188.308028               133.84616785              1557807508.902            0                         963                       1.0000000000E+000         1.6000000000E+001         0.0000000000E+000         4.4743299877E+001         4.5201637191E+001         4.3148206202E+002         4.3683709823E+002         7.9783524438E-001         1.0078189422E+000         
2019-05-14                04:19:19.115              132.84674903              3188.321977               133.84674903              1557807559.116            0                         963                       1.0000000000E+000         1.6000000000E+001         0.0000000000E+000         4.4743299877E+001         4.5201637191E+001         4.3153621607E+002         4.3688432244E+002         7.9783524438E-001         1.0078189422E+000         
2019-05-14                04:20:09.480              132.84733194              3188.335967               133.84733194              1557807609.480            0                         963                       1.0000000000E+000         1.6000000000E+001         0.0000000000E+000         4.4743299877E+001         4.5201637191E+001         4.3159574691E+002         4.3693915452E+002         7.9783524438E-001         1.0078189422E+000         
2019-05-14                04:20:13.089              132.84737373              3188.336969               133.84737373              1557807613.090            0                         963                       3.0000000000E+000         1.6000000000E+001         0.0000000000E+000         4.4743299877E+001         4.5203261207E+001         4.3159574691E+002         4.3701858301E+002         8.0343671554E-001         1.0147221907E+000         
2019-05-14                04:20:46.237              132.84775738              3188.346177               133.84775738              1557807646.238            0                         963                       1.0000000000E+000         1.6000000000E+001         0.0000000000E+000         4.4743299877E+001         4.5203261207E+001         4.3162037916E+002         4.3701858301E+002         8.0343671554E-001         1.0147221907E+000         
2019-05-14                04:21:36.480              132.84833890              3188.360134               133.84833890              1557807696.481            0                         963                       1.0000000000E+000         1.6000000000E+001         0.0000000000E+000         4.4743299877E+001         4.5204885600E+001         4.3162684289E+002         4.3706268267E+002         8.0343671554E-001         1.0147221907E+000         
2019-05-14                04:21:40.095              132.84838074              3188.361138               133.84838074              1557807700.096            0                         963                       3.0000000000E+000         1.6000000000E+001         0.0000000000E+000         4.4743299877E+001         4.5205052459E+001         4.3162684289E+002         4.3707119585E+002         8.0401213573E-001         1.0154312084E+000         
2019-05-14                04:22:13.167              132.84876351              3188.370324               133.84876351              1557807733.167            0                         963                       1.0000000000E+000         1.6000000000E+001         0.0000000000E+000         4.4743299877E+001         4.5205052459E+001         4.3168864046E+002         4.3707119585E+002         8.0401213573E-001         1.0154312084E+000         
2019-05-14                04:22:41.388              132.84909015              3188.378164               133.84909015              1557807761.389            0                         963                       2.0000000000E+000         1.6000000000E+001         0.0000000000E+000         4.5556955793E+001         4.5205219322E+001         4.3168864046E+002         4.3713574119E+002         8.0401213573E-001         1.0154312084E+000         
2019-05-14                04:23:01.502              132.84932294              3188.383751               133.84932294              1557807781.502            0                         963                       1.0000000000E+000         1.6000000000E+001         0.0000000000E+000         4.5556955793E+001         4.5205219322E+001         4.3174491776E+002         4.3713574119E+002         8.0401213573E-001         1.0154312084E+000         
2019-05-14                04:23:51.730              132.84990428              3188.397703               133.84990428              1557807831.730            0                         963                       1.0000000000E+000         1.6000000000E+001         0.0000000000E+000         4.5556955793E+001         4.6027275233E+001         4.3178759762E+002         4.3719272861E+002         8.0401213573E-001         1.0154312084E+000         
2019-05-14                04:24:41.993              132.85048603              3188.411665               133.85048603              1557807881.993            0                         963                       1.0000000000E+000         1.6000000000E+001         0.0000000000E+000         4.5556955793E+001         4.6027275233E+001         4.3183474323E+002         4.3723594700E+002         8.0401213573E-001         1.0154312084E+000         
2019-05-14                04:25:32.256              132.85106778              3188.425627               133.85106778              1557807932.256            0                         963                       1.0000000000E+000         1.6000000000E+001         0.0000000000E+000         4.5556955793E+001         4.6027275233E+001         4.3189136258E+002         4.3728368750E+002         8.0401213573E-001         1.0154312084E+000         
2019-05-14                04:26:22.506              132.85164938              3188.439585               133.85164938              1557807982.506            0                         963                       1.0000000000E+000         1.6000000000E+001         0.0000000000E+000         4.5556955793E+001         4.6027275233E+001         4.3195311961E+002         4.3734102128E+002         8.0401213573E-001         1.0154312084E+000         
2019-05-14                04:26:51.118              132.85198054              3188.447533               133.85198054              1557808011.119            0                         963                       2.0000000000E+000         1.6000000000E+001         0.0000000000E+000         4.8226847301E+002         4.6027275233E+001         4.3195311961E+002         4.3740355757E+002         8.0401213573E-001         1.0154312084E+000         
2019-05-14                04:27:10.857              132.85220899              3188.453016               133.85220899              1557808030.857            0                         963                       1.0000000000E+000         1.6000000000E+001         0.0000000000E+000         4.8226847301E+002         4.6027275233E+001         4.3200515454E+002         4.3740355757E+002         8.0401213573E-001         1.0154312084E+000         
2019-05-14                04:28:01.072              132.85279020              3188.466965               133.85279020              1557808081.073            0                         963                       1.0000000000E+000         1.6000000000E+001         0.0000000000E+000         4.8226847301E+002         4.8724730082E+002         4.3201875554E+002         4.3745624908E+002         8.0401213573E-001         1.0154312084E+000         
2019-05-14                04:28:51.372              132.85337237              3188.480937               133.85337237              1557808131.373            0                         963                       1.0000000000E+000         1.6000000000E+001         0.0000000000E+000         4.8226847301E+002         4.8724730082E+002         4.3208870829E+002         4.3747002170E+002         8.0401213573E-001         1.0154312084E+000         
2019-05-14                04:29:41.638              132.85395416              3188.494900               133.85395416              1557808181.639            0                         963                       1.0000000000E+000         1.6000000000E+001         0.0000000000E+000         4.8226847301E+002         4.8724730082E+002         4.3215103396E+002         4.3754085712E+002         8.0401213573E-001         1.0154312084E+000         
2019-05-14                04:30:10.969              132.85429362              3188.503047               133.85429362              1557808210.969            0                         963                       2.0000000000E+000         1.6000000000E+001         0.0000000000E+000         4.8353524105E+002         4.8724730082E+002         4.3215103396E+002         4.3760396923E+002         8.0401213573E-001         1.0154312084E+000         
2019-05-14                04:30:30.974              132.85452517              3188.508604               133.85452517              1557808230.975            0                         963                       1.0000000000E+000         1.6000000000E+001         0.0000000000E+000         4.8353524105E+002         4.8724730082E+002         4.3217510982E+002         4.3760396923E+002         8.0401213573E-001         1.0154312084E+000         
2019-05-14                04:31:21.201              132.85510650              3188.522556               133.85510650              1557808281.202            0                         963                       1.0000000000E+000         1.6000000000E+001         0.0000000000E+000         4.8353524105E+002         4.8852714667E+002         4.3220283082E+002         4.3762834888E+002         8.0401213573E-001         1.0154312084E+000         
2019-05-14                04:32:11.413              132.85568765              3188.536504               133.85568765              1557808331.413            0                         963                       1.0000000000E+000         1.6000000000E+001         0.0000000000E+000         4.8353524105E+002         4.8852714667E+002         4.3226119938E+002         4.3765641966E+002         8.0401213573E-001         1.0154312084E+000         
2019-05-14                04:33:02.792              132.85628233              3188.550776               133.85628233              1557808382.793            0                         963                       1.0000000000E+000         1.6000000000E+001         0.0000000000E+000         4.8353524105E+002         4.8852714667E+002         4.3229214514E+002         4.3771552473E+002         8.0401213573E-001         1.0154312084E+000         
