DATE                      TIME                      FRAC_DAYS_SINCE_JAN1      FRAC_HRS_SINCE_JAN1       JULIAN_DAYS               EPOCH_TIME                ALARM_STATUS              INST_STATUS               species                   MPVPosition               solenoid_valves           CH4                       CH4_dry                   CO2                       CO2_dry                   H2O                       h2o_reported              
2019-05-11                03:06:07.871              129.79592443              3115.102186               130.79592443              1557543967.871            0                         963                       1.0000000000E+000         0.0000000000E+000         0.0000000000E+000         5.4583390444E+002         5.5031178849E+002         4.2424091713E+002         4.2866001531E+002         6.4013961892E-001         8.1252637023E-001         
2019-05-11                03:06:57.082              129.79649402              3115.115856               130.79649402              1557544017.083            0                         963                       1.0000000000E+000         0.0000000000E+000         0.0000000000E+000         5.4583390444E+002         5.5031178849E+002         4.2407046870E+002         4.2849451953E+002         6.4013961892E-001         8.1252637023E-001         
2019-05-11                03:07:45.411              129.79705338              3115.129281               130.79705338              1557544065.412            0                         963                       1.0000000000E+000         0.0000000000E+000         0.0000000000E+000         5.4583390444E+002         5.5031178849E+002         4.2391323147E+002         4.2832236211E+002         6.4013961892E-001         8.1252637023E-001         
2019-05-11                03:08:34.634              129.79762309              3115.142954               130.79762309              1557544114.635            0                         963                       1.0000000000E+000         0.0000000000E+000         0.0000000000E+000         5.4583390444E+002         5.5031178849E+002         4.2377533466E+002         4.2816354837E+002         6.4013961892E-001         8.1252637023E-001         
2019-05-11                03:09:23.892              129.79819321              3115.156637               130.79819321              1557544163.893            0                         963                       1.0000000000E+000         0.0000000000E+000         0.0000000000E+000         5.4583390444E+002         5.5031178849E+002         4.2367205408E+002         4.2802426895E+002         6.4013961892E-001         8.1252637023E-001         
2019-05-11                03:10:13.250              129.79876447              3115.170347               130.79876447              1557544213.250            0                         963                       1.0000000000E+000         0.0000000000E+000         0.0000000000E+000         5.4583390444E+002         5.5031178849E+002         4.2359312457E+002         4.2791995284E+002         6.4013961892E-001         8.1252637023E-001         
2019-05-11                03:11:02.519              129.79933472              3115.184033               130.79933472              1557544262.520            0                         963                       1.0000000000E+000         0.0000000000E+000         0.0000000000E+000         5.4583390444E+002         5.5031178849E+002         4.2355860895E+002         4.2784023195E+002         6.4013961892E-001         8.1252637023E-001         
2019-05-11                03:11:51.782              129.79990490              3115.197717               130.79990490              1557544311.783            0                         963                       1.0000000000E+000         0.0000000000E+000         0.0000000000E+000         5.4583390444E+002         5.5031178849E+002         4.2353722881E+002         4.2780537027E+002         6.4013961892E-001         8.1252637023E-001         
2019-05-11                03:12:41.009              129.80047465              3115.211392               130.80047465              1557544361.010            0                         963                       1.0000000000E+000         0.0000000000E+000         0.0000000000E+000         5.4583390444E+002         5.5031178849E+002         4.2352580384E+002         4.2778377576E+002         6.4013961892E-001         8.1252637023E-001         
2019-05-11                03:13:08.188              129.80078922              3115.218941               130.80078922              1557544388.189            0                         963                       2.0000000000E+000         0.0000000000E+000         0.0000000000E+000         3.8799863416E+001         5.5031178849E+002         4.2352580384E+002         4.2777223624E+002         6.4013961892E-001         8.1252637023E-001         
2019-05-11                03:13:28.309              129.80102209              3115.224530               130.80102209              1557544408.309            0                         963                       1.0000000000E+000         0.0000000000E+000         0.0000000000E+000         3.8799863416E+001         5.5031178849E+002         4.2356966820E+002         4.2777223624E+002         6.4013961892E-001         8.1252637023E-001         
2019-05-11                03:14:17.665              129.80159336              3115.238241               130.80159336              1557544457.666            0                         963                       1.0000000000E+000         0.0000000000E+000         0.0000000000E+000         3.8799863416E+001         3.9118167736E+001         4.2362335644E+002         4.2781654040E+002         6.4013961892E-001         8.1252637023E-001         
2019-05-11                03:15:07.858              129.80217428              3115.252183               130.80217428              1557544507.858            0                         963                       1.0000000000E+000         0.0000000000E+000         0.0000000000E+000         3.8799863416E+001         3.9118167736E+001         4.2367688894E+002         4.2787076694E+002         6.4013961892E-001         8.1252637023E-001         
2019-05-11                03:15:58.078              129.80275554              3115.266133               130.80275554              1557544558.079            0                         963                       1.0000000000E+000         0.0000000000E+000         0.0000000000E+000         3.8799863416E+001         3.9118167736E+001         4.2375695747E+002         4.2792483617E+002         6.4013961892E-001         8.1252637023E-001         
2019-05-11                03:16:48.289              129.80333669              3115.280081               130.80333669              1557544608.290            0                         963                       1.0000000000E+000         0.0000000000E+000         0.0000000000E+000         3.8799863416E+001         3.9118167736E+001         4.2388230809E+002         4.2800570750E+002         6.4013961892E-001         8.1252637023E-001         
2019-05-11                03:17:37.647              129.80390795              3115.293791               130.80390795              1557544657.647            0                         963                       1.0000000000E+000         0.0000000000E+000         0.0000000000E+000         3.8799863416E+001         3.9118167736E+001         4.2401560013E+002         4.2813231494E+002         6.4013961892E-001         8.1252637023E-001         
2019-05-11                03:18:26.891              129.80447792              3115.307470               130.80447792              1557544706.892            0                         963                       1.0000000000E+000         0.0000000000E+000         0.0000000000E+000         3.8799863416E+001         3.9118167736E+001         4.2417450091E+002         4.2826694341E+002         6.4013961892E-001         8.1252637023E-001         
2019-05-11                03:18:29.581              129.80450904              3115.308217               130.80450904              1557544709.581            0                         963                       3.0000000000E+000         0.0000000000E+000         0.0000000000E+000         3.8799863416E+001         3.9124257134E+001         4.2417450091E+002         4.2850881624E+002         6.6445483680E-001         8.4275915807E-001         
2019-05-11                03:19:01.671              129.80488045              3115.317131               130.80488045              1557544741.671            0                         963                       1.0000000000E+000         0.0000000000E+000         0.0000000000E+000         3.8799863416E+001         3.9124257134E+001         4.2433425722E+002         4.2850881624E+002         6.6445483680E-001         8.4275915807E-001         
2019-05-11                03:19:50.888              129.80545009              3115.330802               130.80545009              1557544790.888            0                         963                       1.0000000000E+000         0.0000000000E+000         0.0000000000E+000         3.8799863416E+001         3.9130352744E+001         4.2449860837E+002         4.2875169835E+002         6.6445483680E-001         8.4275915807E-001         
2019-05-11                03:20:15.084              129.80573014              3115.337523               130.80573014              1557544815.084            0                         963                       2.0000000000E+000         0.0000000000E+000         0.0000000000E+000         3.8831889489E+001         3.9130352744E+001         4.2449860837E+002         4.2891776044E+002         6.6445483680E-001         8.4275915807E-001         
2019-05-11                03:20:35.223              129.80596324              3115.343118               130.80596324              1557544835.224            0                         963                       1.0000000000E+000         0.0000000000E+000         0.0000000000E+000         3.8831889489E+001         3.9130352744E+001         4.2466405099E+002         4.2891776044E+002         6.6445483680E-001         8.4275915807E-001         
2019-05-11                03:21:25.473              129.80654483              3115.357076               130.80654483              1557544885.473            0                         963                       1.0000000000E+000         0.0000000000E+000         0.0000000000E+000         3.8831889489E+001         3.9162651609E+001         4.2481752068E+002         4.2908492537E+002         6.6445483680E-001         8.4275915807E-001         
2019-05-11                03:22:15.701              129.80712618              3115.371028               130.80712618              1557544935.702            0                         963                       1.0000000000E+000         0.0000000000E+000         0.0000000000E+000         3.8831889489E+001         3.9162651609E+001         4.2499804024E+002         4.2923999271E+002         6.6445483680E-001         8.4275915807E-001         
2019-05-11                03:23:05.065              129.80769751              3115.384740               130.80769751              1557544985.065            0                         963                       1.0000000000E+000         0.0000000000E+000         0.0000000000E+000         3.8831889489E+001         3.9162651609E+001         4.2519439599E+002         4.2942239154E+002         6.6445483680E-001         8.4275915807E-001         
2019-05-11                03:23:55.289              129.80827881              3115.398691               130.80827881              1557545035.289            0                         963                       1.0000000000E+000         0.0000000000E+000         0.0000000000E+000         3.8831889489E+001         3.9162651609E+001         4.2541985841E+002         4.2962079141E+002         6.6445483680E-001         8.4275915807E-001         
2019-05-11                03:24:43.665              129.80883873              3115.412129               130.80883873              1557545083.666            0                         963                       1.0000000000E+000         0.0000000000E+000         0.0000000000E+000         3.8831889489E+001         3.9162651609E+001         4.2563173002E+002         4.2984860096E+002         6.6445483680E-001         8.4275915807E-001         
2019-05-11                03:25:32.910              129.80940868              3115.425808               130.80940868              1557545132.910            0                         963                       1.0000000000E+000         0.0000000000E+000         0.0000000000E+000         3.8831889489E+001         3.9162651609E+001         4.2584372405E+002         4.3006267821E+002         6.6445483680E-001         8.4275915807E-001         
2019-05-11                03:26:22.279              129.80998009              3115.439522               130.80998009              1557545182.280            0                         963                       1.0000000000E+000         0.0000000000E+000         0.0000000000E+000         3.8831889489E+001         3.9162651609E+001         4.2604511306E+002         4.3027687916E+002         6.6445483680E-001         8.4275915807E-001         
2019-05-11                03:27:12.512              129.81056148              3115.453476               130.81056148              1557545232.512            0                         963                       1.0000000000E+000         0.0000000000E+000         0.0000000000E+000         3.8831889489E+001         3.9162651609E+001         4.2622443365E+002         4.3048036468E+002         6.6445483680E-001         8.4275915807E-001         
2019-05-11                03:28:01.744              129.81113131              3115.467151               130.81113131              1557545281.745            0                         963                       1.0000000000E+000         0.0000000000E+000         0.0000000000E+000         3.8831889489E+001         3.9162651609E+001         4.2636836539E+002         4.3066155205E+002         6.6445483680E-001         8.4275915807E-001         
2019-05-11                03:28:51.000              129.81170140              3115.480834               130.81170140              1557545331.001            0                         963                       1.0000000000E+000         0.0000000000E+000         0.0000000000E+000         3.8831889489E+001         3.9162651609E+001         4.2651812761E+002         4.3080698217E+002         6.6445483680E-001         8.4275915807E-001         
2019-05-11                03:29:41.204              129.81228247              3115.494779               130.81228247              1557545381.205            0                         963                       1.0000000000E+000         0.0000000000E+000         0.0000000000E+000         3.8831889489E+001         3.9162651609E+001         4.2668908359E+002         4.3095830345E+002         6.6445483680E-001         8.4275915807E-001         
2019-05-11                03:30:30.443              129.81285235              3115.508456               130.81285235              1557545430.443            0                         963                       1.0000000000E+000         0.0000000000E+000         0.0000000000E+000         3.8831889489E+001         3.9162651609E+001         4.2685452137E+002         4.3113103913E+002         6.6445483680E-001         8.4275915807E-001         
2019-05-11                03:31:19.706              129.81342252              3115.522141               130.81342252              1557545479.706            0                         963                       1.0000000000E+000         0.0000000000E+000         0.0000000000E+000         3.8831889489E+001         3.9162651609E+001         4.2700092873E+002         4.3129819917E+002         6.6445483680E-001         8.4275915807E-001         
2019-05-11                03:32:07.947              129.81398088              3115.535541               130.81398088              1557545527.948            0                         963                       1.0000000000E+000         0.0000000000E+000         0.0000000000E+000         3.8831889489E+001         3.9162651609E+001         4.2711328491E+002         4.3144613068E+002         6.6445483680E-001         8.4275915807E-001         
2019-05-11                03:32:57.295              129.81455203              3115.549249               130.81455203              1557545577.295            0                         963                       1.0000000000E+000         0.0000000000E+000         0.0000000000E+000         3.8831889489E+001         3.9162651609E+001         4.2721105695E+002         4.3155965652E+002         6.6445483680E-001         8.4275915807E-001         
2019-05-11                03:33:46.703              129.81512388              3115.562973               130.81512388              1557545626.703            0                         963                       1.0000000000E+000         0.0000000000E+000         0.0000000000E+000         3.8831889489E+001         3.9162651609E+001         4.2730320820E+002         4.3165844638E+002         6.6445483680E-001         8.4275915807E-001         
2019-05-11                03:34:34.933              129.81568209              3115.576370               130.81568209              1557545674.933            0                         963                       1.0000000000E+000         0.0000000000E+000         0.0000000000E+000         3.8831889489E+001         3.9162651609E+001         4.2738439506E+002         4.3175155696E+002         6.6445483680E-001         8.4275915807E-001         
2019-05-11                03:35:24.211              129.81625245              3115.590059               130.81625245              1557545724.212            0                         963                       1.0000000000E+000         0.0000000000E+000         0.0000000000E+000         3.8831889489E+001         3.9162651609E+001         4.2748253784E+002         4.3183358900E+002         6.6445483680E-001         8.4275915807E-001         
2019-05-11                03:36:13.460              129.81682245              3115.603739               130.81682245              1557545773.460            0                         963                       1.0000000000E+000         0.0000000000E+000         0.0000000000E+000         3.8831889489E+001         3.9162651609E+001         4.2756352854E+002         4.3193275347E+002         6.6445483680E-001         8.4275915807E-001         
2019-05-11                03:37:02.736              129.81739278              3115.617427               130.81739278              1557545822.736            0                         963                       1.0000000000E+000         0.0000000000E+000         0.0000000000E+000         3.8831889489E+001         3.9162651609E+001         4.2757704957E+002         4.3201458731E+002         6.6445483680E-001         8.4275915807E-001         
2019-05-11                03:37:51.957              129.81796248              3115.631099               130.81796248              1557545871.958            0                         963                       1.0000000000E+000         0.0000000000E+000         0.0000000000E+000         3.8831889489E+001         3.9162651609E+001         4.2756460234E+002         4.3202824910E+002         6.6445483680E-001         8.4275915807E-001         
2019-05-11                03:38:41.200              129.81853242              3115.644778               130.81853242              1557545921.201            0                         963                       1.0000000000E+000         0.0000000000E+000         0.0000000000E+000         3.8831889489E+001         3.9162651609E+001         4.2757733648E+002         4.3201567229E+002         6.6445483680E-001         8.4275915807E-001         
2019-05-11                03:39:30.441              129.81910234              3115.658456               130.81910234              1557545970.442            0                         963                       1.0000000000E+000         0.0000000000E+000         0.0000000000E+000         3.8831889489E+001         3.9162651609E+001         4.2758454211E+002         4.3202853899E+002         6.6445483680E-001         8.4275915807E-001         
2019-05-11                03:39:59.520              129.81943890              3115.666534               130.81943890              1557545999.521            0                         963                       2.0000000000E+000         0.0000000000E+000         0.0000000000E+000         3.7417267072E+001         3.9162651609E+001         4.2758454211E+002         4.3203581964E+002         6.6445483680E-001         8.4275915807E-001         
2019-05-11                03:40:19.775              129.81967332              3115.672160               130.81967332              1557546019.775            0                         963                       1.0000000000E+000         0.0000000000E+000         0.0000000000E+000         3.7417267072E+001         3.9162651609E+001         4.2755034774E+002         4.3203581964E+002         6.6445483680E-001         8.4275915807E-001         
2019-05-11                03:41:10.010              129.82025476              3115.686114               130.82025476              1557546070.011            0                         963                       1.0000000000E+000         0.0000000000E+000         0.0000000000E+000         3.7417267072E+001         3.7735979726E+001         4.2752729453E+002         4.3200126929E+002         6.6445483680E-001         8.4275915807E-001         
2019-05-11                03:41:59.298              129.82082521              3115.699805               130.82082521              1557546119.298            0                         963                       1.0000000000E+000         0.0000000000E+000         0.0000000000E+000         3.7417267072E+001         3.7735979726E+001         4.2750012492E+002         4.3197797609E+002         6.6445483680E-001         8.4275915807E-001         
2019-05-11                03:42:48.683              129.82139679              3115.713523               130.82139679              1557546168.683            0                         963                       1.0000000000E+000         0.0000000000E+000         0.0000000000E+000         3.7417267072E+001         3.7735979726E+001         4.2746424965E+002         4.3195052364E+002         6.6445483680E-001         8.4275915807E-001         
2019-05-11                03:42:52.315              129.82143883              3115.714532               130.82143883              1557546172.315            0                         963                       3.0000000000E+000         0.0000000000E+000         0.0000000000E+000         3.7417267072E+001         3.7740971649E+001         4.2746424965E+002         4.3198399002E+002         6.8511176422E-001         8.6840860096E-001         
2019-05-11                03:43:25.338              129.82182105              3115.723705               130.82182105              1557546205.339            0                         963                       1.0000000000E+000         0.0000000000E+000         0.0000000000E+000         3.7417267072E+001         3.7740971649E+001         4.2740699750E+002         4.3198399002E+002         6.8511176422E-001         8.6840860096E-001         
2019-05-11                03:44:14.552              129.82239065              3115.737376               130.82239065              1557546254.552            0                         963                       1.0000000000E+000         0.0000000000E+000         0.0000000000E+000         3.7417267072E+001         3.7745967891E+001         4.2736348501E+002         4.3199589921E+002         6.8511176422E-001         8.6840860096E-001         
2019-05-11                03:45:03.786              129.82296049              3115.751052               130.82296049              1557546303.786            0                         963                       1.0000000000E+000         0.0000000000E+000         0.0000000000E+000         3.7417267072E+001         3.7745967891E+001         4.2734306079E+002         4.3195191954E+002         6.8511176422E-001         8.6840860096E-001         
2019-05-11                03:45:53.017              129.82353030              3115.764727               130.82353030              1557546353.018            0                         963                       1.0000000000E+000         0.0000000000E+000         0.0000000000E+000         3.7417267072E+001         3.7745967891E+001         4.2733064622E+002         4.3193127604E+002         6.8511176422E-001         8.6840860096E-001         
2019-05-11                03:46:42.250              129.82410012              3115.778403               130.82410012              1557546402.250            0                         963                       1.0000000000E+000         0.0000000000E+000         0.0000000000E+000         3.7417267072E+001         3.7745967891E+001         4.2732563260E+002         4.3191872818E+002         6.8511176422E-001         8.6840860096E-001         
2019-05-11                03:47:31.497              129.82467012              3115.792083               130.82467012              1557546451.498            0                         963                       1.0000000000E+000         0.0000000000E+000         0.0000000000E+000         3.7417267072E+001         3.7745967891E+001         4.2727535500E+002         4.3191366073E+002         6.8511176422E-001         8.6840860096E-001         
2019-05-11                03:48:20.730              129.82523994              3115.805759               130.82523994              1557546500.731            0                         963                       1.0000000000E+000         0.0000000000E+000         0.0000000000E+000         3.7417267072E+001         3.7745967891E+001         4.2719728421E+002         4.3186284332E+002         6.8511176422E-001         8.6840860096E-001         
2019-05-11                03:49:09.948              129.82580959              3115.819430               130.82580959              1557546549.949            0                         963                       1.0000000000E+000         0.0000000000E+000         0.0000000000E+000         3.7417267072E+001         3.7745967891E+001         4.2712097101E+002         4.3178393432E+002         6.8511176422E-001         8.6840860096E-001         
2019-05-11                03:49:37.960              129.82613381              3115.827211               130.82613381              1557546577.961            0                         963                       2.0000000000E+000         0.0000000000E+000         0.0000000000E+000         3.7508103675E+001         3.7745967891E+001         4.2712097101E+002         4.3170680177E+002         6.8511176422E-001         8.6840860096E-001         
2019-05-11                03:49:58.279              129.82636898              3115.832856               130.82636898              1557546598.280            0                         963                       1.0000000000E+000         0.0000000000E+000         0.0000000000E+000         3.7508103675E+001         3.7745967891E+001         4.2703258286E+002         4.3170680177E+002         6.8511176422E-001         8.6840860096E-001         
2019-05-11                03:50:47.540              129.82693913              3115.846539               130.82693913              1557546647.541            0                         963                       1.0000000000E+000         0.0000000000E+000         0.0000000000E+000         3.7508103675E+001         3.7837602470E+001         4.2700087879E+002         4.3161746463E+002         6.8511176422E-001         8.6840860096E-001         
2019-05-11                03:51:36.848              129.82750983              3115.860236               130.82750983              1557546696.849            0                         963                       1.0000000000E+000         0.0000000000E+000         0.0000000000E+000         3.7508103675E+001         3.7837602470E+001         4.2696178578E+002         4.3158542017E+002         6.8511176422E-001         8.6840860096E-001         
2019-05-11                03:52:28.094              129.82810294              3115.874471               130.82810294              1557546748.094            0                         963                       1.0000000000E+000         0.0000000000E+000         0.0000000000E+000         3.7508103675E+001         3.7837602470E+001         4.2689367184E+002         4.3154590744E+002         6.8511176422E-001         8.6840860096E-001         
2019-05-11                03:53:17.456              129.82867426              3115.888182               130.82867426              1557546797.456            0                         963                       1.0000000000E+000         0.0000000000E+000         0.0000000000E+000         3.7508103675E+001         3.7837602470E+001         4.2684916782E+002         4.3147706218E+002         6.8511176422E-001         8.6840860096E-001         
2019-05-11                03:54:06.684              129.82924403              3115.901857               130.82924403              1557546846.684            0                         963                       1.0000000000E+000         0.0000000000E+000         0.0000000000E+000         3.7508103675E+001         3.7837602470E+001         4.2678750333E+002         4.3143208034E+002         6.8511176422E-001         8.6840860096E-001         
2019-05-11                03:54:55.927              129.82981398              3115.915536               130.82981398              1557546895.928            0                         963                       1.0000000000E+000         0.0000000000E+000         0.0000000000E+000         3.7508103675E+001         3.7837602470E+001         4.2671856006E+002         4.3136975377E+002         6.8511176422E-001         8.6840860096E-001         
2019-05-11                03:55:46.276              129.83039672              3115.929521               130.83039672              1557546946.277            0                         963                       1.0000000000E+000         0.0000000000E+000         0.0000000000E+000         3.7508103675E+001         3.7837602470E+001         4.2665056588E+002         4.3130007029E+002         6.8511176422E-001         8.6840860096E-001         
2019-05-11                03:55:50.769              129.83044872              3115.930769               130.83044872              1557546950.769            0                         963                       3.0000000000E+000         0.0000000000E+000         0.0000000000E+000         3.7508103675E+001         3.7839142347E+001         4.2665056588E+002         4.3125275875E+002         6.9146451883E-001         8.7629033842E-001         
2019-05-11                03:56:03.256              129.83059324              3115.934238               130.83059324              1557546963.256            0                         963                       2.0000000000E+000         0.0000000000E+000         0.0000000000E+000         5.4286865307E+002         3.7839142347E+001         4.2665056588E+002         4.3125275875E+002         6.9146451883E-001         8.7629033842E-001         
2019-05-11                03:56:23.003              129.83082179              3115.939723               130.83082179              1557546983.003            0                         963                       1.0000000000E+000         0.0000000000E+000         0.0000000000E+000         5.4286865307E+002         3.7839142347E+001         4.2653083643E+002         4.3125275875E+002         6.9146451883E-001         8.7629033842E-001         
2019-05-11                03:57:13.203              129.83140282              3115.953668               130.83140282              1557547033.204            0                         963                       1.0000000000E+000         0.0000000000E+000         0.0000000000E+000         5.4286865307E+002         5.4768219129E+002         4.2645182052E+002         4.3115315021E+002         6.9146451883E-001         8.7629033842E-001         
2019-05-11                03:58:03.403              129.83198383              3115.967612               130.83198383              1557547083.403            0                         963                       1.0000000000E+000         0.0000000000E+000         0.0000000000E+000         5.4286865307E+002         5.4768219129E+002         4.2634018815E+002         4.3107327801E+002         6.9146451883E-001         8.7629033842E-001         
2019-05-11                03:58:53.622              129.83256508              3115.981562               130.83256508              1557547133.623            0                         963                       1.0000000000E+000         0.0000000000E+000         0.0000000000E+000         5.4286865307E+002         5.4768219129E+002         4.2624724628E+002         4.3096043587E+002         6.9146451883E-001         8.7629033842E-001         
2019-05-11                03:59:43.821              129.83314608              3115.995506               130.83314608              1557547183.821            0                         963                       1.0000000000E+000         0.0000000000E+000         0.0000000000E+000         5.4286865307E+002         5.4768219129E+002         4.2610854911E+002         4.3086648680E+002         6.9146451883E-001         8.7629033842E-001         
2019-05-11                04:00:34.023              129.83372712              3116.009451               130.83372712              1557547234.023            0                         963                       1.0000000000E+000         0.0000000000E+000         0.0000000000E+000         5.4286865307E+002         5.4768219129E+002         4.2596949738E+002         4.3072628656E+002         6.9146451883E-001         8.7629033842E-001         
2019-05-11                04:01:23.292              129.83429737              3116.023137               130.83429737              1557547283.293            0                         963                       1.0000000000E+000         0.0000000000E+000         0.0000000000E+000         5.4286865307E+002         5.4768219129E+002         4.2582074015E+002         4.3058572794E+002         6.9146451883E-001         8.7629033842E-001         
2019-05-11                04:01:25.993              129.83432862              3116.023887               130.83432862              1557547285.993            0                         963                       3.0000000000E+000         0.0000000000E+000         0.0000000000E+000         5.4286865307E+002         5.4770092073E+002         4.2582074015E+002         4.3045331823E+002         6.9680231672E-001         8.8291051722E-001         
2019-05-11                04:01:57.960              129.83469862              3116.032767               130.83469862              1557547317.961            0                         963                       1.0000000000E+000         0.0000000000E+000         0.0000000000E+000         5.4286865307E+002         5.4770092073E+002         4.2572621595E+002         4.3045331823E+002         6.9680231672E-001         8.8291051722E-001         
2019-05-11                04:02:27.463              129.83504009              3116.040962               130.83504009              1557547347.464            0                         963                       2.0000000000E+000         0.0000000000E+000         0.0000000000E+000         3.6958911495E+001         5.4771965435E+002         4.2572621595E+002         4.3037572535E+002         6.9680231672E-001         8.8291051722E-001         
2019-05-11                04:02:47.204              129.83526858              3116.046446               130.83526858              1557547367.205            0                         963                       1.0000000000E+000         0.0000000000E+000         0.0000000000E+000         3.6958911495E+001         5.4771965435E+002         4.2557363095E+002         4.3037572535E+002         6.9680231672E-001         8.8291051722E-001         
2019-05-11                04:03:36.460              129.83583867              3116.060128               130.83583867              1557547416.461            0                         963                       1.0000000000E+000         0.0000000000E+000         0.0000000000E+000         3.6958911495E+001         3.7289171359E+001         4.2549531704E+002         4.3022147392E+002         6.9680231672E-001         8.8291051722E-001         
2019-05-11                04:04:26.638              129.83641942              3116.074066               130.83641942              1557547466.638            0                         963                       1.0000000000E+000         0.0000000000E+000         0.0000000000E+000         3.6958911495E+001         3.7289171359E+001         4.2538111151E+002         4.3014230471E+002         6.9680231672E-001         8.8291051722E-001         
2019-05-11                04:05:17.838              129.83701201              3116.088288               130.83701201              1557547517.838            0                         963                       1.0000000000E+000         0.0000000000E+000         0.0000000000E+000         3.6958911495E+001         3.7289171359E+001         4.2525577408E+002         4.3002685190E+002         6.9680231672E-001         8.8291051722E-001         
2019-05-11                04:05:47.371              129.83735384              3116.096492               130.83735384              1557547547.372            0                         963                       2.0000000000E+000         0.0000000000E+000         0.0000000000E+000         5.5466181071E+002         3.7289171359E+001         4.2525577408E+002         4.2990014561E+002         6.9680231672E-001         8.8291051722E-001         
2019-05-11                04:06:07.115              129.83758235              3116.101976               130.83758235              1557547567.115            0                         963                       1.0000000000E+000         0.0000000000E+000         0.0000000000E+000         5.5466181071E+002         3.7289171359E+001         4.2512207520E+002         4.2990014561E+002         6.9680231672E-001         8.8291051722E-001         
2019-05-11                04:06:56.368              129.83815241              3116.115658               130.83815241              1557547616.368            0                         963                       1.0000000000E+000         0.0000000000E+000         0.0000000000E+000         5.5466181071E+002         5.5961819406E+002         4.2504502883E+002         4.2976498657E+002         6.9680231672E-001         8.8291051722E-001         
