DATE                      TIME                      FRAC_DAYS_SINCE_JAN1      FRAC_HRS_SINCE_JAN1       JULIAN_DAYS               EPOCH_TIME                ALARM_STATUS              INST_STATUS               species                   MPVPosition               solenoid_valves           CH4                       CH4_dry                   CO2                       CO2_dry                   H2O                       h2o_reported              
2019-09-07                04:40:03.726              248.86115424              5972.667702               249.86115424              1567831203.726            0                         963                       1.0000000000E+000         1.6000000000E+001         0.0000000000E+000         4.6114372773E+001         4.6964049343E+001         4.2320619710E+002         4.3267927044E+002         1.4244317345E+000         1.7663399200E+000         
2019-09-07                04:40:54.913              248.86174668              5972.681920               249.86174668              1567831254.913            0                         963                       1.0000000000E+000         1.6000000000E+001         0.0000000000E+000         4.6114372773E+001         4.6964049343E+001         4.2323782821E+002         4.3273960441E+002         1.4244317345E+000         1.7663399200E+000         
2019-09-07                04:41:45.019              248.86232662              5972.695839               249.86232662              1567831305.020            0                         963                       1.0000000000E+000         1.6000000000E+001         0.0000000000E+000         4.6114372773E+001         4.6964049343E+001         4.2328557308E+002         4.3277194806E+002         1.4244317345E+000         1.7663399200E+000         
2019-09-07                04:42:34.142              248.86289517              5972.709484               249.86289517              1567831354.143            0                         963                       1.0000000000E+000         1.6000000000E+001         0.0000000000E+000         4.6114372773E+001         4.6964049343E+001         4.2335735098E+002         4.3282076846E+002         1.4244317345E+000         1.7663399200E+000         
2019-09-07                04:43:25.318              248.86348748              5972.723699               249.86348748              1567831405.318            0                         963                       1.0000000000E+000         1.6000000000E+001         0.0000000000E+000         4.6114372773E+001         4.6964049343E+001         4.2343588530E+002         4.3289416328E+002         1.4244317345E+000         1.7663399200E+000         
2019-09-07                04:44:16.535              248.86408027              5972.737926               249.86408027              1567831456.535            0                         963                       1.0000000000E+000         1.6000000000E+001         0.0000000000E+000         4.6114372773E+001         4.6964049343E+001         4.2349161213E+002         4.3297446671E+002         1.4244317345E+000         1.7663399200E+000         
2019-09-07                04:45:05.772              248.86465014              5972.751603               249.86465014              1567831505.772            0                         963                       1.0000000000E+000         1.6000000000E+001         0.0000000000E+000         4.6114372773E+001         4.6964049343E+001         4.2357626807E+002         4.3303144887E+002         1.4244317345E+000         1.7663399200E+000         
2019-09-07                04:45:54.907              248.86521884              5972.765252               249.86521884              1567831554.908            0                         963                       1.0000000000E+000         1.6000000000E+001         0.0000000000E+000         4.6114372773E+001         4.6964049343E+001         4.2365756582E+002         4.3311801183E+002         1.4244317345E+000         1.7663399200E+000         
2019-09-07                04:46:44.124              248.86578847              5972.778923               249.86578847              1567831604.124            0                         963                       1.0000000000E+000         1.6000000000E+001         0.0000000000E+000         4.6114372773E+001         4.6964049343E+001         4.2374436962E+002         4.3320114094E+002         1.4244317345E+000         1.7663399200E+000         
2019-09-07                04:47:35.328              248.86638111              5972.793147               249.86638111              1567831655.328            0                         963                       1.0000000000E+000         1.6000000000E+001         0.0000000000E+000         4.6114372773E+001         4.6964049343E+001         4.2382111817E+002         4.3328990014E+002         1.4244317345E+000         1.7663399200E+000         
2019-09-07                04:48:24.667              248.86695216              5972.806852               249.86695216              1567831704.667            0                         963                       1.0000000000E+000         1.0000000000E+000         0.0000000000E+000         4.6114372773E+001         4.6964049343E+001         1.8592474592E+003         4.3336837758E+002         1.4244317345E+000         1.7663399200E+000         
2019-09-07                04:49:13.025              248.86751186              5972.820285               249.86751186              1567831753.025            0                         963                       1.0000000000E+000         1.0000000000E+000         0.0000000000E+000         4.6114372773E+001         4.6964049343E+001         2.2592732693E+003         1.9011300296E+003         1.4244317345E+000         1.7663399200E+000         
2019-09-07                04:50:03.276              248.86809347              5972.834243               249.86809347              1567831803.276            0                         963                       1.0000000000E+000         1.0000000000E+000         0.0000000000E+000         4.6114372773E+001         4.6964049343E+001         1.0225305409E+003         2.3101670710E+003         1.4244317345E+000         1.7663399200E+000         
2019-09-07                04:50:53.510              248.86867490              5972.848197               249.86867490              1567831853.511            0                         963                       1.0000000000E+000         2.0000000000E+000         0.0000000000E+000         4.6114372773E+001         4.6964049343E+001         1.2652099983E+003         1.0455647029E+003         1.4244317345E+000         1.7663399200E+000         
2019-09-07                04:51:43.670              248.86925544              5972.862131               249.86925544              1567831903.670            0                         963                       1.0000000000E+000         2.0000000000E+000         0.0000000000E+000         4.6114372773E+001         4.6964049343E+001         1.1714532641E+003         1.2937109095E+003         1.4244317345E+000         1.7663399200E+000         
2019-09-07                04:51:49.747              248.86932579              5972.863819               249.86932579              1567831909.748            0                         963                       3.0000000000E+000         2.0000000000E+000         0.0000000000E+000         4.6114372773E+001         4.7040748447E+001         1.1714532641E+003         1.2002262461E+003         1.6777768778E+000         2.0655563993E+000         
2019-09-07                04:52:23.032              248.86971102              5972.873064               249.86971102              1567831943.032            0                         963                       1.0000000000E+000         2.0000000000E+000         0.0000000000E+000         4.6114372773E+001         4.7040748447E+001         6.0370169038E+002         1.2002262461E+003         1.6777768778E+000         2.0655563993E+000         
2019-09-07                04:53:13.217              248.87029187              5972.887005               249.87029187              1567831993.218            0                         963                       1.0000000000E+000         1.6000000000E+001         0.0000000000E+000         4.6114372773E+001         4.7118214210E+001         4.9902440650E+002         6.1977082644E+002         1.6777768778E+000         2.0655563993E+000         
2019-09-07                04:54:04.371              248.87088392              5972.901214               249.87088392              1567832044.371            0                         963                       1.0000000000E+000         3.0000000000E+000         0.0000000000E+000         4.6114372773E+001         4.7118214210E+001         6.1082641884E+002         5.1230727652E+002         1.6777768778E+000         2.0655563993E+000         
2019-09-07                04:54:53.473              248.87145223              5972.914854               249.87145223              1567832093.473            0                         963                       1.0000000000E+000         3.0000000000E+000         0.0000000000E+000         4.6114372773E+001         4.7118214210E+001         7.0016400309E+002         6.2708519861E+002         1.6777768778E+000         2.0655563993E+000         
2019-09-07                04:55:41.750              248.87201100              5972.928264               249.87201100              1567832141.750            0                         963                       1.0000000000E+000         1.6000000000E+001         0.0000000000E+000         4.6114372773E+001         4.7118214210E+001         5.1376109167E+002         7.1880074174E+002         1.6777768778E+000         2.0655563993E+000         
2019-09-07                04:56:33.976              248.87261546              5972.942771               249.87261546              1567832193.976            0                         963                       1.0000000000E+000         4.0000000000E+000         0.0000000000E+000         4.6114372773E+001         4.7118214210E+001         7.1972707343E+002         5.2743621800E+002         1.6777768778E+000         2.0655563993E+000         
2019-09-07                04:57:25.220              248.87320858              5972.957006               249.87320858              1567832245.221            0                         963                       1.0000000000E+000         4.0000000000E+000         0.0000000000E+000         4.6114372773E+001         4.7118214210E+001         8.5938333097E+002         7.3888453555E+002         1.6777768778E+000         2.0655563993E+000         
2019-09-07                04:58:14.349              248.87377720              5972.970653               249.87377720              1567832294.350            0                         963                       1.0000000000E+000         5.0000000000E+000         0.0000000000E+000         4.6114372773E+001         4.7118214210E+001         5.6424153117E+002         8.8225811812E+002         1.6777768778E+000         2.0655563993E+000         
2019-09-07                04:59:04.533              248.87435803              5972.984593               249.87435803              1567832344.534            0                         963                       1.0000000000E+000         5.0000000000E+000         0.0000000000E+000         4.6114372773E+001         4.7118214210E+001         9.0046291560E+002         5.7926032949E+002         1.6777768778E+000         2.0655563993E+000         
2019-09-07                04:59:55.759              248.87495093              5972.998822               249.87495093              1567832395.760            0                         963                       1.0000000000E+000         5.0000000000E+000         0.0000000000E+000         4.6114372773E+001         4.7118214210E+001         1.1011760904E+003         9.2443114583E+002         1.6777768778E+000         2.0655563993E+000         
2019-09-07                05:00:46.019              248.87553264              5973.012783               249.87553264              1567832446.020            0                         963                       1.0000000000E+000         6.0000000000E+000         0.0000000000E+000         4.6114372773E+001         4.7118214210E+001         6.4490736411E+002         1.1304868389E+003         1.6777768778E+000         2.0655563993E+000         
2019-09-07                05:01:35.217              248.87610206              5973.026449               249.87610206              1567832495.218            0                         963                       1.0000000000E+000         6.0000000000E+000         0.0000000000E+000         4.6114372773E+001         4.7118214210E+001         6.2891437619E+002         6.6207329944E+002         1.6777768778E+000         2.0655563993E+000         
2019-09-07                05:02:24.335              248.87667056              5973.040093               249.87667056              1567832544.336            0                         963                       1.0000000000E+000         6.0000000000E+000         0.0000000000E+000         4.6114372773E+001         4.7118214210E+001         7.0677560290E+002         6.4565461535E+002         1.6777768778E+000         2.0655563993E+000         
2019-09-07                05:03:15.503              248.87726277              5973.054306               249.87726277              1567832595.503            0                         963                       1.0000000000E+000         7.0000000000E+000         0.0000000000E+000         4.6114372773E+001         4.7118214210E+001         5.4248353606E+002         7.2558832698E+002         1.6777768778E+000         2.0655563993E+000         
2019-09-07                05:04:06.680              248.87785509              5973.068522               249.87785509              1567832646.680            0                         963                       1.0000000000E+000         7.0000000000E+000         0.0000000000E+000         4.6114372773E+001         4.7118214210E+001         5.8387766435E+002         5.5692318711E+002         1.6777768778E+000         2.0655563993E+000         
2019-09-07                05:04:55.801              248.87842362              5973.082167               249.87842362              1567832695.801            0                         963                       1.0000000000E+000         7.0000000000E+000         0.0000000000E+000         4.6114372773E+001         4.7118214210E+001         6.2895479577E+002         5.9941913091E+002         1.6777768778E+000         2.0655563993E+000         
2019-09-07                05:05:44.887              248.87899175              5973.095802               249.87899175              1567832744.887            0                         963                       1.0000000000E+000         8.0000000000E+000         0.0000000000E+000         4.6114372773E+001         4.7118214210E+001         5.1031642390E+002         6.4569611081E+002         1.6777768778E+000         2.0655563993E+000         
2019-09-07                05:06:37.286              248.87959822              5973.110357               249.87959822              1567832797.286            0                         963                       1.0000000000E+000         8.0000000000E+000         0.0000000000E+000         4.6114372773E+001         4.7118214210E+001         1.0889434775E+003         5.2389986119E+002         1.6777768778E+000         2.0655563993E+000         
2019-09-07                05:07:26.586              248.88016883              5973.124052               249.88016883              1567832846.587            0                         963                       1.0000000000E+000         8.0000000000E+000         0.0000000000E+000         4.6114372773E+001         4.7118214210E+001         1.3302503308E+003         1.1179286223E+003         1.6777768778E+000         2.0655563993E+000         
2019-09-07                05:08:15.719              248.88073749              5973.137700               249.88073749              1567832895.719            0                         963                       1.0000000000E+000         9.0000000000E+000         0.0000000000E+000         4.6114372773E+001         4.7118214210E+001         6.8633830620E+002         1.3656585032E+003         1.6777768778E+000         2.0655563993E+000         
2019-09-07                05:09:04.967              248.88130750              5973.151380               249.88130750              1567832944.968            0                         963                       1.0000000000E+000         9.0000000000E+000         0.0000000000E+000         4.6114372773E+001         4.7118214210E+001         4.2537681957E+002         7.0460703693E+002         1.6777768778E+000         2.0655563993E+000         
2019-09-07                05:09:56.180              248.88190023              5973.165606               249.88190023              1567832996.180            0                         963                       1.0000000000E+000         9.0000000000E+000         0.0000000000E+000         4.6114372773E+001         4.7118214210E+001         4.2574503874E+002         4.3669936198E+002         1.6777768778E+000         2.0655563993E+000         
2019-09-07                05:10:47.349              248.88249248              5973.179819               249.88249248              1567833047.350            0                         963                       1.0000000000E+000         1.0000000000E+001         0.0000000000E+000         4.6114372773E+001         4.7118214210E+001         4.2520602273E+002         4.3707738228E+002         1.6777768778E+000         2.0655563993E+000         
2019-09-07                05:11:37.444              248.88307227              5973.193734               249.88307227              1567833097.444            0                         963                       1.0000000000E+000         1.0000000000E+001         0.0000000000E+000         4.6114372773E+001         4.7118214210E+001         4.2529234102E+002         4.3652401892E+002         1.6777768778E+000         2.0655563993E+000         
2019-09-07                05:12:26.561              248.88364075              5973.207378               249.88364075              1567833146.561            0                         963                       1.0000000000E+000         1.0000000000E+001         0.0000000000E+000         4.6114372773E+001         4.7118214210E+001         4.2602150010E+002         4.3661263480E+002         1.6777768778E+000         2.0655563993E+000         
2019-09-07                05:13:17.746              248.88423318              5973.221596               249.88423318              1567833197.747            0                         963                       1.0000000000E+000         1.1000000000E+001         0.0000000000E+000         4.6114372773E+001         4.7118214210E+001         4.2593002064E+002         4.3736120240E+002         1.6777768778E+000         2.0655563993E+000         
2019-09-07                05:14:07.964              248.88481441              5973.235546               249.88481441              1567833247.965            0                         963                       1.0000000000E+000         1.1000000000E+001         0.0000000000E+000         4.6114372773E+001         4.7118214210E+001         4.2606016278E+002         4.3726728797E+002         1.6777768778E+000         2.0655563993E+000         
2019-09-07                05:14:57.068              248.88538273              5973.249186               249.88538273              1567833297.068            0                         963                       1.0000000000E+000         1.1000000000E+001         0.0000000000E+000         4.6114372773E+001         4.7118214210E+001         4.2638803634E+002         4.3740089419E+002         1.6777768778E+000         2.0655563993E+000         
2019-09-07                05:15:03.138              248.88545299              5973.250872               249.88545299              1567833303.138            0                         963                       3.0000000000E+000         1.1000000000E+001         0.0000000000E+000         4.6114372773E+001         4.7041469717E+001         4.2638803634E+002         4.3686904832E+002         1.4267860595E+000         1.7691396312E+000         
2019-09-07                05:15:36.436              248.88583838              5973.260121               249.88583838              1567833336.436            0                         963                       1.0000000000E+000         1.6000000000E+001         0.0000000000E+000         4.6114372773E+001         4.7041469717E+001         4.2653646958E+002         4.3686904832E+002         1.4267860595E+000         1.7691396312E+000         
2019-09-07                05:16:26.619              248.88641921              5973.274061               249.88641921              1567833386.620            0                         963                       1.0000000000E+000         1.2000000000E+001         0.0000000000E+000         4.6114372773E+001         4.6965477660E+001         4.2671427423E+002         4.3616106072E+002         1.4267860595E+000         1.7691396312E+000         
2019-09-07                05:17:16.819              248.88700023              5973.288006               249.88700023              1567833436.820            0                         963                       1.0000000000E+000         1.2000000000E+001         0.0000000000E+000         4.6114372773E+001         4.6965477660E+001         4.2689287116E+002         4.3634287745E+002         1.4267860595E+000         1.7691396312E+000         
2019-09-07                05:18:05.917              248.88756850              5973.301644               249.88756850              1567833485.918            0                         963                       1.0000000000E+000         1.6000000000E+001         0.0000000000E+000         4.6114372773E+001         4.6965477660E+001         4.2707358042E+002         4.3652550433E+002         1.4267860595E+000         1.7691396312E+000         
2019-09-07                05:18:56.029              248.88814848              5973.315564               249.88814848              1567833536.029            0                         963                       1.0000000000E+000         1.3000000000E+001         0.0000000000E+000         4.6114372773E+001         4.6965477660E+001         4.2722587707E+002         4.3671029121E+002         1.4267860595E+000         1.7691396312E+000         
2019-09-07                05:19:46.247              248.88872972              5973.329513               249.88872972              1567833586.248            0                         963                       1.0000000000E+000         1.3000000000E+001         0.0000000000E+000         4.6114372773E+001         4.6965477660E+001         4.2737969534E+002         4.3686602436E+002         1.4267860595E+000         1.7691396312E+000         
2019-09-07                05:20:36.438              248.88931064              5973.343455               249.88931064              1567833636.439            0                         963                       1.0000000000E+000         1.6000000000E+001         0.0000000000E+000         4.6114372773E+001         4.6965477660E+001         4.2758122849E+002         4.3702331347E+002         1.4267860595E+000         1.7691396312E+000         
2019-09-07                05:21:25.525              248.88987876              5973.357090               249.88987876              1567833685.525            0                         963                       1.0000000000E+000         1.4000000000E+001         0.0000000000E+000         4.6114372773E+001         4.6965477660E+001         4.2778088068E+002         4.3722939412E+002         1.4267860595E+000         1.7691396312E+000         
2019-09-07                05:22:14.772              248.89044875              5973.370770               249.89044875              1567833734.772            0                         963                       1.0000000000E+000         1.4000000000E+001         0.0000000000E+000         4.6114372773E+001         4.6965477660E+001         4.2795040636E+002         4.3743355137E+002         1.4267860595E+000         1.7691396312E+000         
2019-09-07                05:23:05.033              248.89103049              5973.384732               249.89103049              1567833785.034            0                         963                       1.0000000000E+000         1.6000000000E+001         0.0000000000E+000         4.6114372773E+001         4.6965477660E+001         4.2810747553E+002         4.3760690230E+002         1.4267860595E+000         1.7691396312E+000         
2019-09-07                05:23:56.309              248.89162396              5973.398975               249.89162396              1567833836.310            0                         963                       1.0000000000E+000         1.5000000000E+001         0.0000000000E+000         4.6114372773E+001         4.6965477660E+001         4.2825594847E+002         4.3776751567E+002         1.4267860595E+000         1.7691396312E+000         
2019-09-07                05:24:45.536              248.89219372              5973.412649               249.89219372              1567833885.537            0                         963                       1.0000000000E+000         1.5000000000E+001         0.0000000000E+000         4.6114372773E+001         4.6965477660E+001         4.2844536404E+002         4.3791933883E+002         1.4267860595E+000         1.7691396312E+000         
2019-09-07                05:25:35.625              248.89277344              5973.426562               249.89277344              1567833935.625            0                         963                       1.0000000000E+000         1.6000000000E+001         0.0000000000E+000         4.6114372773E+001         4.6965477660E+001         4.2860953232E+002         4.3811302847E+002         1.4267860595E+000         1.7691396312E+000         
2019-09-07                05:26:25.855              248.89335481              5973.440516               249.89335481              1567833985.856            0                         963                       1.0000000000E+000         1.6000000000E+001         0.0000000000E+000         4.6114372773E+001         4.6965477660E+001         4.2873032496E+002         4.3828090113E+002         1.4267860595E+000         1.7691396312E+000         
2019-09-07                05:27:16.052              248.89393579              5973.454459               249.89393579              1567834036.052            0                         963                       1.0000000000E+000         1.6000000000E+001         0.0000000000E+000         4.6114372773E+001         4.6965477660E+001         4.2890326536E+002         4.3840441940E+002         1.4267860595E+000         1.7691396312E+000         
2019-09-07                05:28:05.216              248.89450481              5973.468116               249.89450481              1567834085.216            0                         963                       1.0000000000E+000         1.6000000000E+001         0.0000000000E+000         4.6114372773E+001         4.6965477660E+001         4.2909433865E+002         4.3858126211E+002         1.4267860595E+000         1.7691396312E+000         
2019-09-07                05:28:54.328              248.89507325              5973.481758               249.89507325              1567834134.329            0                         963                       1.0000000000E+000         1.6000000000E+001         0.0000000000E+000         4.6114372773E+001         4.6965477660E+001         4.2928135881E+002         4.3877664688E+002         1.4267860595E+000         1.7691396312E+000         
2019-09-07                05:29:45.532              248.89566588              5973.495981               249.89566588              1567834185.532            0                         963                       1.0000000000E+000         1.6000000000E+001         0.0000000000E+000         4.6114372773E+001         4.6965477660E+001         4.2942962444E+002         4.3896788706E+002         1.4267860595E+000         1.7691396312E+000         
2019-09-07                05:30:36.752              248.89625870              5973.510209               249.89625870              1567834236.752            0                         963                       1.0000000000E+000         1.6000000000E+001         0.0000000000E+000         4.6114372773E+001         4.6965477660E+001         4.2954920860E+002         4.3911949824E+002         1.4267860595E+000         1.7691396312E+000         
2019-09-07                05:31:26.835              248.89683838              5973.524121               249.89683838              1567834286.836            0                         963                       1.0000000000E+000         1.6000000000E+001         0.0000000000E+000         4.6114372773E+001         4.6965477660E+001         4.2968263022E+002         4.3924178076E+002         1.4267860595E+000         1.7691396312E+000         
2019-09-07                05:32:15.941              248.89740674              5973.537762               249.89740674              1567834335.942            0                         963                       1.0000000000E+000         1.6000000000E+001         0.0000000000E+000         4.6114372773E+001         4.6965477660E+001         4.2981732565E+002         4.3937821298E+002         1.4267860595E+000         1.7691396312E+000         
2019-09-07                05:33:07.118              248.89799906              5973.551977               249.89799906              1567834387.119            0                         963                       1.0000000000E+000         1.6000000000E+001         0.0000000000E+000         4.6114372773E+001         4.6965477660E+001         4.2995909678E+002         4.3951594774E+002         1.4267860595E+000         1.7691396312E+000         
2019-09-07                05:33:58.339              248.89859190              5973.566206               249.89859190              1567834438.340            0                         963                       1.0000000000E+000         1.6000000000E+001         0.0000000000E+000         4.6114372773E+001         4.6965477660E+001         4.3008862144E+002         4.3966091787E+002         1.4267860595E+000         1.7691396312E+000         
2019-09-07                05:34:47.561              248.89916159              5973.579878               249.89916159              1567834487.561            0                         963                       1.0000000000E+000         1.6000000000E+001         0.0000000000E+000         4.6114372773E+001         4.6965477660E+001         4.3021869224E+002         4.3979336519E+002         1.4267860595E+000         1.7691396312E+000         
2019-09-07                05:35:37.654              248.89974138              5973.593793               249.89974138              1567834537.655            0                         963                       1.0000000000E+000         9.5359116022E+000         0.0000000000E+000         4.6114372773E+001         4.6965477660E+001         4.3036140324E+002         4.3992637097E+002         1.4267860595E+000         1.7691396312E+000         
2019-09-07                05:36:28.915              248.90033468              5973.608032               249.90033468              1567834588.916            0                         963                       1.0000000000E+000         1.0000000000E+000         0.0000000000E+000         4.6114372773E+001         4.6965477660E+001         8.8746006877E+002         4.4007230218E+002         1.4267860595E+000         1.7691396312E+000         
2019-09-07                05:37:18.144              248.90090444              5973.621707               249.90090444              1567834638.144            0                         963                       1.0000000000E+000         1.0000000000E+000         0.0000000000E+000         4.6114372773E+001         4.6965477660E+001         1.1043992065E+003         9.0748518016E+002         1.4267860595E+000         1.7691396312E+000         
2019-09-07                05:38:08.230              248.90148414              5973.635619               249.90148414              1567834688.230            0                         963                       1.0000000000E+000         2.0000000000E+000         0.0000000000E+000         4.6114372773E+001         4.6965477660E+001         6.4750968690E+002         1.1293194457E+003         1.4267860595E+000         1.7691396312E+000         
2019-09-07                05:38:57.351              248.90205269              5973.649264               249.90205269              1567834737.352            0                         963                       1.0000000000E+000         2.0000000000E+000         0.0000000000E+000         4.6114372773E+001         4.6965477660E+001         5.4932068447E+002         6.6212043286E+002         1.4267860595E+000         1.7691396312E+000         
2019-09-07                05:39:48.509              248.90264479              5973.663475               249.90264479              1567834788.510            0                         963                       1.0000000000E+000         2.0000000000E+000         0.0000000000E+000         4.6114372773E+001         4.6965477660E+001         6.2252591213E+002         5.6171584262E+002         1.4267860595E+000         1.7691396312E+000         
2019-09-07                05:40:39.717              248.90323748              5973.677699               249.90323748              1567834839.718            0                         963                       1.0000000000E+000         3.0000000000E+000         0.0000000000E+000         4.6114372773E+001         4.6965477660E+001         5.1701122839E+002         6.3657291118E+002         1.4267860595E+000         1.7691396312E+000         
