DATE                      TIME                      FRAC_DAYS_SINCE_JAN1      FRAC_HRS_SINCE_JAN1       JULIAN_DAYS               EPOCH_TIME                ALARM_STATUS              INST_STATUS               species                   MPVPosition               solenoid_valves           CH4                       CH4_dry                   CO2                       CO2_dry                   H2O                       h2o_reported              
2019-10-01                17:10:36.346              273.38236513              6561.176763               274.38236513              1569949836.347            0                         963                       1.0000000000E+000         1.6000000000E+001         0.0000000000E+000         4.8813855134E+001         4.9228053896E+001         4.4859842442E+002         4.5308600938E+002         6.6193717372E-001         8.3963082897E-001         
2019-10-01                17:11:27.519              273.38295741              6561.190978               274.38295741              1569949887.520            0                         963                       1.0000000000E+000         1.6000000000E+001         0.0000000000E+000         4.8813855134E+001         4.9228053896E+001         4.4912698948E+002         4.5325062582E+002         6.6193717372E-001         8.3963082897E-001         
2019-10-01                17:12:16.759              273.38352731              6561.204656               274.38352731              1569949936.760            0                         963                       1.0000000000E+000         1.6000000000E+001         0.0000000000E+000         4.8813855134E+001         4.9228053896E+001         4.4974097826E+002         4.5378467238E+002         6.6193717372E-001         8.3963082897E-001         
2019-10-01                17:13:06.832              273.38410686              6561.218565               274.38410686              1569949986.833            0                         963                       1.0000000000E+000         1.6000000000E+001         0.0000000000E+000         4.8813855134E+001         4.9228053896E+001         4.5023540024E+002         4.5440502854E+002         6.6193717372E-001         8.3963082897E-001         
2019-10-01                17:13:58.000              273.38469909              6561.232778               274.38469909              1569950038.001            0                         963                       1.0000000000E+000         1.6000000000E+001         0.0000000000E+000         4.8813855134E+001         4.9228053896E+001         4.5077244982E+002         4.5490457794E+002         6.6193717372E-001         8.3963082897E-001         
2019-10-01                17:14:49.171              273.38529134              6561.246992               274.38529134              1569950089.172            0                         963                       1.0000000000E+000         1.6000000000E+001         0.0000000000E+000         4.8813855134E+001         4.9228053896E+001         4.5122142737E+002         4.5544719701E+002         6.6193717372E-001         8.3963082897E-001         
2019-10-01                17:15:39.263              273.38587111              6561.260907               274.38587111              1569950139.264            0                         963                       1.0000000000E+000         1.6000000000E+001         0.0000000000E+000         4.8813855134E+001         4.9228053896E+001         4.5156922358E+002         4.5590083069E+002         6.6193717372E-001         8.3963082897E-001         
2019-10-01                17:16:29.319              273.38645045              6561.274811               274.38645045              1569950189.319            0                         963                       1.0000000000E+000         1.6000000000E+001         0.0000000000E+000         4.8813855134E+001         4.9228053896E+001         4.5190240549E+002         4.5625223372E+002         6.6193717372E-001         8.3963082897E-001         
2019-10-01                17:17:20.484              273.38704265              6561.289024               274.38704265              1569950240.485            0                         963                       1.0000000000E+000         1.6000000000E+001         0.0000000000E+000         4.8813855134E+001         4.9228053896E+001         4.5214441112E+002         4.5658887091E+002         6.6193717372E-001         8.3963082897E-001         
2019-10-01                17:18:10.661              273.38762340              6561.302962               274.38762340              1569950290.662            0                         963                       1.0000000000E+000         1.6000000000E+001         0.0000000000E+000         4.8813855134E+001         4.9228053896E+001         4.5235990887E+002         4.5683338626E+002         6.6193717372E-001         8.3963082897E-001         
2019-10-01                17:19:00.750              273.38820314              6561.316875               274.38820314              1569950340.751            0                         963                       1.0000000000E+000         1.6000000000E+001         0.0000000000E+000         4.8813855134E+001         4.9228053896E+001         4.5259683117E+002         4.5705111884E+002         6.6193717372E-001         8.3963082897E-001         
2019-10-01                17:19:50.846              273.38878295              6561.330791               274.38878295              1569950390.847            0                         963                       1.0000000000E+000         1.6000000000E+001         0.0000000000E+000         4.8813855134E+001         4.9228053896E+001         4.5284295031E+002         4.5729049815E+002         6.6193717372E-001         8.3963082897E-001         
2019-10-01                17:20:42.019              273.38937523              6561.345006               274.38937523              1569950442.020            0                         963                       1.0000000000E+000         1.6000000000E+001         0.0000000000E+000         4.8813855134E+001         4.9228053896E+001         4.5322643738E+002         4.5753916967E+002         6.6193717372E-001         8.3963082897E-001         
2019-10-01                17:21:34.207              273.38997926              6561.359502               274.38997926              1569950494.208            0                         963                       1.0000000000E+000         1.6000000000E+001         0.0000000000E+000         4.8813855134E+001         4.9228053896E+001         4.5396383648E+002         4.5792663371E+002         6.6193717372E-001         8.3963082897E-001         
2019-10-01                17:22:24.273              273.39055872              6561.373409               274.39055872              1569950544.273            0                         963                       1.0000000000E+000         1.6000000000E+001         0.0000000000E+000         4.8813855134E+001         4.9228053896E+001         4.5509381437E+002         4.5867168003E+002         6.6193717372E-001         8.3963082897E-001         
2019-10-01                17:23:12.529              273.39111723              6561.386814               274.39111723              1569950592.529            0                         963                       1.0000000000E+000         1.6000000000E+001         0.0000000000E+000         4.8813855134E+001         4.9228053896E+001         4.5614166574E+002         4.5981337638E+002         6.6193717372E-001         8.3963082897E-001         
2019-10-01                17:24:03.746              273.39171002              6561.401041               274.39171002              1569950643.746            0                         963                       1.0000000000E+000         1.6000000000E+001         0.0000000000E+000         4.8813855134E+001         4.9228053896E+001         4.5678119254E+002         4.6087209452E+002         6.6193717372E-001         8.3963082897E-001         
2019-10-01                17:24:54.917              273.39230229              6561.415255               274.39230229              1569950694.918            0                         963                       1.0000000000E+000         1.6000000000E+001         0.0000000000E+000         4.8813855134E+001         4.9228053896E+001         4.5720884393E+002         4.6151825354E+002         6.6193717372E-001         8.3963082897E-001         
2019-10-01                17:25:44.150              273.39287211              6561.428931               274.39287211              1569950744.150            0                         963                       1.0000000000E+000         1.6000000000E+001         0.0000000000E+000         4.8813855134E+001         4.9228053896E+001         4.5759309063E+002         4.6195033990E+002         6.6193717372E-001         8.3963082897E-001         
2019-10-01                17:26:34.227              273.39345171              6561.442841               274.39345171              1569950794.228            0                         963                       1.0000000000E+000         1.6000000000E+001         0.0000000000E+000         4.8813855134E+001         4.9228053896E+001         4.5785873737E+002         4.6233857145E+002         6.6193717372E-001         8.3963082897E-001         
2019-10-01                17:27:25.417              273.39404419              6561.457061               274.39404419              1569950845.418            0                         963                       1.0000000000E+000         1.6000000000E+001         0.0000000000E+000         4.8813855134E+001         4.9228053896E+001         4.5799291371E+002         4.6260697308E+002         6.6193717372E-001         8.3963082897E-001         
2019-10-01                17:28:16.608              273.39463667              6561.471280               274.39463667              1569950896.608            0                         963                       1.0000000000E+000         1.6000000000E+001         0.0000000000E+000         4.8813855134E+001         4.9228053896E+001         4.5811824586E+002         4.6274254090E+002         6.6193717372E-001         8.3963082897E-001         
2019-10-01                17:29:06.716              273.39521662              6561.485199               274.39521662              1569950946.716            0                         963                       1.0000000000E+000         1.6000000000E+001         0.0000000000E+000         4.8813855134E+001         4.9228053896E+001         4.5825682031E+002         4.6286917281E+002         6.6193717372E-001         8.3963082897E-001         
2019-10-01                17:29:56.805              273.39579635              6561.499113               274.39579635              1569950996.805            0                         963                       1.0000000000E+000         1.6000000000E+001         0.0000000000E+000         4.8813855134E+001         4.9228053896E+001         4.5840680836E+002         4.6300918435E+002         6.6193717372E-001         8.3963082897E-001         
2019-10-01                17:30:48.009              273.39638900              6561.513336               274.39638900              1569951048.010            0                         963                       1.0000000000E+000         1.6000000000E+001         0.0000000000E+000         4.8813855134E+001         4.9228053896E+001         4.5854592704E+002         4.6316072786E+002         6.6193717372E-001         8.3963082897E-001         
2019-10-01                17:31:39.164              273.39698108              6561.527546               274.39698108              1569951099.165            0                         963                       1.0000000000E+000         1.6000000000E+001         0.0000000000E+000         4.8813855134E+001         4.9228053896E+001         4.5866004267E+002         4.6330128927E+002         6.6193717372E-001         8.3963082897E-001         
2019-10-01                17:32:29.229              273.39756052              6561.541453               274.39756052              1569951149.229            0                         963                       1.0000000000E+000         1.6000000000E+001         0.0000000000E+000         4.8813855134E+001         4.9228053896E+001         4.5875327944E+002         4.6341658834E+002         6.6193717372E-001         8.3963082897E-001         
2019-10-01                17:33:19.336              273.39814047              6561.555371               274.39814047              1569951199.337            0                         963                       1.0000000000E+000         1.6000000000E+001         0.0000000000E+000         4.8813855134E+001         4.9228053896E+001         4.5882676504E+002         4.6351079202E+002         6.6193717372E-001         8.3963082897E-001         
2019-10-01                17:34:10.538              273.39873308              6561.569594               274.39873308              1569951250.538            0                         963                       1.0000000000E+000         1.6000000000E+001         0.0000000000E+000         4.8813855134E+001         4.9228053896E+001         4.5886791357E+002         4.6358503971E+002         6.6193717372E-001         8.3963082897E-001         
2019-10-01                17:35:01.713              273.39932538              6561.583809               274.39932538              1569951301.713            0                         963                       1.0000000000E+000         1.6000000000E+001         0.0000000000E+000         4.8813855134E+001         4.9228053896E+001         4.5903417389E+002         4.6362661497E+002         6.6193717372E-001         8.3963082897E-001         
2019-10-01                17:35:50.960              273.39989537              6561.597489               274.39989537              1569951350.960            0                         963                       1.0000000000E+000         1.6000000000E+001         0.0000000000E+000         4.8813855134E+001         4.9228053896E+001         4.5924171801E+002         4.6379459950E+002         6.6193717372E-001         8.3963082897E-001         
2019-10-01                17:36:41.053              273.40047516              6561.611404               274.40047516              1569951401.054            0                         963                       1.0000000000E+000         1.6000000000E+001         0.0000000000E+000         4.8813855134E+001         4.9228053896E+001         4.5926838043E+002         4.6400429596E+002         6.6193717372E-001         8.3963082897E-001         
2019-10-01                17:37:32.237              273.40106757              6561.625622               274.40106757              1569951452.238            0                         963                       1.0000000000E+000         1.6000000000E+001         0.0000000000E+000         4.8813855134E+001         4.9228053896E+001         4.5928435499E+002         4.6403123488E+002         6.6193717372E-001         8.3963082897E-001         
2019-10-01                17:38:23.398              273.40165971              6561.639833               274.40165971              1569951503.399            0                         963                       1.0000000000E+000         1.6000000000E+001         0.0000000000E+000         4.8813855134E+001         4.9228053896E+001         4.5952946521E+002         4.6404737511E+002         6.6193717372E-001         8.3963082897E-001         
2019-10-01                17:39:13.466              273.40223919              6561.653741               274.40223919              1569951553.466            0                         963                       1.0000000000E+000         1.6000000000E+001         0.0000000000E+000         4.8813855134E+001         4.9228053896E+001         4.5984957376E+002         4.6429502725E+002         6.6193717372E-001         8.3963082897E-001         
2019-10-01                17:40:03.528              273.40281861              6561.667647               274.40281861              1569951603.528            0                         963                       1.0000000000E+000         1.6000000000E+001         0.0000000000E+000         4.8813855134E+001         4.9228053896E+001         4.6007487165E+002         4.6461845549E+002         6.6193717372E-001         8.3963082897E-001         
2019-10-01                17:40:54.700              273.40341088              6561.681861               274.40341088              1569951654.700            0                         963                       1.0000000000E+000         1.6000000000E+001         0.0000000000E+000         4.8813855134E+001         4.9228053896E+001         4.6022600751E+002         4.6484608984E+002         6.6193717372E-001         8.3963082897E-001         
2019-10-01                17:41:45.894              273.40400341              6561.696082               274.40400341              1569951705.895            0                         963                       1.0000000000E+000         1.6000000000E+001         0.0000000000E+000         4.8813855134E+001         4.9228053896E+001         4.6032980353E+002         4.6499879306E+002         6.6193717372E-001         8.3963082897E-001         
2019-10-01                17:42:34.148              273.40456190              6561.709486               274.40456190              1569951754.148            0                         963                       1.0000000000E+000         1.6000000000E+001         0.0000000000E+000         4.8813855134E+001         4.9228053896E+001         4.6043053452E+002         4.6510366549E+002         6.6193717372E-001         8.3963082897E-001         
2019-10-01                17:43:24.253              273.40514182              6561.723404               274.40514182              1569951804.253            0                         963                       1.0000000000E+000         1.6000000000E+001         0.0000000000E+000         4.8813855134E+001         4.9228053896E+001         4.6056602649E+002         4.6520544112E+002         6.6193717372E-001         8.3963082897E-001         
2019-10-01                17:44:15.414              273.40573397              6561.737615               274.40573397              1569951855.415            0                         963                       1.0000000000E+000         1.6000000000E+001         0.0000000000E+000         4.8813855134E+001         4.9228053896E+001         4.6072919931E+002         4.6534233821E+002         6.6193717372E-001         8.3963082897E-001         
2019-10-01                17:45:06.598              273.40632637              6561.751833               274.40632637              1569951906.598            0                         963                       1.0000000000E+000         1.6000000000E+001         0.0000000000E+000         4.8813855134E+001         4.9228053896E+001         4.6097216877E+002         4.6550720322E+002         6.6193717372E-001         8.3963082897E-001         
2019-10-01                17:45:56.673              273.40690594              6561.765743               274.40690594              1569951956.673            0                         963                       1.0000000000E+000         1.6000000000E+001         0.0000000000E+000         4.8813855134E+001         4.9228053896E+001         4.6123572481E+002         4.6575269240E+002         6.6193717372E-001         8.3963082897E-001         
2019-10-01                17:46:44.946              273.40746465              6561.779152               274.40746465              1569952004.946            0                         963                       1.0000000000E+000         1.6000000000E+001         0.0000000000E+000         4.8813855134E+001         4.9228053896E+001         4.6147830205E+002         4.6601898165E+002         6.6193717372E-001         8.3963082897E-001         
2019-10-01                17:47:36.125              273.40805700              6561.793368               274.40805700              1569952056.125            0                         963                       1.0000000000E+000         1.6000000000E+001         0.0000000000E+000         4.8813855134E+001         4.9228053896E+001         4.6198634902E+002         4.6626407455E+002         6.6193717372E-001         8.3963082897E-001         
2019-10-01                17:48:28.332              273.40866126              6561.807870               274.40866126              1569952108.333            0                         963                       1.0000000000E+000         1.6000000000E+001         0.0000000000E+000         4.8813855134E+001         4.9228053896E+001         4.6260521118E+002         4.6677739023E+002         6.6193717372E-001         8.3963082897E-001         
2019-10-01                17:49:18.410              273.40924086              6561.821781               274.40924086              1569952158.410            0                         963                       1.0000000000E+000         1.6000000000E+001         0.0000000000E+000         4.8813855134E+001         4.9228053896E+001         4.6313469408E+002         4.6740267032E+002         6.6193717372E-001         8.3963082897E-001         
2019-10-01                17:50:08.484              273.40982043              6561.835690               274.40982043              1569952208.485            0                         963                       1.0000000000E+000         1.6000000000E+001         0.0000000000E+000         4.8813855134E+001         4.9228053896E+001         4.6354201277E+002         4.6793764424E+002         6.6193717372E-001         8.3963082897E-001         
2019-10-01                17:51:00.660              273.41042431              6561.850183               274.41042431              1569952260.660            0                         963                       1.0000000000E+000         1.6000000000E+001         0.0000000000E+000         4.8813855134E+001         4.9228053896E+001         4.6378464588E+002         4.6834918703E+002         6.6193717372E-001         8.3963082897E-001         
2019-10-01                17:51:51.815              273.41101638              6561.864393               274.41101638              1569952311.815            0                         963                       1.0000000000E+000         1.6000000000E+001         0.0000000000E+000         4.8813855134E+001         4.9228053896E+001         4.6404566333E+002         4.6859433638E+002         6.6193717372E-001         8.3963082897E-001         
2019-10-01                17:52:41.887              273.41159591              6561.878302               274.41159591              1569952361.887            0                         963                       1.0000000000E+000         1.6000000000E+001         0.0000000000E+000         4.8813855134E+001         4.9228053896E+001         4.6434390332E+002         4.6885806071E+002         6.6193717372E-001         8.3963082897E-001         
2019-10-01                17:53:11.444              273.41193801              6561.886512               274.41193801              1569952391.444            0                         963                       2.0000000000E+000         1.6000000000E+001         0.0000000000E+000         5.0496418852E+001         4.9228053896E+001         4.6434390332E+002         4.6915939361E+002         6.6193717372E-001         8.3963082897E-001         
2019-10-01                17:53:31.196              273.41216662              6561.891999               274.41216662              1569952411.196            0                         963                       1.0000000000E+000         1.6000000000E+001         0.0000000000E+000         5.0496418852E+001         4.9228053896E+001         4.6464836235E+002         4.6915939361E+002         6.6193717372E-001         8.3963082897E-001         
2019-10-01                17:54:22.382              273.41275906              6561.906217               274.41275906              1569952462.383            0                         963                       1.0000000000E+000         1.6000000000E+001         0.0000000000E+000         5.0496418852E+001         5.0924894623E+001         4.6484731275E+002         4.6946701004E+002         6.6193717372E-001         8.3963082897E-001         
2019-10-01                17:55:13.565              273.41335146              6561.920435               274.41335146              1569952513.566            0                         963                       1.0000000000E+000         1.6000000000E+001         0.0000000000E+000         5.0496418852E+001         5.0924894623E+001         4.6502905958E+002         4.6966802366E+002         6.6193717372E-001         8.3963082897E-001         
2019-10-01                17:56:05.736              273.41395528              6561.934927               274.41395528              1569952565.736            0                         963                       1.0000000000E+000         1.6000000000E+001         0.0000000000E+000         5.0496418852E+001         5.0924894623E+001         4.6519947762E+002         4.6985165530E+002         6.6193717372E-001         8.3963082897E-001         
2019-10-01                17:56:55.826              273.41453503              6561.948841               274.41453503              1569952615.827            0                         963                       1.0000000000E+000         1.6000000000E+001         0.0000000000E+000         5.0496418852E+001         5.0924894623E+001         4.6536997169E+002         4.7002384067E+002         6.6193717372E-001         8.3963082897E-001         
2019-10-01                17:57:46.979              273.41512707              6561.963050               274.41512707              1569952666.979            0                         963                       1.0000000000E+000         1.6000000000E+001         0.0000000000E+000         5.0496418852E+001         5.0924894623E+001         4.6545809951E+002         4.7019610285E+002         6.6193717372E-001         8.3963082897E-001         
2019-10-01                17:58:38.134              273.41571916              6561.977260               274.41571916              1569952718.135            0                         963                       1.0000000000E+000         1.6000000000E+001         0.0000000000E+000         5.0496418852E+001         5.0924894623E+001         4.6549852665E+002         4.7028514460E+002         6.6193717372E-001         8.3963082897E-001         
2019-10-01                17:59:29.249              273.41631075              6561.991458               274.41631075              1569952769.249            0                         963                       1.0000000000E+000         1.6000000000E+001         0.0000000000E+000         5.0496418852E+001         5.0924894623E+001         4.6552705049E+002         4.7032599099E+002         6.6193717372E-001         8.3963082897E-001         
2019-10-01                18:00:19.332              273.41689043              6562.005370               274.41689043              1569952819.333            0                         963                       1.0000000000E+000         1.6000000000E+001         0.0000000000E+000         5.0496418852E+001         5.0924894623E+001         4.6552784948E+002         4.7035481064E+002         6.6193717372E-001         8.3963082897E-001         
2019-10-01                18:01:10.493              273.41748256              6562.019581               274.41748256              1569952870.493            0                         963                       1.0000000000E+000         1.6000000000E+001         0.0000000000E+000         5.0496418852E+001         5.0924894623E+001         4.6547325393E+002         4.7035561791E+002         6.6193717372E-001         8.3963082897E-001         
2019-10-01                18:02:02.700              273.41808682              6562.034084               274.41808682              1569952922.701            0                         963                       1.0000000000E+000         1.6000000000E+001         0.0000000000E+000         5.0496418852E+001         5.0924894623E+001         4.6537320098E+002         4.7030045618E+002         6.6193717372E-001         8.3963082897E-001         
2019-10-01                18:02:52.789              273.41866654              6562.047997               274.41866654              1569952972.789            0                         963                       1.0000000000E+000         1.6000000000E+001         0.0000000000E+000         5.0496418852E+001         5.0924894623E+001         4.6531956443E+002         4.7019936563E+002         6.6193717372E-001         8.3963082897E-001         
2019-10-01                18:03:42.862              273.41924610              6562.061906               274.41924610              1569953022.863            0                         963                       1.0000000000E+000         1.6000000000E+001         0.0000000000E+000         5.0496418852E+001         5.0924894623E+001         4.6523701701E+002         4.7014517284E+002         6.6193717372E-001         8.3963082897E-001         
2019-10-01                18:04:35.059              273.41985022              6562.076405               274.41985022              1569953075.059            0                         963                       1.0000000000E+000         1.6000000000E+001         0.0000000000E+000         5.0496418852E+001         5.0924894623E+001         4.6506204295E+002         4.7006176936E+002         6.6193717372E-001         8.3963082897E-001         
2019-10-01                18:05:27.153              273.42045316              6562.090876               274.42045316              1569953127.153            0                         963                       1.0000000000E+000         1.6000000000E+001         0.0000000000E+000         5.0496418852E+001         5.0924894623E+001         4.6479791987E+002         4.6988498073E+002         6.6193717372E-001         8.3963082897E-001         
2019-10-01                18:06:17.209              273.42103251              6562.104780               274.42103251              1569953177.209            0                         963                       1.0000000000E+000         1.6000000000E+001         0.0000000000E+000         5.0496418852E+001         5.0924894623E+001         4.6451235042E+002         4.6961811855E+002         6.6193717372E-001         8.3963082897E-001         
2019-10-01                18:07:07.279              273.42161204              6562.118689               274.42161204              1569953227.280            0                         963                       1.0000000000E+000         1.6000000000E+001         0.0000000000E+000         5.0496418852E+001         5.0924894623E+001         4.6424977146E+002         4.6932958759E+002         6.6193717372E-001         8.3963082897E-001         
2019-10-01                18:07:10.887              273.42165378              6562.119691               274.42165378              1569953230.887            0                         963                       3.0000000000E+000         1.6000000000E+001         0.0000000000E+000         5.0496418852E+001         5.0932006741E+001         4.6424977146E+002         4.6914421754E+002         6.8374632119E-001         8.6671413027E-001         
2019-10-01                18:07:44.845              273.42204682              6562.129124               274.42204682              1569953264.845            0                         963                       1.0000000000E+000         1.6000000000E+001         0.0000000000E+000         5.0496418852E+001         5.0932006741E+001         4.6411565971E+002         4.6914421754E+002         6.8374632119E-001         8.6671413027E-001         
2019-10-01                18:08:36.032              273.42263926              6562.143342               274.42263926              1569953316.032            0                         963                       1.0000000000E+000         1.6000000000E+001         0.0000000000E+000         5.0496418852E+001         5.0939125357E+001         4.6406350672E+002         4.6908867453E+002         6.8374632119E-001         8.6671413027E-001         
2019-10-01                18:09:26.101              273.42321876              6562.157250               274.42321876              1569953366.101            0                         963                       1.0000000000E+000         1.6000000000E+001         0.0000000000E+000         5.0496418852E+001         5.0939125357E+001         4.6398650238E+002         4.6903596271E+002         6.8374632119E-001         8.6671413027E-001         
2019-10-01                18:10:15.322              273.42378846              6562.170923               274.42378846              1569953415.323            0                         963                       1.0000000000E+000         1.6000000000E+001         0.0000000000E+000         5.0496418852E+001         5.0939125357E+001         4.6384577459E+002         4.6895813327E+002         6.8374632119E-001         8.6671413027E-001         
2019-10-01                18:11:06.490              273.42438067              6562.185136               274.42438067              1569953466.490            0                         963                       1.0000000000E+000         1.6000000000E+001         0.0000000000E+000         5.0496418852E+001         5.0939125357E+001         4.6364622944E+002         4.6881589757E+002         6.8374632119E-001         8.6671413027E-001         
