DATE                      TIME                      FRAC_DAYS_SINCE_JAN1      FRAC_HRS_SINCE_JAN1       JULIAN_DAYS               EPOCH_TIME                ALARM_STATUS              INST_STATUS               species                   MPVPosition               solenoid_valves           CH4                       CH4_dry                   CO2                       CO2_dry                   H2O                       h2o_reported              
2019-07-07                22:47:48.190              187.61652999              4502.796720               188.61652999              1562539668.191            0                         963                       1.0000000000E+000         7.0000000000E+000         0.0000000000E+000         3.9881749442E+001         4.0427316446E+001         4.3819445552E+002         4.4546637805E+002         1.0621166099E+000         1.3310625948E+000         
2019-07-07                22:48:38.276              187.61710968              4502.810632               188.61710968              1562539718.276            0                         963                       1.0000000000E+000         7.0000000000E+000         0.0000000000E+000         3.9881749442E+001         4.0427316446E+001         4.3829165032E+002         4.4552173366E+002         1.0621166099E+000         1.3310625948E+000         
2019-07-07                22:49:28.375              187.61768954              4502.824549               188.61768954              1562539768.376            0                         963                       1.0000000000E+000         7.0000000000E+000         0.0000000000E+000         3.9881749442E+001         4.0427316446E+001         4.3842140213E+002         4.4562055370E+002         1.0621166099E+000         1.3310625948E+000         
2019-07-07                22:50:17.624              187.61825954              4502.838229               188.61825954              1562539817.624            0                         963                       1.0000000000E+000         7.0000000000E+000         0.0000000000E+000         3.9881749442E+001         4.0427316446E+001         4.3858707550E+002         4.4575247516E+002         1.0621166099E+000         1.3310625948E+000         
2019-07-07                22:51:08.750              187.61885127              4502.852431               188.61885127              1562539868.750            0                         963                       1.0000000000E+000         7.0000000000E+000         0.0000000000E+000         3.9881749442E+001         4.0427316446E+001         4.3873113257E+002         4.4592091885E+002         1.0621166099E+000         1.3310625948E+000         
2019-07-07                22:51:58.012              187.61942144              4502.866114               188.61942144              1562539918.012            0                         963                       1.0000000000E+000         7.0000000000E+000         0.0000000000E+000         3.9881749442E+001         4.0427316446E+001         4.3886017357E+002         4.4606738477E+002         1.0621166099E+000         1.3310625948E+000         
2019-07-07                22:52:48.128              187.62000149              4502.880036               188.62000149              1562539968.129            0                         963                       1.0000000000E+000         7.0000000000E+000         0.0000000000E+000         3.9881749442E+001         4.0427316446E+001         4.3898750752E+002         4.4619858353E+002         1.0621166099E+000         1.3310625948E+000         
2019-07-07                22:53:38.388              187.62058319              4502.893997               188.62058319              1562540018.388            0                         963                       1.0000000000E+000         7.0000000000E+000         0.0000000000E+000         3.9881749442E+001         4.0427316446E+001         4.3910323566E+002         4.4632804670E+002         1.0621166099E+000         1.3310625948E+000         
2019-07-07                22:54:28.499              187.62116318              4502.907916               188.62116318              1562540068.499            0                         963                       1.0000000000E+000         7.0000000000E+000         0.0000000000E+000         3.9881749442E+001         4.0427316446E+001         4.3915373290E+002         4.4644570998E+002         1.0621166099E+000         1.3310625948E+000         
2019-07-07                22:55:17.759              187.62173332              4502.921600               188.62173332              1562540117.759            0                         963                       1.0000000000E+000         7.0000000000E+000         0.0000000000E+000         3.9881749442E+001         4.0427316446E+001         4.3916933328E+002         4.4649705161E+002         1.0621166099E+000         1.3310625948E+000         
2019-07-07                22:56:07.924              187.62231395              4502.935535               188.62231395              1562540167.925            0                         963                       1.0000000000E+000         7.0000000000E+000         0.0000000000E+000         3.9881749442E+001         4.0427316446E+001         4.3926059192E+002         4.4651291286E+002         1.0621166099E+000         1.3310625948E+000         
2019-07-07                22:56:57.247              187.62288481              4502.949236               188.62288481              1562540217.248            0                         963                       1.0000000000E+000         7.0000000000E+000         0.0000000000E+000         3.9881749442E+001         4.0427316446E+001         4.3937134672E+002         4.4660569748E+002         1.0621166099E+000         1.3310625948E+000         
2019-07-07                22:57:47.428              187.62346561              4502.963175               188.62346561              1562540267.429            0                         963                       1.0000000000E+000         7.0000000000E+000         0.0000000000E+000         3.9881749442E+001         4.0427316446E+001         4.3947012623E+002         4.4671830427E+002         1.0621166099E+000         1.3310625948E+000         
2019-07-07                22:58:36.677              187.62403561              4502.976855               188.62403561              1562540316.677            0                         963                       1.0000000000E+000         7.0000000000E+000         0.0000000000E+000         3.9881749442E+001         4.0427316446E+001         4.3954613948E+002         4.4681873552E+002         1.0621166099E+000         1.3310625948E+000         
2019-07-07                22:59:25.832              187.62460455              4502.990509               188.62460455              1562540365.833            0                         963                       1.0000000000E+000         7.0000000000E+000         0.0000000000E+000         3.9881749442E+001         4.0427316446E+001         4.3959404827E+002         4.4689601984E+002         1.0621166099E+000         1.3310625948E+000         
2019-07-07                23:00:15.930              187.62518438              4503.004425               188.62518438              1562540415.930            0                         963                       1.0000000000E+000         7.0000000000E+000         0.0000000000E+000         3.9881749442E+001         4.0427316446E+001         4.3965629874E+002         4.4694472973E+002         1.0621166099E+000         1.3310625948E+000         
2019-07-07                23:01:05.220              187.62575486              4503.018117               188.62575486              1562540465.220            0                         963                       1.0000000000E+000         7.0000000000E+000         0.0000000000E+000         3.9881749442E+001         4.0427316446E+001         4.3974287405E+002         4.4700802112E+002         1.0621166099E+000         1.3310625948E+000         
2019-07-07                23:01:55.368              187.62633528              4503.032047               188.62633528              1562540515.368            0                         963                       1.0000000000E+000         7.0000000000E+000         0.0000000000E+000         3.9881749442E+001         4.0427316446E+001         4.3982593423E+002         4.4709604410E+002         1.0621166099E+000         1.3310625948E+000         
2019-07-07                23:02:44.625              187.62690539              4503.045729               188.62690539              1562540564.626            0                         963                       1.0000000000E+000         7.0000000000E+000         0.0000000000E+000         3.9881749442E+001         4.0427316446E+001         4.3988736211E+002         4.4718049318E+002         1.0621166099E+000         1.3310625948E+000         
2019-07-07                23:03:33.861              187.62747525              4503.059406               188.62747525              1562540613.862            0                         963                       1.0000000000E+000         7.0000000000E+000         0.0000000000E+000         3.9881749442E+001         4.0427316446E+001         4.3995737515E+002         4.4724294822E+002         1.0621166099E+000         1.3310625948E+000         
2019-07-07                23:04:23.974              187.62805527              4503.073326               188.62805527              1562540663.975            0                         963                       1.0000000000E+000         7.0000000000E+000         0.0000000000E+000         3.9881749442E+001         4.0427316446E+001         4.4003730661E+002         4.4731413199E+002         1.0621166099E+000         1.3310625948E+000         
2019-07-07                23:05:14.117              187.62863561              4503.087255               188.62863561              1562540714.117            0                         963                       1.0000000000E+000         7.0000000000E+000         0.0000000000E+000         3.9881749442E+001         4.0427316446E+001         4.4011044027E+002         4.4739540003E+002         1.0621166099E+000         1.3310625948E+000         
2019-07-07                23:06:03.384              187.62920583              4503.100940               188.62920583              1562540763.384            0                         963                       1.0000000000E+000         7.0000000000E+000         0.0000000000E+000         3.9881749442E+001         4.0427316446E+001         4.4020863187E+002         4.4746975659E+002         1.0621166099E+000         1.3310625948E+000         
2019-07-07                23:06:52.641              187.62977594              4503.114623               188.62977594              1562540812.641            0                         963                       1.0000000000E+000         7.0000000000E+000         0.0000000000E+000         3.9881749442E+001         4.0427316446E+001         4.4029437006E+002         4.4756959011E+002         1.0621166099E+000         1.3310625948E+000         
2019-07-07                23:07:42.747              187.63035588              4503.128541               188.63035588              1562540862.748            0                         963                       1.0000000000E+000         7.0000000000E+000         0.0000000000E+000         3.9881749442E+001         4.0427316446E+001         4.4034411346E+002         4.4765676197E+002         1.0621166099E+000         1.3310625948E+000         
2019-07-07                23:08:32.934              187.63093675              4503.142482               188.63093675              1562540912.935            0                         963                       1.0000000000E+000         7.0000000000E+000         0.0000000000E+000         3.9881749442E+001         4.0427316446E+001         4.4034105679E+002         4.4770733716E+002         1.0621166099E+000         1.3310625948E+000         
2019-07-07                23:09:23.242              187.63151900              4503.156456               188.63151900              1562540963.242            0                         963                       1.0000000000E+000         7.0000000000E+000         0.0000000000E+000         3.9881749442E+001         4.0427316446E+001         4.4035921582E+002         4.4770422937E+002         1.0621166099E+000         1.3310625948E+000         
2019-07-07                23:10:13.316              187.63209858              4503.170366               188.63209858              1562541013.317            0                         963                       1.0000000000E+000         7.0000000000E+000         0.0000000000E+000         3.9881749442E+001         4.0427316446E+001         4.4041426929E+002         4.4772269205E+002         1.0621166099E+000         1.3310625948E+000         
2019-07-07                23:11:02.568              187.63266861              4503.184047               188.63266861              1562541062.568            0                         963                       1.0000000000E+000         7.0000000000E+000         0.0000000000E+000         3.9881749442E+001         4.0427316446E+001         4.4047222553E+002         4.4777866610E+002         1.0621166099E+000         1.3310625948E+000         
2019-07-07                23:11:51.811              187.63323855              4503.197725               188.63323855              1562541111.811            0                         963                       1.0000000000E+000         7.0000000000E+000         0.0000000000E+000         3.9881749442E+001         4.0427316446E+001         4.4050530259E+002         4.4783759146E+002         1.0621166099E+000         1.3310625948E+000         
2019-07-07                23:12:41.059              187.63380856              4503.211406               188.63380856              1562541161.060            0                         963                       1.0000000000E+000         7.0000000000E+000         0.0000000000E+000         3.9881749442E+001         4.0427316446E+001         4.4051153780E+002         4.4787122161E+002         1.0621166099E+000         1.3310625948E+000         
2019-07-07                23:13:31.140              187.63438819              4503.225317               188.63438819              1562541211.140            0                         963                       1.0000000000E+000         7.0000000000E+000         0.0000000000E+000         3.9881749442E+001         4.0427316446E+001         4.4057147762E+002         4.4787756109E+002         1.0621166099E+000         1.3310625948E+000         
2019-07-07                23:14:20.371              187.63495801              4503.238992               188.63495801              1562541260.372            0                         963                       1.0000000000E+000         7.0000000000E+000         0.0000000000E+000         3.9881749442E+001         4.0427316446E+001         4.4067241886E+002         4.4793850318E+002         1.0621166099E+000         1.3310625948E+000         
2019-07-07                23:15:11.608              187.63555103              4503.253225               188.63555103              1562541311.609            0                         963                       1.0000000000E+000         7.0000000000E+000         0.0000000000E+000         3.9881749442E+001         4.0427316446E+001         4.4076224580E+002         4.4804113232E+002         1.0621166099E+000         1.3310625948E+000         
2019-07-07                23:16:01.750              187.63613137              4503.267153               188.63613137              1562541361.750            0                         963                       1.0000000000E+000         7.0000000000E+000         0.0000000000E+000         3.9881749442E+001         4.0427316446E+001         4.4088103314E+002         4.4813246130E+002         1.0621166099E+000         1.3310625948E+000         
2019-07-07                23:16:51.002              187.63670141              4503.280834               188.63670141              1562541411.002            0                         963                       1.0000000000E+000         7.0000000000E+000         0.0000000000E+000         3.9881749442E+001         4.0427316446E+001         4.4102637170E+002         4.4825323495E+002         1.0621166099E+000         1.3310625948E+000         
2019-07-07                23:17:41.078              187.63728100              4503.294744               188.63728100              1562541461.078            0                         963                       1.0000000000E+000         7.0000000000E+000         0.0000000000E+000         3.9881749442E+001         4.0427316446E+001         4.4108749469E+002         4.4840100379E+002         1.0621166099E+000         1.3310625948E+000         
2019-07-07                23:18:31.151              187.63786056              4503.308653               188.63786056              1562541511.152            0                         963                       1.0000000000E+000         7.0000000000E+000         0.0000000000E+000         3.9881749442E+001         4.0427316446E+001         4.4110943368E+002         4.4846314885E+002         1.0621166099E+000         1.3310625948E+000         
2019-07-07                23:19:20.392              187.63843047              4503.322331               188.63843047              1562541560.393            0                         963                       1.0000000000E+000         7.0000000000E+000         0.0000000000E+000         3.9881749442E+001         4.0427316446E+001         4.4113787253E+002         4.4848545469E+002         1.0621166099E+000         1.3310625948E+000         
2019-07-07                23:20:09.622              187.63900027              4503.336006               188.63900027              1562541609.623            0                         963                       1.0000000000E+000         7.0000000000E+000         0.0000000000E+000         3.9881749442E+001         4.0427316446E+001         4.4117145718E+002         4.4851436908E+002         1.0621166099E+000         1.3310625948E+000         
2019-07-07                23:20:58.854              187.63957007              4503.349682               188.63957007              1562541658.854            0                         963                       1.0000000000E+000         7.0000000000E+000         0.0000000000E+000         3.9881749442E+001         4.0427316446E+001         4.4124104927E+002         4.4854851532E+002         1.0621166099E+000         1.3310625948E+000         
2019-07-07                23:21:48.983              187.64015028              4503.363607               188.64015028              1562541708.984            0                         963                       1.0000000000E+000         7.0000000000E+000         0.0000000000E+000         3.9881749442E+001         4.0427316446E+001         4.4134475729E+002         4.4861927109E+002         1.0621166099E+000         1.3310625948E+000         
2019-07-07                23:22:38.246              187.64072044              4503.377291               188.64072044              1562541758.246            0                         963                       1.0000000000E+000         7.0000000000E+000         0.0000000000E+000         3.9881749442E+001         4.0427316446E+001         4.4148931083E+002         4.4872471327E+002         1.0621166099E+000         1.3310625948E+000         
2019-07-07                23:23:28.319              187.64130000              4503.391200               188.64130000              1562541808.320            0                         963                       1.0000000000E+000         7.0000000000E+000         0.0000000000E+000         3.9881749442E+001         4.0427316446E+001         4.4173255952E+002         4.4887168397E+002         1.0621166099E+000         1.3310625948E+000         
2019-07-07                23:24:17.585              187.64187020              4503.404885               188.64187020              1562541857.585            0                         963                       1.0000000000E+000         7.0000000000E+000         0.0000000000E+000         3.9881749442E+001         4.0427316446E+001         4.4199250910E+002         4.4911900015E+002         1.0621166099E+000         1.3310625948E+000         
2019-07-07                23:25:06.819              187.64244005              4503.418561               188.64244005              1562541906.820            0                         963                       1.0000000000E+000         7.0000000000E+000         0.0000000000E+000         3.9881749442E+001         4.0427316446E+001         4.4221201072E+002         4.4938329648E+002         1.0621166099E+000         1.3310625948E+000         
2019-07-07                23:25:57.046              187.64302137              4503.432513               188.64302137              1562541957.046            0                         963                       1.0000000000E+000         7.0000000000E+000         0.0000000000E+000         3.9881749442E+001         4.0427316446E+001         4.4245478844E+002         4.4960646850E+002         1.0621166099E+000         1.3310625948E+000         
2019-07-07                23:26:47.184              187.64360168              4503.446440               188.64360168              1562542007.185            0                         963                       1.0000000000E+000         7.0000000000E+000         0.0000000000E+000         3.9881749442E+001         4.0427316446E+001         4.4267038722E+002         4.4985330583E+002         1.0621166099E+000         1.3310625948E+000         
2019-07-07                23:27:37.322              187.64418197              4503.460367               188.64418197              1562542057.322            0                         963                       1.0000000000E+000         7.0000000000E+000         0.0000000000E+000         3.9881749442E+001         4.0427316446E+001         4.4282670162E+002         4.5007250975E+002         1.0621166099E+000         1.3310625948E+000         
2019-07-07                23:28:27.655              187.64476454              4503.474349               188.64476454              1562542107.656            0                         963                       1.0000000000E+000         7.0000000000E+000         0.0000000000E+000         3.9881749442E+001         4.0427316446E+001         4.4297422816E+002         4.5023143796E+002         1.0621166099E+000         1.3310625948E+000         
2019-07-07                23:29:17.723              187.64534403              4503.488257               188.64534403              1562542157.724            0                         963                       1.0000000000E+000         7.0000000000E+000         0.0000000000E+000         3.9881749442E+001         4.0427316446E+001         4.4312161906E+002         4.5038143137E+002         1.0621166099E+000         1.3310625948E+000         
2019-07-07                23:30:06.957              187.64591385              4503.501933               188.64591385              1562542206.957            0                         963                       1.0000000000E+000         7.0000000000E+000         0.0000000000E+000         3.9881749442E+001         4.0427316446E+001         4.4329355021E+002         4.5053128687E+002         1.0621166099E+000         1.3310625948E+000         
2019-07-07                23:30:56.203              187.64648384              4503.515612               188.64648384              1562542256.204            0                         963                       1.0000000000E+000         7.0000000000E+000         0.0000000000E+000         3.9881749442E+001         4.0427316446E+001         4.4344636529E+002         4.5070609298E+002         1.0621166099E+000         1.3310625948E+000         
2019-07-07                23:31:46.303              187.64706370              4503.529529               188.64706370              1562542306.304            0                         963                       1.0000000000E+000         7.0000000000E+000         0.0000000000E+000         3.9881749442E+001         4.0427316446E+001         4.4356323613E+002         4.5086146336E+002         1.0621166099E+000         1.3310625948E+000         
2019-07-07                23:32:35.545              187.64763362              4503.543207               188.64763362              1562542355.545            0                         963                       1.0000000000E+000         7.0000000000E+000         0.0000000000E+000         3.9881749442E+001         4.0427316446E+001         4.4364217976E+002         4.5098028845E+002         1.0621166099E+000         1.3310625948E+000         
2019-07-07                23:33:24.783              187.64820352              4503.556884               188.64820352              1562542404.784            0                         963                       1.0000000000E+000         7.0000000000E+000         0.0000000000E+000         3.9881749442E+001         4.0427316446E+001         4.4366371547E+002         4.5106055214E+002         1.0621166099E+000         1.3310625948E+000         
2019-07-07                23:34:14.003              187.64877319              4503.570557               188.64877319              1562542454.004            0                         963                       1.0000000000E+000         7.0000000000E+000         0.0000000000E+000         3.9881749442E+001         4.0427316446E+001         4.4363015683E+002         4.5108244796E+002         1.0621166099E+000         1.3310625948E+000         
2019-07-07                23:35:03.262              187.64934331              4503.584239               188.64934331              1562542503.262            0                         963                       1.0000000000E+000         7.0000000000E+000         0.0000000000E+000         3.9881749442E+001         4.0427316446E+001         4.4355095999E+002         4.5104832817E+002         1.0621166099E+000         1.3310625948E+000         
2019-07-07                23:35:53.434              187.64992400              4503.598176               188.64992400              1562542553.434            0                         963                       1.0000000000E+000         7.0000000000E+000         0.0000000000E+000         3.9881749442E+001         4.0427316446E+001         4.4348659521E+002         4.5096780703E+002         1.0621166099E+000         1.3310625948E+000         
2019-07-07                23:36:43.506              187.65050354              4503.612085               188.65050354              1562542603.506            0                         963                       1.0000000000E+000         7.0000000000E+000         0.0000000000E+000         3.9881749442E+001         4.0427316446E+001         4.4341221476E+002         4.5090236598E+002         1.0621166099E+000         1.3310625948E+000         
2019-07-07                23:37:32.736              187.65107334              4503.625760               188.65107334              1562542652.737            0                         963                       1.0000000000E+000         7.0000000000E+000         0.0000000000E+000         3.9881749442E+001         4.0427316446E+001         4.4327317441E+002         4.5082674178E+002         1.0621166099E+000         1.3310625948E+000         
2019-07-07                23:38:21.980              187.65164329              4503.639439               188.65164329              1562542701.980            0                         963                       1.0000000000E+000         7.0000000000E+000         0.0000000000E+000         3.9881749442E+001         4.0427316446E+001         4.4311252933E+002         4.5068537646E+002         1.0621166099E+000         1.3310625948E+000         
2019-07-07                23:39:12.154              187.65222400              4503.653376               188.65222400              1562542752.154            0                         963                       1.0000000000E+000         7.0000000000E+000         0.0000000000E+000         3.9881749442E+001         4.0427316446E+001         4.4301783110E+002         4.5052204515E+002         1.0621166099E+000         1.3310625948E+000         
2019-07-07                23:40:01.390              187.65279387              4503.667053               188.65279387              1562542801.390            0                         963                       1.0000000000E+000         7.0000000000E+000         0.0000000000E+000         3.9881749442E+001         4.0427316446E+001         4.4297436873E+002         4.5042576342E+002         1.0621166099E+000         1.3310625948E+000         
2019-07-07                23:40:50.634              187.65336383              4503.680732               188.65336383              1562542850.635            0                         963                       1.0000000000E+000         7.0000000000E+000         0.0000000000E+000         3.9881749442E+001         4.0427316446E+001         4.4290045298E+002         4.5038157430E+002         1.0621166099E+000         1.3310625948E+000         
2019-07-07                23:41:40.749              187.65394385              4503.694653               188.65394385              1562542900.749            0                         963                       1.0000000000E+000         7.0000000000E+000         0.0000000000E+000         3.9881749442E+001         4.0427316446E+001         4.4288308215E+002         4.5030642256E+002         1.0621166099E+000         1.3310625948E+000         
2019-07-07                23:42:30.039              187.65451434              4503.708344               188.65451434              1562542950.039            0                         963                       1.0000000000E+000         7.0000000000E+000         0.0000000000E+000         3.9881749442E+001         4.0427316446E+001         4.4284891191E+002         4.5028876127E+002         1.0621166099E+000         1.3310625948E+000         
2019-07-07                23:43:20.177              187.65509464              4503.722271               188.65509464              1562543000.177            0                         963                       1.0000000000E+000         7.0000000000E+000         0.0000000000E+000         3.9881749442E+001         4.0427316446E+001         4.4277858929E+002         4.5025401964E+002         1.0621166099E+000         1.3310625948E+000         
2019-07-07                23:44:10.335              187.65567519              4503.736204               188.65567519              1562543050.336            0                         963                       1.0000000000E+000         7.0000000000E+000         0.0000000000E+000         3.9881749442E+001         4.0427316446E+001         4.4277265213E+002         4.5018252113E+002         1.0621166099E+000         1.3310625948E+000         
2019-07-07                23:45:00.496              187.65625574              4503.750138               188.65625574              1562543100.496            0                         963                       1.0000000000E+000         7.0000000000E+000         0.0000000000E+000         3.9881749442E+001         4.0427316446E+001         4.4277837233E+002         4.5017648469E+002         1.0621166099E+000         1.3310625948E+000         
2019-07-07                23:45:48.805              187.65681488              4503.763557               188.65681488              1562543148.806            0                         963                       1.0000000000E+000         7.0000000000E+000         0.0000000000E+000         3.9881749442E+001         4.0427316446E+001         4.4276463906E+002         4.5018230054E+002         1.0621166099E+000         1.3310625948E+000         
2019-07-07                23:46:38.032              187.65738464              4503.777231               188.65738464              1562543198.033            0                         963                       1.0000000000E+000         7.0000000000E+000         0.0000000000E+000         3.9881749442E+001         4.0427316446E+001         4.4272940841E+002         4.5016833763E+002         1.0621166099E+000         1.3310625948E+000         
2019-07-07                23:47:27.269              187.65795451              4503.790908               188.65795451              1562543247.270            0                         963                       1.0000000000E+000         7.0000000000E+000         0.0000000000E+000         3.9881749442E+001         4.0427316446E+001         4.4267128351E+002         4.5013251786E+002         1.0621166099E+000         1.3310625948E+000         
2019-07-07                23:48:17.460              187.65853542              4503.804850               188.65853542              1562543297.460            0                         963                       1.0000000000E+000         7.0000000000E+000         0.0000000000E+000         3.9881749442E+001         4.0427316446E+001         4.4259868637E+002         4.5007342103E+002         1.0621166099E+000         1.3310625948E+000         
