DATE                      TIME                      FRAC_DAYS_SINCE_JAN1      FRAC_HRS_SINCE_JAN1       JULIAN_DAYS               EPOCH_TIME                ALARM_STATUS              INST_STATUS               species                   MPVPosition               solenoid_valves           CH4                       CH4_dry                   CO2                       CO2_dry                   H2O                       h2o_reported              
2019-12-18                13:05:28.941              351.21214053              8429.091373               352.21214053              1576674328.942            0                         963                       1.0000000000E+000         0.0000000000E+000         0.0000000000E+000         4.5662840166E+001         4.6008194082E+001         4.4856911687E+002         4.5272010569E+002         5.9049617655E-001         7.5066316685E-001         
2019-12-18                13:06:20.039              351.21273194              8429.105567               352.21273194              1576674380.040            0                         963                       1.0000000000E+000         0.0000000000E+000         0.0000000000E+000         4.5662840166E+001         4.6008194082E+001         4.4854097592E+002         4.5271537246E+002         5.9049617655E-001         7.5066316685E-001         
2019-12-18                13:07:10.137              351.21331177              8429.119483               352.21331177              1576674430.137            0                         963                       1.0000000000E+000         0.0000000000E+000         0.0000000000E+000         4.5662840166E+001         4.6008194082E+001         4.4849089668E+002         4.5268697139E+002         5.9049617655E-001         7.5066316685E-001         
2019-12-18                13:08:01.312              351.21390409              8429.133698               352.21390409              1576674481.313            0                         963                       1.0000000000E+000         0.0000000000E+000         0.0000000000E+000         4.5662840166E+001         4.6008194082E+001         4.4848047252E+002         4.5263642926E+002         5.9049617655E-001         7.5066316685E-001         
2019-12-18                13:08:53.483              351.21450792              8429.148190               352.21450792              1576674533.484            0                         963                       1.0000000000E+000         0.0000000000E+000         0.0000000000E+000         4.5662840166E+001         4.6008194082E+001         4.4846708482E+002         4.5262590874E+002         5.9049617655E-001         7.5066316685E-001         
2019-12-18                13:08:57.055              351.21454925              8429.149182               352.21454925              1576674537.055            0                         963                       3.0000000000E+000         0.0000000000E+000         0.0000000000E+000         4.5662840166E+001         4.6005546280E+001         4.4846708482E+002         4.5258060985E+002         5.8150469051E-001         7.3943849331E-001         
2019-12-18                13:09:30.073              351.21493141              8429.158354               352.21493141              1576674570.074            0                         963                       1.0000000000E+000         0.0000000000E+000         0.0000000000E+000         4.5662840166E+001         4.6005546280E+001         4.4843830185E+002         4.5258060985E+002         5.8150469051E-001         7.3943849331E-001         
2019-12-18                13:10:21.293              351.21552424              8429.172582               352.21552424              1576674621.294            0                         963                       1.0000000000E+000         0.0000000000E+000         0.0000000000E+000         4.5662840166E+001         4.6002899482E+001         4.4842241297E+002         4.5251978962E+002         5.8150469051E-001         7.3943849331E-001         
2019-12-18                13:11:12.487              351.21611676              8429.186802               352.21611676              1576674672.488            0                         963                       1.0000000000E+000         0.0000000000E+000         0.0000000000E+000         4.5662840166E+001         4.6002899482E+001         4.4839949912E+002         4.5250375613E+002         5.8150469051E-001         7.3943849331E-001         
2019-12-18                13:12:04.694              351.21672101              8429.201304               352.21672101              1576674724.695            0                         963                       1.0000000000E+000         0.0000000000E+000         0.0000000000E+000         4.5662840166E+001         4.6002899482E+001         4.4838758661E+002         4.5248063373E+002         5.8150469051E-001         7.3943849331E-001         
2019-12-18                13:12:56.828              351.21732440              8429.215786               352.21732440              1576674776.828            0                         963                       1.0000000000E+000         0.0000000000E+000         0.0000000000E+000         4.5662840166E+001         4.6002899482E+001         4.4839092365E+002         4.5246861279E+002         5.8150469051E-001         7.3943849331E-001         
2019-12-18                13:13:46.905              351.21790400              8429.229696               352.21790400              1576674826.906            0                         963                       1.0000000000E+000         0.0000000000E+000         0.0000000000E+000         4.5662840166E+001         4.6002899482E+001         4.4838430514E+002         4.5247198021E+002         5.8150469051E-001         7.3943849331E-001         
2019-12-18                13:14:39.112              351.21850825              8429.244198               352.21850825              1576674879.113            0                         963                       1.0000000000E+000         0.0000000000E+000         0.0000000000E+000         4.5662840166E+001         4.6002899482E+001         4.4837507155E+002         4.5246530146E+002         5.8150469051E-001         7.3943849331E-001         
2019-12-18                13:15:30.280              351.21910047              8429.258411               352.21910047              1576674930.281            0                         963                       1.0000000000E+000         0.0000000000E+000         0.0000000000E+000         4.5662840166E+001         4.6002899482E+001         4.4838344744E+002         4.5245598383E+002         5.8150469051E-001         7.3943849331E-001         
2019-12-18                13:16:19.510              351.21967027              8429.272086               352.21967027              1576674979.511            0                         963                       1.0000000000E+000         0.0000000000E+000         0.0000000000E+000         4.5662840166E+001         4.6002899482E+001         4.4838282525E+002         4.5246443595E+002         5.8150469051E-001         7.3943849331E-001         
2019-12-18                13:17:11.650              351.22027373              8429.286569               352.22027373              1576675031.650            0                         963                       1.0000000000E+000         0.0000000000E+000         0.0000000000E+000         4.5662840166E+001         4.6002899482E+001         4.4842494063E+002         4.5246380810E+002         5.8150469051E-001         7.3943849331E-001         
2019-12-18                13:18:02.822              351.22086600              8429.300784               352.22086600              1576675082.822            0                         963                       1.0000000000E+000         0.0000000000E+000         0.0000000000E+000         4.5662840166E+001         4.6002899482E+001         4.4847952260E+002         4.5250630679E+002         5.8150469051E-001         7.3943849331E-001         
2019-12-18                13:18:53.993              351.22145825              8429.314998               352.22145825              1576675133.993            0                         963                       1.0000000000E+000         0.0000000000E+000         0.0000000000E+000         4.5662840166E+001         4.6002899482E+001         4.4848884887E+002         4.5256138555E+002         5.8150469051E-001         7.3943849331E-001         
2019-12-18                13:19:45.101              351.22204978              8429.329195               352.22204978              1576675185.101            0                         963                       1.0000000000E+000         0.0000000000E+000         0.0000000000E+000         4.5662840166E+001         4.6002899482E+001         4.4852730539E+002         4.5257079670E+002         5.8150469051E-001         7.3943849331E-001         
2019-12-18                13:20:36.203              351.22264125              8429.343390               352.22264125              1576675236.204            0                         963                       1.0000000000E+000         0.0000000000E+000         0.0000000000E+000         4.5662840166E+001         4.6002899482E+001         4.4856919825E+002         4.5260960323E+002         5.8150469051E-001         7.3943849331E-001         
2019-12-18                13:21:27.400              351.22323380              8429.357611               352.22323380              1576675287.400            0                         963                       1.0000000000E+000         0.0000000000E+000         0.0000000000E+000         4.5662840166E+001         4.6002899482E+001         4.4856849730E+002         4.5265187739E+002         5.8150469051E-001         7.3943849331E-001         
2019-12-18                13:22:18.573              351.22382609              8429.371826               352.22382609              1576675338.574            0                         963                       1.0000000000E+000         0.0000000000E+000         0.0000000000E+000         4.5662840166E+001         4.6002899482E+001         4.4857574823E+002         4.5265117005E+002         5.8150469051E-001         7.3943849331E-001         
2019-12-18                13:23:09.661              351.22441738              8429.386017               352.22441738              1576675389.662            0                         963                       1.0000000000E+000         0.0000000000E+000         0.0000000000E+000         4.5662840166E+001         4.6002899482E+001         4.4858954472E+002         4.5265848698E+002         5.8150469051E-001         7.3943849331E-001         
2019-12-18                13:23:59.742              351.22499701              8429.399928               352.22499701              1576675439.742            0                         963                       1.0000000000E+000         0.0000000000E+000         0.0000000000E+000         4.5662840166E+001         4.6002899482E+001         4.4859831883E+002         4.5267240904E+002         5.8150469051E-001         7.3943849331E-001         
2019-12-18                13:24:50.898              351.22558910              8429.414138               352.22558910              1576675490.898            0                         963                       1.0000000000E+000         0.0000000000E+000         0.0000000000E+000         4.5662840166E+001         4.6002899482E+001         4.4865496135E+002         4.5268126300E+002         5.8150469051E-001         7.3943849331E-001         
2019-12-18                13:25:43.069              351.22619294              8429.428631               352.22619294              1576675543.070            0                         963                       1.0000000000E+000         0.0000000000E+000         0.0000000000E+000         4.5662840166E+001         4.6002899482E+001         4.4868504824E+002         4.5273842106E+002         5.8150469051E-001         7.3943849331E-001         
2019-12-18                13:26:33.134              351.22677240              8429.442537               352.22677240              1576675593.135            0                         963                       1.0000000000E+000         0.0000000000E+000         0.0000000000E+000         4.5662840166E+001         4.6002899482E+001         4.4867651633E+002         4.5276878179E+002         5.8150469051E-001         7.3943849331E-001         
2019-12-18                13:27:23.207              351.22735194              8429.456447               352.22735194              1576675643.208            0                         963                       1.0000000000E+000         0.0000000000E+000         0.0000000000E+000         4.5662840166E+001         4.6002899482E+001         4.4868548559E+002         4.5276017222E+002         5.8150469051E-001         7.3943849331E-001         
2019-12-18                13:28:14.394              351.22794438              8429.470665               352.22794438              1576675694.394            0                         963                       1.0000000000E+000         0.0000000000E+000         0.0000000000E+000         4.5662840166E+001         4.6002899482E+001         4.4870875438E+002         4.5276922312E+002         5.8150469051E-001         7.3943849331E-001         
2019-12-18                13:29:05.576              351.22853677              8429.484882               352.22853677              1576675745.577            0                         963                       1.0000000000E+000         0.0000000000E+000         0.0000000000E+000         4.5662840166E+001         4.6002899482E+001         4.4875259088E+002         4.5279270369E+002         5.8150469051E-001         7.3943849331E-001         
2019-12-18                13:29:56.651              351.22912792              8429.499070               352.22912792              1576675796.652            0                         963                       1.0000000000E+000         0.0000000000E+000         0.0000000000E+000         4.5662840166E+001         4.6002899482E+001         4.4878645933E+002         4.5283693918E+002         5.8150469051E-001         7.3943849331E-001         
2019-12-18                13:30:46.720              351.22970742              8429.512978               352.22970742              1576675846.721            0                         963                       1.0000000000E+000         0.0000000000E+000         0.0000000000E+000         4.5662840166E+001         4.6002899482E+001         4.4882009897E+002         4.5287111588E+002         5.8150469051E-001         7.3943849331E-001         
2019-12-18                13:31:38.901              351.23031135              8429.527473               352.23031135              1576675898.901            0                         963                       1.0000000000E+000         0.0000000000E+000         0.0000000000E+000         4.5662840166E+001         4.6002899482E+001         4.4888338799E+002         4.5290506169E+002         5.8150469051E-001         7.3943849331E-001         
2019-12-18                13:32:31.105              351.23091557              8429.541974               352.23091557              1576675951.105            0                         963                       1.0000000000E+000         0.0000000000E+000         0.0000000000E+000         4.5662840166E+001         4.6002899482E+001         4.4893691307E+002         4.5296892674E+002         5.8150469051E-001         7.3943849331E-001         
2019-12-18                13:33:23.249              351.23151909              8429.556458               352.23151909              1576676003.249            0                         963                       1.0000000000E+000         0.0000000000E+000         0.0000000000E+000         4.5662840166E+001         4.6002899482E+001         4.4897293116E+002         4.5302293898E+002         5.8150469051E-001         7.3943849331E-001         
2019-12-18                13:34:13.351              351.23209897              8429.570375               352.23209897              1576676053.351            0                         963                       1.0000000000E+000         0.0000000000E+000         0.0000000000E+000         4.5662840166E+001         4.6002899482E+001         4.4902802006E+002         4.5305928489E+002         5.8150469051E-001         7.3943849331E-001         
2019-12-18                13:35:05.516              351.23270274              8429.584866               352.23270274              1576676105.517            0                         963                       1.0000000000E+000         0.0000000000E+000         0.0000000000E+000         4.5662840166E+001         4.6002899482E+001         4.4907770588E+002         4.5311487519E+002         5.8150469051E-001         7.3943849331E-001         
2019-12-18                13:35:58.700              351.23331829              8429.599639               352.23331829              1576676158.700            0                         963                       1.0000000000E+000         0.0000000000E+000         0.0000000000E+000         4.5662840166E+001         4.6002899482E+001         4.4913932901E+002         4.5316501323E+002         5.8150469051E-001         7.3943849331E-001         
2019-12-18                13:36:47.921              351.23388799              8429.613312               352.23388799              1576676207.922            0                         963                       1.0000000000E+000         0.0000000000E+000         0.0000000000E+000         4.5662840166E+001         4.6002899482E+001         4.4920193352E+002         4.5322719723E+002         5.8150469051E-001         7.3943849331E-001         
2019-12-18                13:37:40.059              351.23449142              8429.627794               352.23449142              1576676260.059            0                         963                       1.0000000000E+000         0.0000000000E+000         0.0000000000E+000         4.5662840166E+001         4.6002899482E+001         4.4923165330E+002         4.5329037153E+002         5.8150469051E-001         7.3943849331E-001         
2019-12-18                13:38:31.243              351.23508384              8429.642012               352.23508384              1576676311.244            0                         963                       1.0000000000E+000         0.0000000000E+000         0.0000000000E+000         4.5662840166E+001         4.6002899482E+001         4.4927563943E+002         4.5332036181E+002         5.8150469051E-001         7.3943849331E-001         
2019-12-18                13:39:22.433              351.23567631              8429.656231               352.23567631              1576676362.433            0                         963                       1.0000000000E+000         0.0000000000E+000         0.0000000000E+000         4.5662840166E+001         4.6002899482E+001         4.4931601314E+002         4.5336474828E+002         5.8150469051E-001         7.3943849331E-001         
2019-12-18                13:40:12.489              351.23625566              8429.670136               352.23625566              1576676412.489            0                         963                       1.0000000000E+000         0.0000000000E+000         0.0000000000E+000         4.5662840166E+001         4.6002899482E+001         4.4931802472E+002         4.5340548946E+002         5.8150469051E-001         7.3943849331E-001         
2019-12-18                13:41:03.594              351.23684715              8429.684332               352.23684715              1576676463.594            0                         963                       1.0000000000E+000         0.0000000000E+000         0.0000000000E+000         4.5662840166E+001         4.6002899482E+001         4.4933718848E+002         4.5340751934E+002         5.8150469051E-001         7.3943849331E-001         
2019-12-18                13:41:54.770              351.23743948              8429.698547               352.23743948              1576676514.771            0                         963                       1.0000000000E+000         0.0000000000E+000         0.0000000000E+000         4.5662840166E+001         4.6002899482E+001         4.4938622121E+002         4.5342685753E+002         5.8150469051E-001         7.3943849331E-001         
2019-12-18                13:42:46.959              351.23804351              8429.713044               352.23804351              1576676566.959            0                         963                       1.0000000000E+000         0.0000000000E+000         0.0000000000E+000         4.5662840166E+001         4.6002899482E+001         4.4940412725E+002         4.5347633653E+002         5.8150469051E-001         7.3943849331E-001         
2019-12-18                13:43:39.081              351.23864677              8429.727523               352.23864677              1576676619.081            0                         963                       1.0000000000E+000         0.0000000000E+000         0.0000000000E+000         4.5662840166E+001         4.6002899482E+001         4.4940865041E+002         4.5349440554E+002         5.8150469051E-001         7.3943849331E-001         
2019-12-18                13:44:28.303              351.23921648              8429.741196               352.23921648              1576676668.304            0                         963                       1.0000000000E+000         0.0000000000E+000         0.0000000000E+000         4.5662840166E+001         4.6002899482E+001         4.4941746044E+002         4.5349896987E+002         5.8150469051E-001         7.3943849331E-001         
2019-12-18                13:45:20.512              351.23982074              8429.755698               352.23982074              1576676720.512            0                         963                       1.0000000000E+000         0.0000000000E+000         0.0000000000E+000         4.5662840166E+001         4.6002899482E+001         4.4946127526E+002         4.5350786009E+002         5.8150469051E-001         7.3943849331E-001         
2019-12-18                13:46:12.723              351.24042503              8429.770201               352.24042503              1576676772.723            0                         963                       1.0000000000E+000         0.0000000000E+000         0.0000000000E+000         4.5662840166E+001         4.6002899482E+001         4.4953847710E+002         4.5355207369E+002         5.8150469051E-001         7.3943849331E-001         
2019-12-18                13:47:04.844              351.24102829              8429.784679               352.24102829              1576676824.844            0                         963                       1.0000000000E+000         0.0000000000E+000         0.0000000000E+000         4.5662840166E+001         4.6002899482E+001         4.4959228353E+002         4.5362997818E+002         5.8150469051E-001         7.3943849331E-001         
2019-12-18                13:47:54.928              351.24160797              8429.798591               352.24160797              1576676874.929            0                         963                       1.0000000000E+000         0.0000000000E+000         0.0000000000E+000         4.5662840166E+001         4.6002899482E+001         4.4963104830E+002         4.5368427434E+002         5.8150469051E-001         7.3943849331E-001         
2019-12-18                13:48:47.131              351.24221218              8429.813092               352.24221218              1576676927.132            0                         963                       1.0000000000E+000         0.0000000000E+000         0.0000000000E+000         4.5662840166E+001         4.6002899482E+001         4.4968085765E+002         4.5372339193E+002         5.8150469051E-001         7.3943849331E-001         
2019-12-18                13:49:39.325              351.24281627              8429.827591               352.24281627              1576676979.326            0                         963                       1.0000000000E+000         0.0000000000E+000         0.0000000000E+000         4.5662840166E+001         4.6002899482E+001         4.4974626575E+002         4.5377365462E+002         5.8150469051E-001         7.3943849331E-001         
2019-12-18                13:50:31.431              351.24341935              8429.842064               352.24341935              1576677031.432            0                         963                       1.0000000000E+000         0.0000000000E+000         0.0000000000E+000         4.5662840166E+001         4.6002899482E+001         4.4977963842E+002         4.5383965804E+002         5.8150469051E-001         7.3943849331E-001         
2019-12-18                13:51:21.529              351.24399918              8429.855980               352.24399918              1576677081.529            0                         963                       1.0000000000E+000         0.0000000000E+000         0.0000000000E+000         4.5662840166E+001         4.6002899482E+001         4.4981820954E+002         4.5387333445E+002         5.8150469051E-001         7.3943849331E-001         
2019-12-18                13:52:13.720              351.24460325              8429.870478               352.24460325              1576677133.721            0                         963                       1.0000000000E+000         0.0000000000E+000         0.0000000000E+000         4.5662840166E+001         4.6002899482E+001         4.4986643592E+002         4.5391225663E+002         5.8150469051E-001         7.3943849331E-001         
2019-12-18                13:53:05.900              351.24520718              8429.884972               352.24520718              1576677185.900            0                         963                       1.0000000000E+000         0.0000000000E+000         0.0000000000E+000         4.5662840166E+001         4.6002899482E+001         4.4988307971E+002         4.5396092194E+002         5.8150469051E-001         7.3943849331E-001         
2019-12-18                13:53:56.982              351.24579840              8429.899162               352.24579840              1576677236.982            0                         963                       1.0000000000E+000         0.0000000000E+000         0.0000000000E+000         4.5662840166E+001         4.6002899482E+001         4.4988519993E+002         4.5397771722E+002         5.8150469051E-001         7.3943849331E-001         
2019-12-18                13:54:49.078              351.24640137              8429.913633               352.24640137              1576677289.078            0                         963                       1.0000000000E+000         0.0000000000E+000         0.0000000000E+000         4.5662840166E+001         4.6002899482E+001         4.4988968813E+002         4.5397985673E+002         5.8150469051E-001         7.3943849331E-001         
2019-12-18                13:55:40.243              351.24699355              8429.927845               352.24699355              1576677340.243            0                         963                       1.0000000000E+000         0.0000000000E+000         0.0000000000E+000         4.5662840166E+001         4.6002899482E+001         4.4991484933E+002         4.5398438578E+002         5.8150469051E-001         7.3943849331E-001         
2019-12-18                13:56:31.417              351.24758584              8429.942060               352.24758584              1576677391.417            0                         963                       1.0000000000E+000         0.0000000000E+000         0.0000000000E+000         4.5662840166E+001         4.6002899482E+001         4.4994140882E+002         4.5400977599E+002         5.8150469051E-001         7.3943849331E-001         
2019-12-18                13:57:21.486              351.24816536              8429.955969               352.24816536              1576677441.487            0                         963                       1.0000000000E+000         0.0000000000E+000         0.0000000000E+000         4.5662840166E+001         4.6002899482E+001         4.4993837002E+002         4.5403657721E+002         5.8150469051E-001         7.3943849331E-001         
2019-12-18                13:58:13.615              351.24876869              8429.970449               352.24876869              1576677493.615            0                         963                       1.0000000000E+000         0.0000000000E+000         0.0000000000E+000         4.5662840166E+001         4.6002899482E+001         4.4994764596E+002         4.5403351076E+002         5.8150469051E-001         7.3943849331E-001         
2019-12-18                13:59:04.813              351.24936127              8429.984671               352.24936127              1576677544.814            0                         963                       1.0000000000E+000         0.0000000000E+000         0.0000000000E+000         4.5662840166E+001         4.6002899482E+001         4.4996360968E+002         4.5404287111E+002         5.8150469051E-001         7.3943849331E-001         
2019-12-18                13:59:55.959              351.24995323              8429.998878               352.24995323              1576677595.959            0                         963                       1.0000000000E+000         0.0000000000E+000         0.0000000000E+000         4.5662840166E+001         4.6002899482E+001         4.4991131792E+002         4.5405898014E+002         5.8150469051E-001         7.3943849331E-001         
2019-12-18                14:00:46.017              351.25053262              8430.012783               352.25053262              1576677646.018            0                         963                       1.0000000000E+000         0.0000000000E+000         0.0000000000E+000         4.5662840166E+001         4.6002899482E+001         4.4988946991E+002         4.5400621244E+002         5.8150469051E-001         7.3943849331E-001         
2019-12-18                14:01:36.091              351.25111216              8430.026692               352.25111216              1576677696.091            0                         963                       1.0000000000E+000         0.0000000000E+000         0.0000000000E+000         4.5662840166E+001         4.6002899482E+001         4.4988261040E+002         4.5398416558E+002         5.8150469051E-001         7.3943849331E-001         
2019-12-18                14:02:29.305              351.25172807              8430.041474               352.25172807              1576677749.305            0                         963                       1.0000000000E+000         0.0000000000E+000         0.0000000000E+000         4.5662840166E+001         4.6002899482E+001         4.4985101195E+002         4.5397724364E+002         5.8150469051E-001         7.3943849331E-001         
2019-12-18                14:03:20.503              351.25232065              8430.055696               352.25232065              1576677800.504            0                         963                       1.0000000000E+000         0.0000000000E+000         0.0000000000E+000         4.5662840166E+001         4.6002899482E+001         4.4985805898E+002         4.5394535759E+002         5.8150469051E-001         7.3943849331E-001         
2019-12-18                14:04:12.624              351.25292389              8430.070173               352.25292389              1576677852.624            0                         963                       1.0000000000E+000         0.0000000000E+000         0.0000000000E+000         4.5662840166E+001         4.6002899482E+001         4.4987120354E+002         4.5395246876E+002         5.8150469051E-001         7.3943849331E-001         
2019-12-18                14:05:02.707              351.25350355              8430.084085               352.25350355              1576677902.707            0                         963                       1.0000000000E+000         0.0000000000E+000         0.0000000000E+000         4.5662840166E+001         4.6002899482E+001         4.4987396982E+002         4.5396573295E+002         5.8150469051E-001         7.3943849331E-001         
2019-12-18                14:05:55.898              351.25411919              8430.098861               352.25411919              1576677955.898            0                         963                       1.0000000000E+000         0.0000000000E+000         0.0000000000E+000         4.5662840166E+001         4.6002899482E+001         4.4988688323E+002         4.5396852442E+002         5.8150469051E-001         7.3943849331E-001         
