DATE                      TIME                      FRAC_DAYS_SINCE_JAN1      FRAC_HRS_SINCE_JAN1       JULIAN_DAYS               EPOCH_TIME                ALARM_STATUS              INST_STATUS               species                   MPVPosition               solenoid_valves           CH4                       CH4_dry                   CO2                       CO2_dry                   H2O                       h2o_reported              
2019-07-19                14:23:48.464              199.26653316              4782.396796               200.26653316              1563546228.465            0                         963                       1.0000000000E+000         0.0000000000E+000         0.0000000000E+000         4.4213852708E+001         4.4745613015E+001         4.4292863271E+002         4.5019350046E+002         9.3520929198E-001         1.1764633341E+000         
2019-07-19                14:24:38.556              199.26711293              4782.410710               200.26711293              1563546278.557            0                         963                       1.0000000000E+000         0.0000000000E+000         0.0000000000E+000         4.4213852708E+001         4.4745613015E+001         4.4226826673E+002         4.4943996578E+002         9.3520929198E-001         1.1764633341E+000         
2019-07-19                14:25:29.714              199.26770503              4782.424921               200.26770503              1563546329.715            0                         963                       1.0000000000E+000         0.0000000000E+000         0.0000000000E+000         4.4213852708E+001         4.4745613015E+001         4.4158344068E+002         4.4876989201E+002         9.3520929198E-001         1.1764633341E+000         
2019-07-19                14:26:20.865              199.26829706              4782.439129               200.26829706              1563546380.866            0                         963                       1.0000000000E+000         0.0000000000E+000         0.0000000000E+000         4.4213852708E+001         4.4745613015E+001         4.4087196152E+002         4.4807499858E+002         9.3520929198E-001         1.1764633341E+000         
2019-07-19                14:27:10.957              199.26887683              4782.453044               200.26887683              1563546430.958            0                         963                       1.0000000000E+000         0.0000000000E+000         0.0000000000E+000         4.4213852708E+001         4.4745613015E+001         4.4024806572E+002         4.4735306022E+002         9.3520929198E-001         1.1764633341E+000         
2019-07-19                14:28:01.082              199.26945697              4782.466967               200.26945697              1563546481.082            0                         963                       1.0000000000E+000         0.0000000000E+000         0.0000000000E+000         4.4213852708E+001         4.4745613015E+001         4.3967980383E+002         4.4671999275E+002         9.3520929198E-001         1.1764633341E+000         
2019-07-19                14:28:03.750              199.26948785              4782.467708               200.26948785              1563546483.750            0                         963                       3.0000000000E+000         0.0000000000E+000         0.0000000000E+000         4.4213852708E+001         4.4741063153E+001         4.3967980383E+002         4.4608805275E+002         9.1938285784E-001         1.1571035026E+000         
2019-07-19                14:28:37.753              199.26988141              4782.477154               200.26988141              1563546517.754            0                         963                       1.0000000000E+000         0.0000000000E+000         0.0000000000E+000         4.4213852708E+001         4.4741063153E+001         4.3914572982E+002         4.4608805275E+002         9.1938285784E-001         1.1571035026E+000         
2019-07-19                14:29:28.966              199.27047414              4782.491379               200.27047414              1563546568.966            0                         963                       1.0000000000E+000         0.0000000000E+000         0.0000000000E+000         4.4213852708E+001         4.4736516245E+001         4.3863577824E+002         4.4549097396E+002         9.1938285784E-001         1.1571035026E+000         
2019-07-19                14:30:18.226              199.27104429              4782.505063               200.27104429              1563546618.227            0                         963                       1.0000000000E+000         0.0000000000E+000         0.0000000000E+000         4.4213852708E+001         4.4736516245E+001         4.3812262986E+002         4.4497365406E+002         9.1938285784E-001         1.1571035026E+000         
2019-07-19                14:31:08.321              199.27162409              4782.518978               200.27162409              1563546668.321            0                         963                       1.0000000000E+000         0.0000000000E+000         0.0000000000E+000         4.4213852708E+001         4.4736516245E+001         4.3757256649E+002         4.4445309116E+002         9.1938285784E-001         1.1571035026E+000         
2019-07-19                14:31:59.519              199.27221666              4782.533200               200.27221666              1563546719.519            0                         963                       1.0000000000E+000         0.0000000000E+000         0.0000000000E+000         4.4213852708E+001         4.4736516245E+001         4.3703119216E+002         4.4389507989E+002         9.1938285784E-001         1.1571035026E+000         
2019-07-19                14:32:50.726              199.27280933              4782.547424               200.27280933              1563546770.726            0                         963                       1.0000000000E+000         0.0000000000E+000         0.0000000000E+000         4.4213852708E+001         4.4736516245E+001         4.3655234571E+002         4.4334588321E+002         9.1938285784E-001         1.1571035026E+000         
2019-07-19                14:33:39.982              199.27337942              4782.561106               200.27337942              1563546819.982            0                         963                       1.0000000000E+000         0.0000000000E+000         0.0000000000E+000         4.4213852708E+001         4.4736516245E+001         4.3604041361E+002         4.4286011787E+002         9.1938285784E-001         1.1571035026E+000         
2019-07-19                14:34:30.082              199.27395928              4782.575023               200.27395928              1563546870.082            0                         963                       1.0000000000E+000         0.0000000000E+000         0.0000000000E+000         4.4213852708E+001         4.4736516245E+001         4.3554837856E+002         4.4234078883E+002         9.1938285784E-001         1.1571035026E+000         
2019-07-19                14:35:20.278              199.27454025              4782.588966               200.27454025              1563546920.278            0                         963                       1.0000000000E+000         0.0000000000E+000         0.0000000000E+000         4.4213852708E+001         4.4736516245E+001         4.3507542603E+002         4.4184164435E+002         9.1938285784E-001         1.1571035026E+000         
2019-07-19                14:36:11.438              199.27513240              4782.603177               200.27513240              1563546971.439            0                         963                       1.0000000000E+000         0.0000000000E+000         0.0000000000E+000         4.4213852708E+001         4.4736516245E+001         4.3461114550E+002         4.4136185809E+002         9.1938285784E-001         1.1571035026E+000         
2019-07-19                14:37:01.519              199.27571203              4782.617089               200.27571203              1563547021.519            0                         963                       1.0000000000E+000         0.0000000000E+000         0.0000000000E+000         4.4213852708E+001         4.4736516245E+001         4.3414181690E+002         4.4089086915E+002         9.1938285784E-001         1.1571035026E+000         
2019-07-19                14:37:50.757              199.27628192              4782.630766               200.27628192              1563547070.758            0                         963                       1.0000000000E+000         0.0000000000E+000         0.0000000000E+000         4.4213852708E+001         4.4736516245E+001         4.3371253366E+002         4.4041475919E+002         9.1938285784E-001         1.1571035026E+000         
2019-07-19                14:38:41.953              199.27687447              4782.644987               200.27687447              1563547121.954            0                         963                       1.0000000000E+000         0.0000000000E+000         0.0000000000E+000         4.4213852708E+001         4.4736516245E+001         4.3332294460E+002         4.3997927321E+002         9.1938285784E-001         1.1571035026E+000         
2019-07-19                14:39:33.131              199.27746681              4782.659203               200.27746681              1563547173.132            0                         963                       1.0000000000E+000         0.0000000000E+000         0.0000000000E+000         4.4213852708E+001         4.4736516245E+001         4.3292775438E+002         4.3958405495E+002         9.1938285784E-001         1.1571035026E+000         
2019-07-19                14:40:22.430              199.27803740              4782.672897               200.27803740              1563547222.431            0                         963                       1.0000000000E+000         0.0000000000E+000         0.0000000000E+000         4.4213852708E+001         4.4736516245E+001         4.3255658904E+002         4.3918315460E+002         9.1938285784E-001         1.1571035026E+000         
2019-07-19                14:41:12.505              199.27861696              4782.686807               200.27861696              1563547272.505            0                         963                       1.0000000000E+000         0.0000000000E+000         0.0000000000E+000         4.4213852708E+001         4.4736516245E+001         4.3222384750E+002         4.3880662626E+002         9.1938285784E-001         1.1571035026E+000         
2019-07-19                14:42:02.732              199.27919829              4782.700759               200.27919829              1563547322.732            0                         963                       1.0000000000E+000         0.0000000000E+000         0.0000000000E+000         4.4213852708E+001         4.4736516245E+001         4.3188687714E+002         4.3846907692E+002         9.1938285784E-001         1.1571035026E+000         
2019-07-19                14:42:53.918              199.27979073              4782.714977               200.27979073              1563547373.919            0                         963                       1.0000000000E+000         0.0000000000E+000         0.0000000000E+000         4.4213852708E+001         4.4736516245E+001         4.3154857906E+002         4.3812723766E+002         9.1938285784E-001         1.1571035026E+000         
2019-07-19                14:43:43.151              199.28036056              4782.728653               200.28036056              1563547423.152            0                         963                       1.0000000000E+000         0.0000000000E+000         0.0000000000E+000         4.4213852708E+001         4.4736516245E+001         4.3123643912E+002         4.3778405148E+002         9.1938285784E-001         1.1571035026E+000         
2019-07-19                14:44:33.451              199.28094273              4782.742626               200.28094273              1563547473.452            0                         963                       1.0000000000E+000         0.0000000000E+000         0.0000000000E+000         4.4213852708E+001         4.4736516245E+001         4.3091475139E+002         4.3746740142E+002         9.1938285784E-001         1.1571035026E+000         
2019-07-19                14:45:24.625              199.28153501              4782.756840               200.28153501              1563547524.625            0                         963                       1.0000000000E+000         0.0000000000E+000         0.0000000000E+000         4.4213852708E+001         4.4736516245E+001         4.3058423704E+002         4.3714106560E+002         9.1938285784E-001         1.1571035026E+000         
2019-07-19                14:46:15.813              199.28212748              4782.771059               200.28212748              1563547575.814            0                         963                       1.0000000000E+000         0.0000000000E+000         0.0000000000E+000         4.4213852708E+001         4.4736516245E+001         4.3027458209E+002         4.3680577563E+002         9.1938285784E-001         1.1571035026E+000         
2019-07-19                14:47:05.888              199.28270704              4782.784969               200.28270704              1563547625.888            0                         963                       1.0000000000E+000         0.0000000000E+000         0.0000000000E+000         4.4213852708E+001         4.4736516245E+001         4.3004441370E+002         4.3649164645E+002         9.1938285784E-001         1.1571035026E+000         
2019-07-19                14:47:54.176              199.28326593              4782.798382               200.28326593              1563547674.176            0                         963                       1.0000000000E+000         0.0000000000E+000         0.0000000000E+000         4.4213852708E+001         4.4736516245E+001         4.2988233230E+002         4.3625815235E+002         9.1938285784E-001         1.1571035026E+000         
2019-07-19                14:48:45.355              199.28385828              4782.812599               200.28385828              1563547725.355            0                         963                       1.0000000000E+000         0.0000000000E+000         0.0000000000E+000         4.4213852708E+001         4.4736516245E+001         4.2976266050E+002         4.3609372902E+002         9.1938285784E-001         1.1571035026E+000         
2019-07-19                14:49:36.566              199.28445101              4782.826824               200.28445101              1563547776.567            0                         963                       1.0000000000E+000         0.0000000000E+000         0.0000000000E+000         4.4213852708E+001         4.4736516245E+001         4.2967769884E+002         4.3597232808E+002         9.1938285784E-001         1.1571035026E+000         
2019-07-19                14:50:25.792              199.28502074              4782.840498               200.28502074              1563547825.792            0                         963                       1.0000000000E+000         0.0000000000E+000         0.0000000000E+000         4.4213852708E+001         4.4736516245E+001         4.2963136085E+002         4.3588613880E+002         9.1938285784E-001         1.1571035026E+000         
2019-07-19                14:51:15.023              199.28559056              4782.854173               200.28559056              1563547875.024            0                         963                       1.0000000000E+000         0.0000000000E+000         0.0000000000E+000         4.4213852708E+001         4.4736516245E+001         4.2961647570E+002         4.3583913128E+002         9.1938285784E-001         1.1571035026E+000         
2019-07-19                14:52:06.253              199.28618350              4782.868404               200.28618350              1563547926.254            0                         963                       1.0000000000E+000         0.0000000000E+000         0.0000000000E+000         4.4213852708E+001         4.4736516245E+001         4.2959792174E+002         4.3582403105E+002         9.1938285784E-001         1.1571035026E+000         
2019-07-19                14:52:57.460              199.28677616              4782.882628               200.28677616              1563547977.460            0                         963                       1.0000000000E+000         0.0000000000E+000         0.0000000000E+000         4.4213852708E+001         4.4736516245E+001         4.2957841693E+002         4.3580520899E+002         9.1938285784E-001         1.1571035026E+000         
2019-07-19                14:53:47.555              199.28735597              4782.896543               200.28735597              1563548027.556            0                         963                       1.0000000000E+000         0.0000000000E+000         0.0000000000E+000         4.4213852708E+001         4.4736516245E+001         4.2955881000E+002         4.3578542236E+002         9.1938285784E-001         1.1571035026E+000         
2019-07-19                14:54:36.825              199.28792623              4782.910229               200.28792623              1563548076.826            0                         963                       1.0000000000E+000         0.0000000000E+000         0.0000000000E+000         4.4213852708E+001         4.4736516245E+001         4.2955339263E+002         4.3576553213E+002         9.1938285784E-001         1.1571035026E+000         
2019-07-19                14:55:28.046              199.28851905              4782.924457               200.28851905              1563548128.046            0                         963                       1.0000000000E+000         0.0000000000E+000         0.0000000000E+000         4.4213852708E+001         4.4736516245E+001         4.2954086470E+002         4.3576003648E+002         9.1938285784E-001         1.1571035026E+000         
2019-07-19                14:56:19.200              199.28911112              4782.938667               200.28911112              1563548179.201            0                         963                       1.0000000000E+000         0.0000000000E+000         0.0000000000E+000         4.4213852708E+001         4.4736516245E+001         4.2946410689E+002         4.3574732754E+002         9.1938285784E-001         1.1571035026E+000         
2019-07-19                14:57:09.332              199.28969134              4782.952592               200.28969134              1563548229.332            0                         963                       1.0000000000E+000         0.0000000000E+000         0.0000000000E+000         4.4213852708E+001         4.4736516245E+001         4.2934330047E+002         4.3566946065E+002         9.1938285784E-001         1.1571035026E+000         
2019-07-19                14:57:58.569              199.29026123              4782.966269               200.29026123              1563548278.570            0                         963                       1.0000000000E+000         0.0000000000E+000         0.0000000000E+000         4.4213852708E+001         4.4736516245E+001         4.2924289925E+002         4.3554690869E+002         9.1938285784E-001         1.1571035026E+000         
2019-07-19                14:58:49.760              199.29085372              4782.980489               200.29085372              1563548329.761            0                         963                       1.0000000000E+000         0.0000000000E+000         0.0000000000E+000         4.4213852708E+001         4.4736516245E+001         4.2919484348E+002         4.3544505677E+002         9.1938285784E-001         1.1571035026E+000         
2019-07-19                14:59:41.102              199.29144795              4782.994751               200.29144795              1563548381.103            0                         963                       1.0000000000E+000         0.0000000000E+000         0.0000000000E+000         4.4213852708E+001         4.4736516245E+001         4.2920389052E+002         4.3539630664E+002         9.1938285784E-001         1.1571035026E+000         
2019-07-19                15:00:31.288              199.29202880              4783.008691               200.29202880              1563548431.288            0                         963                       1.0000000000E+000         0.0000000000E+000         0.0000000000E+000         4.4213852708E+001         4.4736516245E+001         4.2925101842E+002         4.3540548439E+002         9.1938285784E-001         1.1571035026E+000         
2019-07-19                15:01:19.601              199.29258799              4783.022112               200.29258799              1563548479.602            0                         963                       1.0000000000E+000         0.0000000000E+000         0.0000000000E+000         4.4213852708E+001         4.4736516245E+001         4.2932966980E+002         4.3545329325E+002         9.1938285784E-001         1.1571035026E+000         
2019-07-19                15:02:10.779              199.29318031              4783.036328               200.29318031              1563548530.779            0                         963                       1.0000000000E+000         0.0000000000E+000         0.0000000000E+000         4.4213852708E+001         4.4736516245E+001         4.2940321606E+002         4.3553308107E+002         9.1938285784E-001         1.1571035026E+000         
2019-07-19                15:03:01.961              199.29377271              4783.050545               200.29377271              1563548581.962            0                         963                       1.0000000000E+000         0.0000000000E+000         0.0000000000E+000         4.4213852708E+001         4.4736516245E+001         4.2945971744E+002         4.3560769000E+002         9.1938285784E-001         1.1571035026E+000         
2019-07-19                15:03:52.267              199.29435495              4783.064519               200.29435495              1563548632.268            0                         963                       1.0000000000E+000         0.0000000000E+000         0.0000000000E+000         4.4213852708E+001         4.4736516245E+001         4.2950688829E+002         4.3566500777E+002         9.1938285784E-001         1.1571035026E+000         
2019-07-19                15:04:41.415              199.29492380              4783.078171               200.29492380              1563548681.416            0                         963                       1.0000000000E+000         0.0000000000E+000         0.0000000000E+000         4.4213852708E+001         4.4736516245E+001         4.2957939234E+002         4.3571286020E+002         9.1938285784E-001         1.1571035026E+000         
2019-07-19                15:05:32.589              199.29551609              4783.092386               200.29551609              1563548732.590            0                         963                       1.0000000000E+000         0.0000000000E+000         0.0000000000E+000         4.4213852708E+001         4.4736516245E+001         4.2963572364E+002         4.3578641187E+002         9.1938285784E-001         1.1571035026E+000         
2019-07-19                15:06:23.796              199.29610876              4783.106610               200.29610876              1563548783.797            0                         963                       1.0000000000E+000         0.0000000000E+000         0.0000000000E+000         4.4213852708E+001         4.4736516245E+001         4.2965907732E+002         4.3584355710E+002         9.1938285784E-001         1.1571035026E+000         
2019-07-19                15:07:13.885              199.29668850              4783.120524               200.29668850              1563548833.886            0                         963                       1.0000000000E+000         0.0000000000E+000         0.0000000000E+000         4.4213852708E+001         4.4736516245E+001         4.2971061600E+002         4.3586724822E+002         9.1938285784E-001         1.1571035026E+000         
2019-07-19                15:08:02.150              199.29724711              4783.133931               200.29724711              1563548882.150            0                         963                       1.0000000000E+000         0.0000000000E+000         0.0000000000E+000         4.4213852708E+001         4.4736516245E+001         4.2975856700E+002         4.3591953158E+002         9.1938285784E-001         1.1571035026E+000         
2019-07-19                15:08:53.335              199.29783953              4783.148149               200.29783953              1563548933.335            0                         963                       1.0000000000E+000         0.0000000000E+000         0.0000000000E+000         4.4213852708E+001         4.4736516245E+001         4.2981960397E+002         4.3596817543E+002         9.1938285784E-001         1.1571035026E+000         
2019-07-19                15:09:44.490              199.29843160              4783.162358               200.29843160              1563548984.490            0                         963                       1.0000000000E+000         0.0000000000E+000         0.0000000000E+000         4.4213852708E+001         4.4736516245E+001         4.2985843155E+002         4.3603009432E+002         9.1938285784E-001         1.1571035026E+000         
2019-07-19                15:10:34.578              199.29901133              4783.176272               200.29901133              1563549034.579            0                         963                       1.0000000000E+000         0.0000000000E+000         0.0000000000E+000         4.4213852708E+001         4.4736516245E+001         4.2985918780E+002         4.3606948293E+002         9.1938285784E-001         1.1571035026E+000         
2019-07-19                15:11:23.839              199.29958148              4783.189956               200.29958148              1563549083.840            0                         963                       1.0000000000E+000         0.0000000000E+000         0.0000000000E+000         4.4213852708E+001         4.4736516245E+001         4.2982551942E+002         4.3607025010E+002         9.1938285784E-001         1.1571035026E+000         
2019-07-19                15:12:15.046              199.30017414              4783.204179               200.30017414              1563549135.046            0                         963                       1.0000000000E+000         0.0000000000E+000         0.0000000000E+000         4.4213852708E+001         4.4736516245E+001         4.2978008144E+002         4.3603609525E+002         9.1938285784E-001         1.1571035026E+000         
2019-07-19                15:13:06.232              199.30076657              4783.218398               200.30076657              1563549186.232            0                         963                       1.0000000000E+000         0.0000000000E+000         0.0000000000E+000         4.4213852708E+001         4.4736516245E+001         4.2970852339E+002         4.3599000074E+002         9.1938285784E-001         1.1571035026E+000         
2019-07-19                15:13:56.433              199.30134760              4783.232343               200.30134760              1563549236.433            0                         963                       1.0000000000E+000         0.0000000000E+000         0.0000000000E+000         4.4213852708E+001         4.4736516245E+001         4.2959496262E+002         4.3591740874E+002         9.1938285784E-001         1.1571035026E+000         
2019-07-19                15:14:46.535              199.30192749              4783.246260               200.30192749              1563549286.535            0                         963                       1.0000000000E+000         0.0000000000E+000         0.0000000000E+000         4.4213852708E+001         4.4736516245E+001         4.2946484744E+002         4.3580220712E+002         9.1938285784E-001         1.1571035026E+000         
2019-07-19                15:15:37.743              199.30252019              4783.260484               200.30252019              1563549337.744            0                         963                       1.0000000000E+000         0.0000000000E+000         0.0000000000E+000         4.4213852708E+001         4.4736516245E+001         4.2920716131E+002         4.3567021190E+002         9.1938285784E-001         1.1571035026E+000         
2019-07-19                15:16:28.950              199.30311286              4783.274709               200.30311286              1563549388.951            0                         963                       1.0000000000E+000         0.0000000000E+000         0.0000000000E+000         4.4213852708E+001         4.4736516245E+001         4.2884491412E+002         4.3540880245E+002         9.1938285784E-001         1.1571035026E+000         
2019-07-19                15:17:19.260              199.30369515              4783.288684               200.30369515              1563549439.261            0                         963                       1.0000000000E+000         0.0000000000E+000         0.0000000000E+000         4.4213852708E+001         4.4736516245E+001         4.2846748591E+002         4.3504132112E+002         9.1938285784E-001         1.1571035026E+000         
2019-07-19                15:18:08.377              199.30426362              4783.302327               200.30426362              1563549488.377            0                         963                       1.0000000000E+000         0.0000000000E+000         0.0000000000E+000         4.4213852708E+001         4.4736516245E+001         4.2810980021E+002         4.3465843943E+002         9.1938285784E-001         1.1571035026E+000         
2019-07-19                15:18:59.572              199.30485616              4783.316548               200.30485616              1563549539.572            0                         963                       1.0000000000E+000         0.0000000000E+000         0.0000000000E+000         4.4213852708E+001         4.4736516245E+001         4.2778195982E+002         4.3429558551E+002         9.1938285784E-001         1.1571035026E+000         
2019-07-19                15:19:50.736              199.30544833              4783.330760               200.30544833              1563549590.736            0                         963                       1.0000000000E+000         0.0000000000E+000         0.0000000000E+000         4.4213852708E+001         4.4736516245E+001         4.2745557422E+002         4.3396300813E+002         9.1938285784E-001         1.1571035026E+000         
2019-07-19                15:20:41.045              199.30603061              4783.344735               200.30603061              1563549641.045            0                         963                       1.0000000000E+000         0.0000000000E+000         0.0000000000E+000         4.4213852708E+001         4.4736516245E+001         4.2715073794E+002         4.3363190656E+002         9.1938285784E-001         1.1571035026E+000         
2019-07-19                15:21:31.118              199.30661016              4783.358644               200.30661016              1563549691.118            0                         963                       1.0000000000E+000         0.0000000000E+000         0.0000000000E+000         4.4213852708E+001         4.4736516245E+001         4.2685697999E+002         4.3332266569E+002         9.1938285784E-001         1.1571035026E+000         
2019-07-19                15:22:22.303              199.30720259              4783.372862               200.30720259              1563549742.304            0                         963                       1.0000000000E+000         0.0000000000E+000         0.0000000000E+000         4.4213852708E+001         4.4736516245E+001         4.2654631121E+002         4.3302466321E+002         9.1938285784E-001         1.1571035026E+000         
2019-07-19                15:23:13.489              199.30779501              4783.387080               200.30779501              1563549793.489            0                         963                       1.0000000000E+000         0.0000000000E+000         0.0000000000E+000         4.4213852708E+001         4.4736516245E+001         4.2625015409E+002         4.3270950555E+002         9.1938285784E-001         1.1571035026E+000         
2019-07-19                15:24:02.849              199.30836632              4783.400792               200.30836632              1563549842.850            0                         963                       1.0000000000E+000         0.0000000000E+000         0.0000000000E+000         4.4213852708E+001         4.4736516245E+001         4.2600436265E+002         4.3240906925E+002         9.1938285784E-001         1.1571035026E+000         
