DATE                      TIME                      FRAC_DAYS_SINCE_JAN1      FRAC_HRS_SINCE_JAN1       JULIAN_DAYS               EPOCH_TIME                ALARM_STATUS              INST_STATUS               species                   MPVPosition               solenoid_valves           CH4                       CH4_dry                   CO2                       CO2_dry                   H2O                       h2o_reported              
2019-07-19                20:30:05.198              199.52089351              4788.501444               200.52089351              1563568205.199            0                         963                       1.0000000000E+000         0.0000000000E+000         0.0000000000E+000         4.4213852708E+001         4.4730721543E+001         4.7865376471E+002         4.8606662529E+002         9.0929821051E-001         1.1447580314E+000         
2019-07-19                20:30:56.404              199.52148617              4788.515668               200.52148617              1563568256.405            0                         963                       1.0000000000E+000         0.0000000000E+000         0.0000000000E+000         4.4213852708E+001         4.4730721543E+001         4.7798591253E+002         4.8549315749E+002         9.0929821051E-001         1.1447580314E+000         
2019-07-19                20:31:46.543              199.52206648              4788.529596               200.52206648              1563568306.544            0                         963                       1.0000000000E+000         0.0000000000E+000         0.0000000000E+000         4.4213852708E+001         4.4730721543E+001         4.7732069095E+002         4.8481576249E+002         9.0929821051E-001         1.1447580314E+000         
2019-07-19                20:32:35.805              199.52263664              4788.543279               200.52263664              1563568355.806            0                         963                       1.0000000000E+000         0.0000000000E+000         0.0000000000E+000         4.4213852708E+001         4.4730721543E+001         4.7668146959E+002         4.8414103568E+002         9.0929821051E-001         1.1447580314E+000         
2019-07-19                20:33:26.996              199.52322913              4788.557499               200.52322913              1563568406.997            0                         963                       1.0000000000E+000         0.0000000000E+000         0.0000000000E+000         4.4213852708E+001         4.4730721543E+001         4.7603826024E+002         4.8349268061E+002         9.0929821051E-001         1.1447580314E+000         
2019-07-19                20:34:18.167              199.52382139              4788.571713               200.52382139              1563568458.168            0                         963                       1.0000000000E+000         0.0000000000E+000         0.0000000000E+000         4.4213852708E+001         4.4730721543E+001         4.7542133899E+002         4.8284028056E+002         9.0929821051E-001         1.1447580314E+000         
2019-07-19                20:35:07.391              199.52439110              4788.585386               200.52439110              1563568507.391            0                         963                       1.0000000000E+000         0.0000000000E+000         0.0000000000E+000         4.4213852708E+001         4.4730721543E+001         4.7493825438E+002         4.8221454425E+002         9.0929821051E-001         1.1447580314E+000         
2019-07-19                20:35:57.509              199.52497118              4788.599308               200.52497118              1563568557.510            0                         963                       1.0000000000E+000         0.0000000000E+000         0.0000000000E+000         4.4213852708E+001         4.4730721543E+001         4.7453034566E+002         4.8172455694E+002         9.0929821051E-001         1.1447580314E+000         
2019-07-19                20:36:47.709              199.52555219              4788.613253               200.52555219              1563568607.709            0                         963                       1.0000000000E+000         0.0000000000E+000         0.0000000000E+000         4.4213852708E+001         4.4730721543E+001         4.7414657901E+002         4.8131081968E+002         9.0929821051E-001         1.1447580314E+000         
2019-07-19                20:37:38.943              199.52614517              4788.627484               200.52614517              1563568658.943            0                         963                       1.0000000000E+000         0.0000000000E+000         0.0000000000E+000         4.4213852708E+001         4.4730721543E+001         4.7386756569E+002         4.8092156946E+002         9.0929821051E-001         1.1447580314E+000         
2019-07-19                20:38:28.174              199.52671498              4788.641159               200.52671498              1563568708.174            0                         963                       1.0000000000E+000         0.0000000000E+000         0.0000000000E+000         4.4213852708E+001         4.4730721543E+001         4.7354025429E+002         4.8063856938E+002         9.0929821051E-001         1.1447580314E+000         
2019-07-19                20:39:18.460              199.52729699              4788.655128               200.52729699              1563568758.460            0                         963                       1.0000000000E+000         0.0000000000E+000         0.0000000000E+000         4.4213852708E+001         4.4730721543E+001         4.7318812143E+002         4.8030658109E+002         9.0929821051E-001         1.1447580314E+000         
2019-07-19                20:40:09.641              199.52788936              4788.669345               200.52788936              1563568809.641            0                         963                       1.0000000000E+000         0.0000000000E+000         0.0000000000E+000         4.4213852708E+001         4.4730721543E+001         4.7286258410E+002         4.7994941667E+002         9.0929821051E-001         1.1447580314E+000         
2019-07-19                20:41:00.838              199.52848193              4788.683566               200.52848193              1563568860.839            0                         963                       1.0000000000E+000         0.0000000000E+000         0.0000000000E+000         4.4213852708E+001         4.4730721543E+001         4.7251242201E+002         4.7961922780E+002         9.0929821051E-001         1.1447580314E+000         
2019-07-19                20:41:50.943              199.52906184              4788.697484               200.52906184              1563568910.943            0                         963                       1.0000000000E+000         0.0000000000E+000         0.0000000000E+000         4.4213852708E+001         4.4730721543E+001         4.7216081892E+002         4.7926406230E+002         9.0929821051E-001         1.1447580314E+000         
2019-07-19                20:42:40.214              199.52963212              4788.711171               200.52963212              1563568960.215            0                         963                       1.0000000000E+000         0.0000000000E+000         0.0000000000E+000         4.4213852708E+001         4.4730721543E+001         4.7183746884E+002         4.7890743523E+002         9.0929821051E-001         1.1447580314E+000         
2019-07-19                20:43:31.381              199.53022432              4788.725384               200.53022432              1563569011.381            0                         963                       1.0000000000E+000         0.0000000000E+000         0.0000000000E+000         4.4213852708E+001         4.4730721543E+001         4.7155473642E+002         4.7857946486E+002         9.0929821051E-001         1.1447580314E+000         
2019-07-19                20:44:22.542              199.53081646              4788.739595               200.53081646              1563569062.542            0                         963                       1.0000000000E+000         0.0000000000E+000         0.0000000000E+000         4.4213852708E+001         4.4730721543E+001         4.7143113848E+002         4.7829269253E+002         9.0929821051E-001         1.1447580314E+000         
2019-07-19                20:45:12.855              199.53139878              4788.753571               200.53139878              1563569112.855            0                         963                       1.0000000000E+000         0.0000000000E+000         0.0000000000E+000         4.4213852708E+001         4.4730721543E+001         4.7196903510E+002         4.7816732852E+002         9.0929821051E-001         1.1447580314E+000         
2019-07-19                20:46:02.980              199.53197895              4788.767495               200.53197895              1563569162.981            0                         963                       1.0000000000E+000         0.0000000000E+000         0.0000000000E+000         4.4213852708E+001         4.4730721543E+001         4.7294257031E+002         4.7871291104E+002         9.0929821051E-001         1.1447580314E+000         
2019-07-19                20:46:54.183              199.53257156              4788.781718               200.53257156              1563569214.183            0                         963                       1.0000000000E+000         0.0000000000E+000         0.0000000000E+000         4.4213852708E+001         4.4730721543E+001         4.7348568940E+002         4.7970035691E+002         9.0929821051E-001         1.1447580314E+000         
2019-07-19                20:47:45.375              199.53316407              4788.795938               200.53316407              1563569265.376            0                         963                       1.0000000000E+000         0.0000000000E+000         0.0000000000E+000         4.4213852708E+001         4.4730721543E+001         4.7364723736E+002         4.8025123652E+002         9.0929821051E-001         1.1447580314E+000         
2019-07-19                20:48:35.657              199.53374603              4788.809905               200.53374603              1563569315.657            0                         963                       1.0000000000E+000         0.0000000000E+000         0.0000000000E+000         4.4213852708E+001         4.4730721543E+001         4.7389288960E+002         4.8041509282E+002         9.0929821051E-001         1.1447580314E+000         
2019-07-19                20:49:25.769              199.53432604              4788.823825               200.53432604              1563569365.770            0                         963                       1.0000000000E+000         0.0000000000E+000         0.0000000000E+000         4.4213852708E+001         4.4730721543E+001         4.7421637313E+002         4.8066425513E+002         9.0929821051E-001         1.1447580314E+000         
2019-07-19                20:50:16.979              199.53491874              4788.838050               200.53491874              1563569416.979            0                         963                       1.0000000000E+000         0.0000000000E+000         0.0000000000E+000         4.4213852708E+001         4.4730721543E+001         4.7449761545E+002         4.8099236086E+002         9.0929821051E-001         1.1447580314E+000         
2019-07-19                20:51:08.178              199.53551133              4788.852272               200.53551133              1563569468.179            0                         963                       1.0000000000E+000         0.0000000000E+000         0.0000000000E+000         4.4213852708E+001         4.4730721543E+001         4.7465421826E+002         4.8127762180E+002         9.0929821051E-001         1.1447580314E+000         
2019-07-19                20:51:57.407              199.53608110              4788.865946               200.53608110              1563569517.407            0                         963                       1.0000000000E+000         0.0000000000E+000         0.0000000000E+000         4.4213852708E+001         4.4730721543E+001         4.7483582440E+002         4.8143646228E+002         9.0929821051E-001         1.1447580314E+000         
2019-07-19                20:52:47.515              199.53666105              4788.879865               200.53666105              1563569567.515            0                         963                       1.0000000000E+000         0.0000000000E+000         0.0000000000E+000         4.4213852708E+001         4.4730721543E+001         4.7514313725E+002         4.8162066335E+002         9.0929821051E-001         1.1447580314E+000         
2019-07-19                20:53:38.701              199.53725350              4788.894084               200.53725350              1563569618.702            0                         963                       1.0000000000E+000         0.0000000000E+000         0.0000000000E+000         4.4213852708E+001         4.4730721543E+001         4.7538052992E+002         4.8193236734E+002         9.0929821051E-001         1.1447580314E+000         
2019-07-19                20:54:28.924              199.53783477              4788.908034               200.53783477              1563569668.924            0                         963                       1.0000000000E+000         0.0000000000E+000         0.0000000000E+000         4.4213852708E+001         4.4730721543E+001         4.7550482697E+002         4.8217315206E+002         9.0929821051E-001         1.1447580314E+000         
2019-07-19                20:55:18.184              199.53840491              4788.921718               200.53840491              1563569718.184            0                         963                       1.0000000000E+000         0.0000000000E+000         0.0000000000E+000         4.4213852708E+001         4.4730721543E+001         4.7553816214E+002         4.8229922517E+002         9.0929821051E-001         1.1447580314E+000         
2019-07-19                20:56:08.309              199.53898507              4788.935642               200.53898507              1563569768.310            0                         963                       1.0000000000E+000         0.0000000000E+000         0.0000000000E+000         4.4213852708E+001         4.4730721543E+001         4.7551314508E+002         4.8233303666E+002         9.0929821051E-001         1.1447580314E+000         
2019-07-19                20:56:58.571              199.53956679              4788.949603               200.53956679              1563569818.571            0                         963                       1.0000000000E+000         0.0000000000E+000         0.0000000000E+000         4.4213852708E+001         4.4730721543E+001         4.7545100844E+002         4.8230766213E+002         9.0929821051E-001         1.1447580314E+000         
2019-07-19                20:57:49.756              199.54015921              4788.963821               200.54015921              1563569869.756            0                         963                       1.0000000000E+000         0.0000000000E+000         0.0000000000E+000         4.4213852708E+001         4.4730721543E+001         4.7538092017E+002         4.8224463764E+002         9.0929821051E-001         1.1447580314E+000         
2019-07-19                20:58:39.016              199.54072936              4788.977505               200.54072936              1563569919.017            0                         963                       1.0000000000E+000         0.0000000000E+000         0.0000000000E+000         4.4213852708E+001         4.4730721543E+001         4.7528987146E+002         4.8217354789E+002         9.0929821051E-001         1.1447580314E+000         
2019-07-19                20:59:29.109              199.54130914              4788.991419               200.54130914              1563569969.110            0                         963                       1.0000000000E+000         0.0000000000E+000         0.0000000000E+000         4.4213852708E+001         4.4730721543E+001         4.7517842554E+002         4.8208119820E+002         9.0929821051E-001         1.1447580314E+000         
2019-07-19                21:00:19.331              199.54189041              4789.005370               200.54189041              1563570019.331            0                         963                       1.0000000000E+000         0.0000000000E+000         0.0000000000E+000         4.4213852708E+001         4.4730721543E+001         4.7498823238E+002         4.8196815985E+002         9.0929821051E-001         1.1447580314E+000         
2019-07-19                21:01:10.510              199.54248277              4789.019586               200.54248277              1563570070.511            0                         963                       1.0000000000E+000         0.0000000000E+000         0.0000000000E+000         4.4213852708E+001         4.4730721543E+001         4.7473267760E+002         4.8177524906E+002         9.0929821051E-001         1.1447580314E+000         
2019-07-19                21:01:59.786              199.54305308              4789.033274               200.54305308              1563570119.786            0                         963                       1.0000000000E+000         0.0000000000E+000         0.0000000000E+000         4.4213852708E+001         4.4730721543E+001         4.7439754065E+002         4.8151604270E+002         9.0929821051E-001         1.1447580314E+000         
2019-07-19                21:02:49.043              199.54362319              4789.046957               200.54362319              1563570169.044            0                         963                       1.0000000000E+000         0.0000000000E+000         0.0000000000E+000         4.4213852708E+001         4.4730721543E+001         4.7400126564E+002         4.8117611705E+002         9.0929821051E-001         1.1447580314E+000         
2019-07-19                21:03:40.240              199.54421574              4789.061178               200.54421574              1563570220.240            0                         963                       1.0000000000E+000         0.0000000000E+000         0.0000000000E+000         4.4213852708E+001         4.4730721543E+001         4.7359706011E+002         4.8077417974E+002         9.0929821051E-001         1.1447580314E+000         
2019-07-19                21:04:31.414              199.54480804              4789.075393               200.54480804              1563570271.415            0                         963                       1.0000000000E+000         0.0000000000E+000         0.0000000000E+000         4.4213852708E+001         4.4730721543E+001         4.7317780899E+002         4.8036419859E+002         9.0929821051E-001         1.1447580314E+000         
2019-07-19                21:05:21.493              199.54538765              4789.089304               200.54538765              1563570321.493            0                         963                       1.0000000000E+000         0.0000000000E+000         0.0000000000E+000         4.4213852708E+001         4.4730721543E+001         4.7278073025E+002         4.7993895687E+002         9.0929821051E-001         1.1447580314E+000         
2019-07-19                21:06:09.765              199.54594635              4789.102713               200.54594635              1563570369.765            0                         963                       1.0000000000E+000         0.0000000000E+000         0.0000000000E+000         4.4213852708E+001         4.4730721543E+001         4.7240233453E+002         4.7953620435E+002         9.0929821051E-001         1.1447580314E+000         
2019-07-19                21:07:00.944              199.54653872              4789.116929               200.54653872              1563570420.945            0                         963                       1.0000000000E+000         0.0000000000E+000         0.0000000000E+000         4.4213852708E+001         4.4730721543E+001         4.7205759399E+002         4.7915240181E+002         9.0929821051E-001         1.1447580314E+000         
2019-07-19                21:07:52.164              199.54713154              4789.131157               200.54713154              1563570472.165            0                         963                       1.0000000000E+000         0.0000000000E+000         0.0000000000E+000         4.4213852708E+001         4.4730721543E+001         4.7168179782E+002         4.7880273533E+002         9.0929821051E-001         1.1447580314E+000         
2019-07-19                21:08:41.375              199.54770110              4789.144826               200.54770110              1563570521.375            0                         963                       1.0000000000E+000         0.0000000000E+000         0.0000000000E+000         4.4213852708E+001         4.4730721543E+001         4.7136231096E+002         4.7842156948E+002         9.0929821051E-001         1.1447580314E+000         
2019-07-19                21:09:30.569              199.54827049              4789.158492               200.54827049              1563570570.570            0                         963                       1.0000000000E+000         0.0000000000E+000         0.0000000000E+000         4.4213852708E+001         4.4730721543E+001         4.7107327725E+002         4.7809751753E+002         9.0929821051E-001         1.1447580314E+000         
2019-07-19                21:10:21.792              199.54886334              4789.172720               200.54886334              1563570621.793            0                         963                       1.0000000000E+000         0.0000000000E+000         0.0000000000E+000         4.4213852708E+001         4.4730721543E+001         4.7073150088E+002         4.7780435388E+002         9.0929821051E-001         1.1447580314E+000         
2019-07-19                21:11:13.051              199.54945661              4789.186959               200.54945661              1563570673.051            0                         963                       1.0000000000E+000         0.0000000000E+000         0.0000000000E+000         4.4213852708E+001         4.4730721543E+001         4.7041682426E+002         4.7745769393E+002         9.0929821051E-001         1.1447580314E+000         
2019-07-19                21:12:03.177              199.55003678              4789.200883               200.55003678              1563570723.178            0                         963                       1.0000000000E+000         0.0000000000E+000         0.0000000000E+000         4.4213852708E+001         4.4730721543E+001         4.7027001148E+002         4.7713852095E+002         9.0929821051E-001         1.1447580314E+000         
2019-07-19                21:12:52.430              199.55060683              4789.214564               200.55060683              1563570772.430            0                         963                       1.0000000000E+000         0.0000000000E+000         0.0000000000E+000         4.4213852708E+001         4.4730721543E+001         4.7031661665E+002         4.7698961040E+002         9.0929821051E-001         1.1447580314E+000         
2019-07-19                21:13:43.599              199.55119907              4789.228778               200.55119907              1563570823.600            0                         963                       1.0000000000E+000         0.0000000000E+000         0.0000000000E+000         4.4213852708E+001         4.4730721543E+001         4.7038755391E+002         4.7703688150E+002         9.0929821051E-001         1.1447580314E+000         
2019-07-19                21:14:34.775              199.55179138              4789.242993               200.55179138              1563570874.775            0                         963                       1.0000000000E+000         0.0000000000E+000         0.0000000000E+000         4.4213852708E+001         4.4730721543E+001         4.7045738222E+002         4.7710883237E+002         9.0929821051E-001         1.1447580314E+000         
2019-07-19                21:15:25.065              199.55237344              4789.256963               200.55237344              1563570925.065            0                         963                       1.0000000000E+000         0.0000000000E+000         0.0000000000E+000         4.4213852708E+001         4.4730721543E+001         4.7052027543E+002         4.7717965844E+002         9.0929821051E-001         1.1447580314E+000         
2019-07-19                21:16:15.164              199.55295329              4789.270879               200.55295329              1563570975.164            0                         963                       1.0000000000E+000         0.0000000000E+000         0.0000000000E+000         4.4213852708E+001         4.4730721543E+001         4.7059493654E+002         4.7724345032E+002         9.0929821051E-001         1.1447580314E+000         
2019-07-19                21:17:06.342              199.55354564              4789.285095               200.55354564              1563571026.343            0                         963                       1.0000000000E+000         0.0000000000E+000         0.0000000000E+000         4.4213852708E+001         4.4730721543E+001         4.7063019619E+002         4.7731917825E+002         9.0929821051E-001         1.1447580314E+000         
2019-07-19                21:17:57.571              199.55413855              4789.299325               200.55413855              1563571077.571            0                         963                       1.0000000000E+000         0.0000000000E+000         0.0000000000E+000         4.4213852708E+001         4.4730721543E+001         4.7047226352E+002         4.7735494171E+002         9.0929821051E-001         1.1447580314E+000         
2019-07-19                21:18:46.802              199.55470837              4789.313001               200.55470837              1563571126.803            0                         963                       1.0000000000E+000         0.0000000000E+000         0.0000000000E+000         4.4213852708E+001         4.4730721543E+001         4.7020884922E+002         4.7719475238E+002         9.0929821051E-001         1.1447580314E+000         
2019-07-19                21:19:36.898              199.55528817              4789.326916               200.55528817              1563571176.898            0                         963                       1.0000000000E+000         0.0000000000E+000         0.0000000000E+000         4.4213852708E+001         4.4730721543E+001         4.6995537493E+002         4.7692757420E+002         9.0929821051E-001         1.1447580314E+000         
2019-07-19                21:20:28.078              199.55588054              4789.341133               200.55588054              1563571228.079            0                         963                       1.0000000000E+000         0.0000000000E+000         0.0000000000E+000         4.4213852708E+001         4.4730721543E+001         4.6975901976E+002         4.7667047807E+002         9.0929821051E-001         1.1447580314E+000         
2019-07-19                21:21:19.256              199.55647287              4789.355349               200.55647287              1563571279.256            0                         963                       1.0000000000E+000         0.0000000000E+000         0.0000000000E+000         4.4213852708E+001         4.4730721543E+001         4.6960043234E+002         4.7647131722E+002         9.0929821051E-001         1.1447580314E+000         
2019-07-19                21:22:09.367              199.55705286              4789.369269               200.55705286              1563571329.367            0                         963                       1.0000000000E+000         0.0000000000E+000         0.0000000000E+000         4.4213852708E+001         4.4730721543E+001         4.6956147733E+002         4.7631046377E+002         9.0929821051E-001         1.1447580314E+000         
2019-07-19                21:22:58.641              199.55762317              4789.382956               200.55762317              1563571378.642            0                         963                       1.0000000000E+000         0.0000000000E+000         0.0000000000E+000         4.4213852708E+001         4.4730721543E+001         4.6965197168E+002         4.7627095213E+002         9.0929821051E-001         1.1447580314E+000         
2019-07-19                21:23:49.831              199.55821564              4789.397175               200.55821564              1563571429.831            0                         963                       1.0000000000E+000         0.0000000000E+000         0.0000000000E+000         4.4213852708E+001         4.4730721543E+001         4.6965542495E+002         4.7636273955E+002         9.0929821051E-001         1.1447580314E+000         
2019-07-19                21:24:41.013              199.55880803              4789.411393               200.55880803              1563571481.014            0                         963                       1.0000000000E+000         0.0000000000E+000         0.0000000000E+000         4.4213852708E+001         4.4730721543E+001         4.6964733511E+002         4.7636624215E+002         9.0929821051E-001         1.1447580314E+000         
2019-07-19                21:25:31.089              199.55938762              4789.425303               200.55938762              1563571531.090            0                         963                       1.0000000000E+000         0.0000000000E+000         0.0000000000E+000         4.4213852708E+001         4.4730721543E+001         4.6971867537E+002         4.7635803672E+002         9.0929821051E-001         1.1447580314E+000         
2019-07-19                21:26:19.397              199.55994672              4789.438721               200.55994672              1563571579.397            0                         963                       1.0000000000E+000         0.0000000000E+000         0.0000000000E+000         4.4213852708E+001         4.4730721543E+001         4.6983835136E+002         4.7643039634E+002         9.0929821051E-001         1.1447580314E+000         
2019-07-19                21:27:10.605              199.56053941              4789.452946               200.56053941              1563571630.605            0                         963                       1.0000000000E+000         0.0000000000E+000         0.0000000000E+000         4.4213852708E+001         4.4730721543E+001         4.6999258388E+002         4.7655178237E+002         9.0929821051E-001         1.1447580314E+000         
2019-07-19                21:28:01.786              199.56113178              4789.467163               200.56113178              1563571681.786            0                         963                       1.0000000000E+000         0.0000000000E+000         0.0000000000E+000         4.4213852708E+001         4.4730721543E+001         4.7020790569E+002         4.7670821868E+002         9.0929821051E-001         1.1447580314E+000         
2019-07-19                21:28:51.898              199.56171178              4789.481083               200.56171178              1563571731.898            0                         963                       1.0000000000E+000         0.0000000000E+000         0.0000000000E+000         4.4213852708E+001         4.4730721543E+001         4.7062471559E+002         4.7692661718E+002         9.0929821051E-001         1.1447580314E+000         
2019-07-19                21:29:41.253              199.56228302              4789.494793               200.56228302              1563571781.253            0                         963                       1.0000000000E+000         0.0000000000E+000         0.0000000000E+000         4.4213852708E+001         4.4730721543E+001         4.7111008477E+002         4.7734938281E+002         9.0929821051E-001         1.1447580314E+000         
2019-07-19                21:30:32.450              199.56287559              4789.509014               200.56287559              1563571832.451            0                         963                       1.0000000000E+000         0.0000000000E+000         0.0000000000E+000         4.4213852708E+001         4.4730721543E+001         4.7139290039E+002         4.7784168734E+002         9.0929821051E-001         1.1447580314E+000         
