DATE                      TIME                      FRAC_DAYS_SINCE_JAN1      FRAC_HRS_SINCE_JAN1       JULIAN_DAYS               EPOCH_TIME                ALARM_STATUS              INST_STATUS               species                   MPVPosition               solenoid_valves           CH4                       CH4_dry                   CO2                       CO2_dry                   H2O                       h2o_reported              
2019-07-19                21:31:23.645              199.56346812              4789.523235               200.56346812              1563571883.646            0                         963                       1.0000000000E+000         0.0000000000E+000         0.0000000000E+000         4.4213852708E+001         4.4730721543E+001         4.7157455196E+002         4.7812854405E+002         9.0929821051E-001         1.1447580314E+000         
2019-07-19                21:32:13.734              199.56404786              4789.537149               200.56404786              1563571933.735            0                         963                       1.0000000000E+000         0.0000000000E+000         0.0000000000E+000         4.4213852708E+001         4.4730721543E+001         4.7174389197E+002         4.7831279121E+002         9.0929821051E-001         1.1447580314E+000         
2019-07-19                21:33:03.000              199.56461807              4789.550834               200.56461807              1563571983.001            0                         963                       1.0000000000E+000         0.0000000000E+000         0.0000000000E+000         4.4213852708E+001         4.4730721543E+001         4.7242919532E+002         4.7848455089E+002         9.0929821051E-001         1.1447580314E+000         
2019-07-19                21:33:54.217              199.56521084              4789.565060               200.56521084              1563572034.217            0                         963                       1.0000000000E+000         0.0000000000E+000         0.0000000000E+000         4.4213852708E+001         4.4730721543E+001         4.7315113152E+002         4.7917964641E+002         9.0929821051E-001         1.1447580314E+000         
2019-07-19                21:34:45.401              199.56580325              4789.579278               200.56580325              1563572085.401            0                         963                       1.0000000000E+000         0.0000000000E+000         0.0000000000E+000         4.4213852708E+001         4.4730721543E+001         4.7340737100E+002         4.7991189822E+002         9.0929821051E-001         1.1447580314E+000         
2019-07-19                21:35:35.489              199.56638297              4789.593191               200.56638297              1563572135.489            0                         963                       1.0000000000E+000         0.0000000000E+000         0.0000000000E+000         4.4213852708E+001         4.4730721543E+001         4.7368362644E+002         4.8017179905E+002         9.0929821051E-001         1.1447580314E+000         
2019-07-19                21:36:23.766              199.56694175              4789.606602               200.56694175              1563572183.767            0                         963                       1.0000000000E+000         0.0000000000E+000         0.0000000000E+000         4.4213852708E+001         4.4730721543E+001         4.7392038524E+002         4.8045200185E+002         9.0929821051E-001         1.1447580314E+000         
2019-07-19                21:37:14.950              199.56753414              4789.620819               200.56753414              1563572234.950            0                         963                       1.0000000000E+000         0.0000000000E+000         0.0000000000E+000         4.4213852708E+001         4.4730721543E+001         4.7414044796E+002         4.8069214365E+002         9.0929821051E-001         1.1447580314E+000         
2019-07-19                21:38:06.125              199.56812645              4789.635035               200.56812645              1563572286.125            0                         963                       1.0000000000E+000         0.0000000000E+000         0.0000000000E+000         4.4213852708E+001         4.4730721543E+001         4.7439374594E+002         4.8091535081E+002         9.0929821051E-001         1.1447580314E+000         
2019-07-19                21:38:55.367              199.56869638              4789.648713               200.56869638              1563572335.367            0                         963                       1.0000000000E+000         0.0000000000E+000         0.0000000000E+000         4.4213852708E+001         4.4730721543E+001         4.7466510438E+002         4.8117226811E+002         9.0929821051E-001         1.1447580314E+000         
2019-07-19                21:39:45.493              199.56927655              4789.662637               200.56927655              1563572385.494            0                         963                       1.0000000000E+000         0.0000000000E+000         0.0000000000E+000         4.4213852708E+001         4.4730721543E+001         4.7489659496E+002         4.8144750395E+002         9.0929821051E-001         1.1447580314E+000         
2019-07-19                21:40:35.736              199.56985807              4789.676594               200.56985807              1563572435.737            0                         963                       1.0000000000E+000         0.0000000000E+000         0.0000000000E+000         4.4213852708E+001         4.4730721543E+001         4.7501848774E+002         4.8168230225E+002         9.0929821051E-001         1.1447580314E+000         
2019-07-19                21:41:26.917              199.57045044              4789.690811               200.57045044              1563572486.918            0                         963                       1.0000000000E+000         0.0000000000E+000         0.0000000000E+000         4.4213852708E+001         4.4730721543E+001         4.7507042061E+002         4.8180593673E+002         9.0929821051E-001         1.1447580314E+000         
2019-07-19                21:42:16.165              199.57102044              4789.704491               200.57102044              1563572536.166            0                         963                       1.0000000000E+000         0.0000000000E+000         0.0000000000E+000         4.4213852708E+001         4.4730721543E+001         4.7517591297E+002         4.8185861166E+002         9.0929821051E-001         1.1447580314E+000         
2019-07-19                21:43:05.410              199.57159039              4789.718169               200.57159039              1563572585.410            0                         963                       1.0000000000E+000         0.0000000000E+000         0.0000000000E+000         4.4213852708E+001         4.4730721543E+001         4.7524295568E+002         4.8196561139E+002         9.0929821051E-001         1.1447580314E+000         
2019-07-19                21:43:56.594              199.57218280              4789.732387               200.57218280              1563572636.594            0                         963                       1.0000000000E+000         0.0000000000E+000         0.0000000000E+000         4.4213852708E+001         4.4730721543E+001         4.7526205018E+002         4.8203361205E+002         9.0929821051E-001         1.1447580314E+000         
2019-07-19                21:44:47.756              199.57277495              4789.746599               200.57277495              1563572687.756            0                         963                       1.0000000000E+000         0.0000000000E+000         0.0000000000E+000         4.4213852708E+001         4.4730721543E+001         4.7536593327E+002         4.8205297939E+002         9.0929821051E-001         1.1447580314E+000         
2019-07-19                21:45:36.984              199.57334473              4789.760274               200.57334473              1563572736.985            0                         963                       1.0000000000E+000         0.0000000000E+000         0.0000000000E+000         4.4213852708E+001         4.4730721543E+001         4.7547795032E+002         4.8215834684E+002         9.0929821051E-001         1.1447580314E+000         
2019-07-19                21:46:27.092              199.57392469              4789.774192               200.57392469              1563572787.093            0                         963                       1.0000000000E+000         0.0000000000E+000         0.0000000000E+000         4.4213852708E+001         4.4730721543E+001         4.7554225830E+002         4.8227196448E+002         9.0929821051E-001         1.1447580314E+000         
2019-07-19                21:47:18.385              199.57451836              4789.788441               200.57451836              1563572838.386            0                         963                       1.0000000000E+000         0.0000000000E+000         0.0000000000E+000         4.4213852708E+001         4.4730721543E+001         4.7552027410E+002         4.8233719135E+002         9.0929821051E-001         1.1447580314E+000         
2019-07-19                21:48:09.607              199.57511119              4789.802669               200.57511119              1563572889.607            0                         963                       1.0000000000E+000         0.0000000000E+000         0.0000000000E+000         4.4213852708E+001         4.4730721543E+001         4.7559190082E+002         4.8231489302E+002         9.0929821051E-001         1.1447580314E+000         
2019-07-19                21:48:59.700              199.57569097              4789.816583               200.57569097              1563572939.700            0                         963                       1.0000000000E+000         0.0000000000E+000         0.0000000000E+000         4.4213852708E+001         4.4730721543E+001         4.7582008722E+002         4.8238754320E+002         9.0929821051E-001         1.1447580314E+000         
2019-07-19                21:49:47.967              199.57624963              4789.829991               200.57624963              1563572987.968            0                         963                       1.0000000000E+000         0.0000000000E+000         0.0000000000E+000         4.4213852708E+001         4.4730721543E+001         4.7598004084E+002         4.8261899011E+002         9.0929821051E-001         1.1447580314E+000         
2019-07-19                21:50:39.155              199.57684208              4789.844210               200.57684208              1563573039.156            0                         963                       1.0000000000E+000         0.0000000000E+000         0.0000000000E+000         4.4213852708E+001         4.4730721543E+001         4.7606680027E+002         4.8278122928E+002         9.0929821051E-001         1.1447580314E+000         
2019-07-19                21:51:30.357              199.57743469              4789.858433               200.57743469              1563573090.357            0                         963                       1.0000000000E+000         0.0000000000E+000         0.0000000000E+000         4.4213852708E+001         4.4730721543E+001         4.7616971878E+002         4.8286922840E+002         9.0929821051E-001         1.1447580314E+000         
2019-07-19                21:52:19.615              199.57800481              4789.872116               200.57800481              1563573139.616            0                         963                       1.0000000000E+000         0.0000000000E+000         0.0000000000E+000         4.4213852708E+001         4.4730721543E+001         4.7632151779E+002         4.8297361749E+002         9.0929821051E-001         1.1447580314E+000         
2019-07-19                21:53:09.717              199.57858469              4789.886033               200.57858469              1563573189.717            0                         963                       1.0000000000E+000         0.0000000000E+000         0.0000000000E+000         4.4213852708E+001         4.4730721543E+001         4.7654622512E+002         4.8312758553E+002         9.0929821051E-001         1.1447580314E+000         
2019-07-19                21:54:00.944              199.57917760              4789.900262               200.57917760              1563573240.945            0                         963                       1.0000000000E+000         0.0000000000E+000         0.0000000000E+000         4.4213852708E+001         4.4730721543E+001         4.7683664239E+002         4.8335550366E+002         9.0929821051E-001         1.1447580314E+000         
2019-07-19                21:54:52.121              199.57976992              4789.914478               200.57976992              1563573292.121            0                         963                       1.0000000000E+000         0.0000000000E+000         0.0000000000E+000         4.4213852708E+001         4.4730721543E+001         4.7718748008E+002         4.8365007065E+002         9.0929821051E-001         1.1447580314E+000         
2019-07-19                21:55:41.371              199.58033994              4789.928159               200.58033994              1563573341.371            0                         963                       1.0000000000E+000         0.0000000000E+000         0.0000000000E+000         4.4213852708E+001         4.4730721543E+001         4.7762611933E+002         4.8400592139E+002         9.0929821051E-001         1.1447580314E+000         
2019-07-19                21:56:30.625              199.58091002              4789.941841               200.58091002              1563573390.626            0                         963                       1.0000000000E+000         0.0000000000E+000         0.0000000000E+000         4.4213852708E+001         4.4730721543E+001         4.7800183986E+002         4.8445082827E+002         9.0929821051E-001         1.1447580314E+000         
2019-07-19                21:57:21.838              199.58150277              4789.956066               200.58150277              1563573441.839            0                         963                       1.0000000000E+000         0.0000000000E+000         0.0000000000E+000         4.4213852708E+001         4.4730721543E+001         4.7821042303E+002         4.8483191740E+002         9.0929821051E-001         1.1447580314E+000         
2019-07-19                21:58:13.002              199.58209493              4789.970278               200.58209493              1563573493.002            0                         963                       1.0000000000E+000         0.0000000000E+000         0.0000000000E+000         4.4213852708E+001         4.4730721543E+001         4.7822904565E+002         4.8504348098E+002         9.0929821051E-001         1.1447580314E+000         
2019-07-19                21:59:02.229              199.58266469              4789.983953               200.58266469              1563573542.229            0                         963                       1.0000000000E+000         0.0000000000E+000         0.0000000000E+000         4.4213852708E+001         4.4730721543E+001         4.7809583046E+002         4.8506236970E+002         9.0929821051E-001         1.1447580314E+000         
2019-07-19                21:59:52.325              199.58324450              4789.997868               200.58324450              1563573592.325            0                         963                       1.0000000000E+000         0.0000000000E+000         0.0000000000E+000         4.4213852708E+001         4.4730721543E+001         4.7789688135E+002         4.8492725101E+002         9.0929821051E-001         1.1447580314E+000         
2019-07-19                22:00:43.502              199.58383683              4790.012084               200.58383683              1563573643.502            0                         963                       1.0000000000E+000         0.0000000000E+000         0.0000000000E+000         4.4213852708E+001         4.4730721543E+001         4.7769269707E+002         4.8472545916E+002         9.0929821051E-001         1.1447580314E+000         
2019-07-19                22:01:34.694              199.58442933              4790.026304               200.58442933              1563573694.694            0                         963                       1.0000000000E+000         0.0000000000E+000         0.0000000000E+000         4.4213852708E+001         4.4730721543E+001         4.7751935619E+002         4.8451835733E+002         9.0929821051E-001         1.1447580314E+000         
2019-07-19                22:01:38.326              199.58447138              4790.027313               200.58447138              1563573698.327            0                         963                       3.0000000000E+000         0.0000000000E+000         0.0000000000E+000         4.4213852708E+001         4.4723168417E+001         4.7751935619E+002         4.8424279579E+002         8.8301132503E-001         1.1125437735E+000         
2019-07-19                22:02:12.299              199.58486458              4790.036750               200.58486458              1563573732.300            0                         963                       1.0000000000E+000         0.0000000000E+000         0.0000000000E+000         4.4213852708E+001         4.4723168417E+001         4.7730378700E+002         4.8424279579E+002         8.8301132503E-001         1.1125437735E+000         
2019-07-19                22:03:00.568              199.58542324              4790.050158               200.58542324              1563573780.568            0                         963                       1.0000000000E+000         0.0000000000E+000         0.0000000000E+000         4.4213852708E+001         4.4715623456E+001         4.7720912394E+002         4.8392460173E+002         8.8301132503E-001         1.1125437735E+000         
2019-07-19                22:03:51.759              199.58601574              4790.064378               200.58601574              1563573831.760            0                         963                       1.0000000000E+000         0.0000000000E+000         0.0000000000E+000         4.4213852708E+001         4.4715623456E+001         4.7736655599E+002         4.8382862558E+002         8.8301132503E-001         1.1125437735E+000         
2019-07-19                22:04:42.959              199.58660832              4790.078600               200.58660832              1563573882.959            0                         963                       1.0000000000E+000         0.0000000000E+000         0.0000000000E+000         4.4213852708E+001         4.4715623456E+001         4.7726874676E+002         4.8398824141E+002         8.8301132503E-001         1.1125437735E+000         
2019-07-19                22:05:32.217              199.58717845              4790.092283               200.58717845              1563573932.218            0                         963                       1.0000000000E+000         0.0000000000E+000         0.0000000000E+000         4.4213852708E+001         4.4715623456E+001         4.7687406867E+002         4.8388907544E+002         8.8301132503E-001         1.1125437735E+000         
2019-07-19                22:06:22.368              199.58775890              4790.106214               200.58775890              1563573982.369            0                         963                       1.0000000000E+000         0.0000000000E+000         0.0000000000E+000         4.4213852708E+001         4.4715623456E+001         4.7643394242E+002         4.8348892266E+002         8.8301132503E-001         1.1125437735E+000         
2019-07-19                22:07:13.558              199.58835137              4790.120433               200.58835137              1563574033.558            0                         963                       1.0000000000E+000         0.0000000000E+000         0.0000000000E+000         4.4213852708E+001         4.4715623456E+001         4.7599225526E+002         4.8304269130E+002         8.8301132503E-001         1.1125437735E+000         
2019-07-19                22:08:04.760              199.58894399              4790.134656               200.58894399              1563574084.761            0                         963                       1.0000000000E+000         0.0000000000E+000         0.0000000000E+000         4.4213852708E+001         4.4715623456E+001         4.7575814543E+002         4.8259487737E+002         8.8301132503E-001         1.1125437735E+000         
2019-07-19                22:08:53.990              199.58951377              4790.148331               200.58951377              1563574133.990            0                         963                       1.0000000000E+000         0.0000000000E+000         0.0000000000E+000         4.4213852708E+001         4.4715623456E+001         4.7572255211E+002         4.8235752013E+002         8.8301132503E-001         1.1125437735E+000         
2019-07-19                22:09:43.201              199.59008336              4790.162001               200.59008336              1563574183.202            0                         963                       1.0000000000E+000         0.0000000000E+000         0.0000000000E+000         4.4213852708E+001         4.4715623456E+001         4.7589085445E+002         4.8232143309E+002         8.8301132503E-001         1.1125437735E+000         
2019-07-19                22:10:34.382              199.59067573              4790.176217               200.59067573              1563574234.383            0                         963                       1.0000000000E+000         0.0000000000E+000         0.0000000000E+000         4.4213852708E+001         4.4715623456E+001         4.7619759261E+002         4.8249207000E+002         8.8301132503E-001         1.1125437735E+000         
2019-07-19                22:11:25.611              199.59126865              4790.190448               200.59126865              1563574285.611            0                         963                       1.0000000000E+000         0.0000000000E+000         0.0000000000E+000         4.4213852708E+001         4.4715623456E+001         4.7661457207E+002         4.8280306301E+002         8.8301132503E-001         1.1125437735E+000         
2019-07-19                22:12:15.726              199.59184868              4790.204368               200.59184868              1563574335.726            0                         963                       1.0000000000E+000         0.0000000000E+000         0.0000000000E+000         4.4213852708E+001         4.4715623456E+001         4.7721179252E+002         4.8322582651E+002         8.8301132503E-001         1.1125437735E+000         
2019-07-19                22:13:04.973              199.59241867              4790.218048               200.59241867              1563574384.973            0                         963                       1.0000000000E+000         0.0000000000E+000         0.0000000000E+000         4.4213852708E+001         4.4715623456E+001         4.7798752734E+002         4.8383133117E+002         8.8301132503E-001         1.1125437735E+000         
2019-07-19                22:13:56.180              199.59301135              4790.232272               200.59301135              1563574436.181            0                         963                       1.0000000000E+000         0.0000000000E+000         0.0000000000E+000         4.4213852708E+001         4.4715623456E+001         4.7924026208E+002         4.8461782642E+002         8.8301132503E-001         1.1125437735E+000         
2019-07-19                22:14:47.417              199.59360437              4790.246505               200.59360437              1563574487.418            0                         963                       1.0000000000E+000         0.0000000000E+000         0.0000000000E+000         4.4213852708E+001         4.4715623456E+001         4.8082918156E+002         4.8588793820E+002         8.8301132503E-001         1.1125437735E+000         
2019-07-19                22:15:37.542              199.59418451              4790.260428               200.59418451              1563574537.542            0                         963                       1.0000000000E+000         0.0000000000E+000         0.0000000000E+000         4.4213852708E+001         4.4715623456E+001         4.8216012519E+002         4.8749889803E+002         8.8301132503E-001         1.1125437735E+000         
2019-07-19                22:16:26.773              199.59475433              4790.274104               200.59475433              1563574586.774            0                         963                       1.0000000000E+000         0.0000000000E+000         0.0000000000E+000         4.4213852708E+001         4.4715623456E+001         4.8313378923E+002         4.8884830355E+002         8.8301132503E-001         1.1125437735E+000         
2019-07-19                22:17:17.969              199.59534686              4790.288325               200.59534686              1563574637.969            0                         963                       1.0000000000E+000         0.0000000000E+000         0.0000000000E+000         4.4213852708E+001         4.4715623456E+001         4.8395367175E+002         4.8983547356E+002         8.8301132503E-001         1.1125437735E+000         
2019-07-19                22:18:09.131              199.59593903              4790.302537               200.59593903              1563574689.132            0                         963                       1.0000000000E+000         0.0000000000E+000         0.0000000000E+000         4.4213852708E+001         4.4715623456E+001         4.8473292666E+002         4.9066672890E+002         8.8301132503E-001         1.1125437735E+000         
2019-07-19                22:18:58.395              199.59650921              4790.316221               200.59650921              1563574738.396            0                         963                       1.0000000000E+000         0.0000000000E+000         0.0000000000E+000         4.4213852708E+001         4.4715623456E+001         4.8547894912E+002         4.9145679307E+002         8.8301132503E-001         1.1125437735E+000         
2019-07-19                22:19:48.519              199.59708934              4790.330144               200.59708934              1563574788.519            0                         963                       1.0000000000E+000         0.0000000000E+000         0.0000000000E+000         4.4213852708E+001         4.4715623456E+001         4.8636799604E+002         4.9221316382E+002         8.8301132503E-001         1.1125437735E+000         
2019-07-19                22:20:38.740              199.59767060              4790.344094               200.59767060              1563574838.740            0                         963                       1.0000000000E+000         0.0000000000E+000         0.0000000000E+000         4.4213852708E+001         4.4715623456E+001         4.8730531236E+002         4.9311454296E+002         8.8301132503E-001         1.1125437735E+000         
2019-07-19                22:21:29.911              199.59826286              4790.358309               200.59826286              1563574889.911            0                         963                       1.0000000000E+000         0.0000000000E+000         0.0000000000E+000         4.4213852708E+001         4.4715623456E+001         4.8838395483E+002         4.9406486106E+002         8.8301132503E-001         1.1125437735E+000         
2019-07-19                22:22:19.134              199.59883257              4790.371982               200.59883257              1563574939.134            0                         963                       1.0000000000E+000         0.0000000000E+000         0.0000000000E+000         4.4213852708E+001         4.4715623456E+001         4.8942341475E+002         4.9515846568E+002         8.8301132503E-001         1.1125437735E+000         
2019-07-19                22:23:08.392              199.59940270              4790.385665               200.59940270              1563574988.393            0                         963                       1.0000000000E+000         0.0000000000E+000         0.0000000000E+000         4.4213852708E+001         4.4715623456E+001         4.9011860113E+002         4.9621234424E+002         8.8301132503E-001         1.1125437735E+000         
2019-07-19                22:23:59.581              199.59999515              4790.399884               200.59999515              1563575039.581            0                         963                       1.0000000000E+000         0.0000000000E+000         0.0000000000E+000         4.4213852708E+001         4.4715623456E+001         4.9064680293E+002         4.9691717374E+002         8.8301132503E-001         1.1125437735E+000         
2019-07-19                22:24:50.760              199.60058751              4790.414100               200.60058751              1563575090.761            0                         963                       1.0000000000E+000         0.0000000000E+000         0.0000000000E+000         4.4213852708E+001         4.4715623456E+001         4.9097306696E+002         4.9745270238E+002         8.8301132503E-001         1.1125437735E+000         
2019-07-19                22:25:40.101              199.60115859              4790.427806               200.60115859              1563575140.102            0                         963                       1.0000000000E+000         0.0000000000E+000         0.0000000000E+000         4.4213852708E+001         4.4715623456E+001         4.9114596805E+002         4.9778349211E+002         8.8301132503E-001         1.1125437735E+000         
2019-07-19                22:26:30.313              199.60173975              4790.441754               200.60173975              1563575190.314            0                         963                       1.0000000000E+000         0.0000000000E+000         0.0000000000E+000         4.4213852708E+001         4.4715623456E+001         4.9130993688E+002         4.9795879156E+002         8.8301132503E-001         1.1125437735E+000         
2019-07-19                22:27:21.506              199.60233225              4790.455974               200.60233225              1563575241.506            0                         963                       1.0000000000E+000         0.0000000000E+000         0.0000000000E+000         4.4213852708E+001         4.4715623456E+001         4.9156089348E+002         4.9812503484E+002         8.8301132503E-001         1.1125437735E+000         
2019-07-19                22:28:12.747              199.60292532              4790.470208               200.60292532              1563575292.748            0                         963                       1.0000000000E+000         0.0000000000E+000         0.0000000000E+000         4.4213852708E+001         4.4715623456E+001         4.9186402292E+002         4.9837947253E+002         8.8301132503E-001         1.1125437735E+000         
2019-07-19                22:29:01.993              199.60349530              4790.483887               200.60349530              1563575341.994            0                         963                       1.0000000000E+000         0.0000000000E+000         0.0000000000E+000         4.4213852708E+001         4.4715623456E+001         4.9219582442E+002         4.9868680677E+002         8.8301132503E-001         1.1125437735E+000         
2019-07-19                22:29:52.079              199.60407500              4790.497800               200.60407500              1563575392.080            0                         963                       1.0000000000E+000         0.0000000000E+000         0.0000000000E+000         4.4213852708E+001         4.4715623456E+001         4.9258098644E+002         4.9902321078E+002         8.8301132503E-001         1.1125437735E+000         
2019-07-19                22:30:42.306              199.60465633              4790.511752               200.60465633              1563575442.307            0                         963                       1.0000000000E+000         0.0000000000E+000         0.0000000000E+000         4.4213852708E+001         4.4715623456E+001         4.9285312182E+002         4.9941371550E+002         8.8301132503E-001         1.1125437735E+000         
2019-07-19                22:31:33.486              199.60524869              4790.525969               200.60524869              1563575493.487            0                         963                       1.0000000000E+000         0.0000000000E+000         0.0000000000E+000         4.4213852708E+001         4.4715623456E+001         4.9289130599E+002         4.9968962574E+002         8.8301132503E-001         1.1125437735E+000         
