DATE                      TIME                      FRAC_DAYS_SINCE_JAN1      FRAC_HRS_SINCE_JAN1       JULIAN_DAYS               EPOCH_TIME                ALARM_STATUS              INST_STATUS               species                   MPVPosition               solenoid_valves           CH4                       CH4_dry                   CO2                       CO2_dry                   H2O                       h2o_reported              
2019-11-08                20:04:38.444              311.50322273              7476.077346               312.50322273              1573243478.444            0                         963                       1.0000000000E+000         3.0000000000E+000         0.0000000000E+000         4.6951444647E+001         4.7318492346E+001         1.0876728379E+003         1.0512240259E+003         6.1022299649E-001         7.7526802315E-001         
2019-11-08                20:05:30.612              311.50382654              7476.091837               312.50382654              1573243530.613            0                         963                       1.0000000000E+000         3.0000000000E+000         0.0000000000E+000         4.6951444647E+001         4.7318492346E+001         6.0530292201E+002         1.0980648517E+003         6.1022299649E-001         7.7526802315E-001         
2019-11-08                20:06:21.755              311.50441846              7476.106043               312.50441846              1573243581.755            0                         963                       1.0000000000E+000         4.0000000000E+000         0.0000000000E+000         4.6951444647E+001         4.7318492346E+001         7.5714179774E+002         6.1108620180E+002         6.1022299649E-001         7.7526802315E-001         
2019-11-08                20:07:13.898              311.50502198              7476.120527               312.50502198              1573243633.899            0                         963                       1.0000000000E+000         4.0000000000E+000         0.0000000000E+000         4.6951444647E+001         4.7318492346E+001         7.6667974205E+002         7.6437580026E+002         6.1022299649E-001         7.7526802315E-001         
2019-11-08                20:08:03.109              311.50559155              7476.134197               312.50559155              1573243683.110            0                         963                       1.0000000000E+000         4.0000000000E+000         0.0000000000E+000         4.6951444647E+001         4.7318492346E+001         5.7080360219E+002         7.7400487348E+002         6.1022299649E-001         7.7526802315E-001         
2019-11-08                20:08:55.323              311.50619588              7476.148701               312.50619588              1573243735.324            0                         963                       1.0000000000E+000         5.0000000000E+000         0.0000000000E+000         4.6951444647E+001         4.7318492346E+001         9.5107675077E+002         5.7625726319E+002         6.1022299649E-001         7.7526802315E-001         
2019-11-08                20:09:47.448              311.50679918              7476.163180               312.50679918              1573243787.449            0                         963                       1.0000000000E+000         5.0000000000E+000         0.0000000000E+000         4.6951444647E+001         4.7318492346E+001         9.8358016965E+002         9.6016367693E+002         6.1022299649E-001         7.7526802315E-001         
2019-11-08                20:10:38.539              311.50739051              7476.177372               312.50739051              1573243838.540            0                         963                       1.0000000000E+000         1.6000000000E+001         0.0000000000E+000         4.6951444647E+001         4.7318492346E+001         5.9141050925E+002         9.9297764506E+002         6.1022299649E-001         7.7526802315E-001         
2019-11-08                20:11:30.632              311.50799344              7476.191842               312.50799344              1573243890.633            0                         963                       1.0000000000E+000         6.0000000000E+000         0.0000000000E+000         4.6951444647E+001         4.7318492346E+001         6.8686513965E+002         5.9706105599E+002         6.1022299649E-001         7.7526802315E-001         
2019-11-08                20:12:22.809              311.50859733              7476.206336               312.50859733              1573243942.809            0                         963                       1.0000000000E+000         6.0000000000E+000         0.0000000000E+000         4.6951444647E+001         4.7318492346E+001         6.8808578180E+002         6.9342769393E+002         6.1022299649E-001         7.7526802315E-001         
2019-11-08                20:13:13.898              311.50918863              7476.220527               312.50918863              1573243993.898            0                         963                       1.0000000000E+000         1.6000000000E+001         0.0000000000E+000         4.6951444647E+001         4.7318492346E+001         5.4396392407E+002         6.9465999854E+002         6.1022299649E-001         7.7526802315E-001         
2019-11-08                20:14:06.134              311.50979323              7476.235037               312.50979323              1573244046.135            0                         963                       1.0000000000E+000         7.0000000000E+000         0.0000000000E+000         4.6951444647E+001         4.7318492346E+001         6.2286511542E+002         5.4916114922E+002         6.1022299649E-001         7.7526802315E-001         
2019-11-08                20:14:58.232              311.51039620              7476.249509               312.51039620              1573244098.232            0                         963                       1.0000000000E+000         7.0000000000E+000         0.0000000000E+000         4.6951444647E+001         4.7318492346E+001         6.3433216961E+002         6.2881619066E+002         6.1022299649E-001         7.7526802315E-001         
2019-11-08                20:15:50.453              311.51100062              7476.264015               312.51100062              1573244150.454            0                         963                       1.0000000000E+000         1.6000000000E+001         0.0000000000E+000         4.6951444647E+001         4.7318492346E+001         5.3466555437E+002         6.4039280518E+002         6.1022299649E-001         7.7526802315E-001         
2019-11-08                20:16:41.556              311.51159209              7476.278210               312.51159209              1573244201.557            0                         963                       1.0000000000E+000         8.0000000000E+000         0.0000000000E+000         4.6951444647E+001         4.7318492346E+001         5.9867636473E+002         5.3977393958E+002         6.1022299649E-001         7.7526802315E-001         
2019-11-08                20:17:33.696              311.51219556              7476.292693               312.51219556              1573244253.696            0                         963                       1.0000000000E+000         8.0000000000E+000         0.0000000000E+000         4.6951444647E+001         4.7318492346E+001         6.0635610746E+002         6.0439633203E+002         6.1022299649E-001         7.7526802315E-001         
2019-11-08                20:18:22.951              311.51276565              7476.306376               312.51276565              1573244302.952            0                         963                       1.0000000000E+000         1.6000000000E+001         0.0000000000E+000         4.6951444647E+001         4.7318492346E+001         5.2846145254E+002         6.1214944976E+002         6.1022299649E-001         7.7526802315E-001         
2019-11-08                20:19:15.069              311.51336885              7476.320853               312.51336885              1573244355.069            0                         963                       1.0000000000E+000         9.0000000000E+000         0.0000000000E+000         4.6951444647E+001         4.7318492346E+001         5.9537022541E+002         5.3351056156E+002         6.1022299649E-001         7.7526802315E-001         
2019-11-08                20:20:06.158              311.51396017              7476.335044               312.51396017              1573244406.159            0                         963                       1.0000000000E+000         9.0000000000E+000         0.0000000000E+000         4.6951444647E+001         4.7318492346E+001         6.0594447807E+002         6.0105860468E+002         6.1022299649E-001         7.7526802315E-001         
2019-11-08                20:20:58.290              311.51456355              7476.349525               312.51456355              1573244458.291            0                         963                       1.0000000000E+000         1.6000000000E+001         0.0000000000E+000         4.6951444647E+001         4.7318492346E+001         5.2907379025E+002         6.1173388752E+002         6.1022299649E-001         7.7526802315E-001         
2019-11-08                20:21:50.502              311.51516785              7476.364028               312.51516785              1573244510.502            0                         963                       1.0000000000E+000         1.0000000000E+001         0.0000000000E+000         4.6951444647E+001         4.7318492346E+001         5.5683730343E+002         5.3412874976E+002         6.1022299649E-001         7.7526802315E-001         
2019-11-08                20:22:42.677              311.51577174              7476.378522               312.51577174              1573244562.678            0                         963                       1.0000000000E+000         1.0000000000E+001         0.0000000000E+000         4.6951444647E+001         4.7318492346E+001         5.5942953451E+002         5.6215752543E+002         6.1022299649E-001         7.7526802315E-001         
2019-11-08                20:23:33.882              311.51636439              7476.392745               312.51636439              1573244613.883            0                         963                       1.0000000000E+000         1.1000000000E+001         0.0000000000E+000         4.6951444647E+001         4.7318492346E+001         5.1897065576E+002         5.6477452361E+002         6.1022299649E-001         7.7526802315E-001         
2019-11-08                20:24:25.084              311.51695699              7476.406968               312.51695699              1573244665.084            0                         963                       1.0000000000E+000         1.1000000000E+001         0.0000000000E+000         4.6951444647E+001         4.7318492346E+001         9.3856166996E+002         5.2392908632E+002         6.1022299649E-001         7.7526802315E-001         
2019-11-08                20:25:17.299              311.51756133              7476.421472               312.51756133              1573244717.299            0                         963                       1.0000000000E+000         1.1000000000E+001         0.0000000000E+000         4.6951444647E+001         4.7318492346E+001         1.0963246226E+003         9.4752902258E+002         6.1022299649E-001         7.7526802315E-001         
2019-11-08                20:26:08.486              311.51815377              7476.435691               312.51815377              1573244768.486            0                         963                       1.0000000000E+000         1.2000000000E+001         0.0000000000E+000         4.6951444647E+001         4.7318492346E+001         1.6703742237E+003         1.1067992986E+003         6.1022299649E-001         7.7526802315E-001         
2019-11-08                20:26:58.760              311.51873566              7476.449656               312.51873566              1573244818.761            0                         963                       1.0000000000E+000         1.2000000000E+001         0.0000000000E+000         4.6951444647E+001         4.7318492346E+001         2.1644808959E+003         1.6863335742E+003         6.1022299649E-001         7.7526802315E-001         
2019-11-08                20:27:50.897              311.51933909              7476.464138               312.51933909              1573244870.897            0                         963                       1.0000000000E+000         1.2000000000E+001         0.0000000000E+000         4.6951444647E+001         4.7318492346E+001         1.4843125269E+003         2.1851611177E+003         6.1022299649E-001         7.7526802315E-001         
2019-11-08                20:28:42.221              311.51993312              7476.478395               312.51993312              1573244922.222            0                         963                       1.0000000000E+000         1.3000000000E+001         0.0000000000E+000         4.6951444647E+001         4.7318492346E+001         2.5404682287E+003         1.4984941777E+003         6.1022299649E-001         7.7526802315E-001         
2019-11-08                20:29:33.569              311.52052743              7476.492658               312.52052743              1573244973.570            0                         963                       1.0000000000E+000         1.3000000000E+001         0.0000000000E+000         4.6951444647E+001         4.7318492346E+001         2.4836219382E+003         2.5647407674E+003         6.1022299649E-001         7.7526802315E-001         
2019-11-08                20:30:25.693              311.52113071              7476.507137               312.52113071              1573245025.693            0                         963                       1.0000000000E+000         1.3000000000E+001         0.0000000000E+000         4.6951444647E+001         4.7318492346E+001         9.7429067302E+002         2.5073513471E+003         6.1022299649E-001         7.7526802315E-001         
2019-11-08                20:31:15.101              311.52170256              7476.520861               312.52170256              1573245075.101            0                         963                       1.0000000000E+000         1.4000000000E+001         0.0000000000E+000         4.6951444647E+001         4.7318492346E+001         2.6770575244E+003         9.8359939326E+002         6.1022299649E-001         7.7526802315E-001         
2019-11-08                20:32:06.473              311.52229714              7476.535131               312.52229714              1573245126.473            0                         963                       1.0000000000E+000         1.4000000000E+001         0.0000000000E+000         4.6951444647E+001         4.7318492346E+001         2.8127137062E+003         2.7026350859E+003         6.1022299649E-001         7.7526802315E-001         
2019-11-08                20:32:58.687              311.52290148              7476.549636               312.52290148              1573245178.688            0                         963                       1.0000000000E+000         1.4000000000E+001         0.0000000000E+000         4.6951444647E+001         4.7318492346E+001         1.0423834525E+003         2.8395873752E+003         6.1022299649E-001         7.7526802315E-001         
2019-11-08                20:33:50.938              311.52350624              7476.564150               312.52350624              1573245230.939            0                         963                       1.0000000000E+000         1.5000000000E+001         0.0000000000E+000         4.6951444647E+001         4.7318492346E+001         1.4906324569E+003         1.0523427554E+003         6.1022299649E-001         7.7526802315E-001         
2019-11-08                20:34:42.105              311.52409844              7476.578363               312.52409844              1573245282.105            0                         963                       1.0000000000E+000         1.5000000000E+001         0.0000000000E+000         4.6951444647E+001         4.7318492346E+001         1.5581722723E+003         1.5048744906E+003         6.1022299649E-001         7.7526802315E-001         
2019-11-08                20:35:34.306              311.52470263              7476.592863               312.52470263              1573245334.307            0                         963                       1.0000000000E+000         1.6000000000E+001         0.0000000000E+000         4.6951444647E+001         4.7318492346E+001         8.2040600033E+002         1.5730596054E+003         6.1022299649E-001         7.7526802315E-001         
2019-11-08                20:36:26.473              311.52530640              7476.607354               312.52530640              1573245386.473            0                         963                       1.0000000000E+000         1.6000000000E+001         0.0000000000E+000         4.6951444647E+001         4.7318492346E+001         5.5531923100E+002         8.2824445158E+002         6.1022299649E-001         7.7526802315E-001         
2019-11-08                20:36:30.085              311.52534821              7476.608357               312.52534821              1573245390.085            0                         963                       3.0000000000E+000         1.6000000000E+001         0.0000000000E+000         4.6951444647E+001         4.7332875015E+001         5.5531923100E+002         5.6083289331E+002         6.5772633263E-001         8.3439757706E-001         
2019-11-08                20:37:04.019              311.52574097              7476.617783               312.52574097              1573245424.020            0                         963                       1.0000000000E+000         1.6000000000E+001         0.0000000000E+000         4.6951444647E+001         4.7332875015E+001         5.0548138805E+002         5.6083289331E+002         6.5772633263E-001         8.3439757706E-001         
2019-11-08                20:37:55.122              311.52633244              7476.631979               312.52633244              1573245475.123            0                         963                       1.0000000000E+000         1.6000000000E+001         0.0000000000E+000         4.6951444647E+001         4.7347286403E+001         5.0503304620E+002         5.1068988352E+002         6.5772633263E-001         8.3439757706E-001         
2019-11-08                20:38:47.345              311.52693687              7476.646485               312.52693687              1573245527.346            0                         963                       1.0000000000E+000         1.6000000000E+001         0.0000000000E+000         4.6951444647E+001         4.7347286403E+001         5.0459061425E+002         5.1023692194E+002         6.5772633263E-001         8.3439757706E-001         
2019-11-08                20:39:39.529              311.52754084              7476.660980               312.52754084              1573245579.529            0                         963                       1.0000000000E+000         1.6000000000E+001         0.0000000000E+000         4.6951444647E+001         4.7347286403E+001         5.0410833930E+002         5.0978993115E+002         6.5772633263E-001         8.3439757706E-001         
2019-11-08                20:40:31.638              311.52814396              7476.675455               312.52814396              1573245631.638            0                         963                       1.0000000000E+000         1.6000000000E+001         0.0000000000E+000         4.6951444647E+001         4.7347286403E+001         5.0358906459E+002         5.0930268683E+002         6.5772633263E-001         8.3439757706E-001         
2019-11-08                20:41:22.737              311.52873539              7476.689649               312.52873539              1573245682.738            0                         963                       1.0000000000E+000         1.6000000000E+001         0.0000000000E+000         4.6951444647E+001         4.7347286403E+001         5.0310269486E+002         5.0877806150E+002         6.5772633263E-001         8.3439757706E-001         
2019-11-08                20:42:14.917              311.52933933              7476.704144               312.52933933              1573245734.918            0                         963                       1.0000000000E+000         1.6000000000E+001         0.0000000000E+000         4.6951444647E+001         4.7347286403E+001         5.0264293112E+002         5.0828668020E+002         6.5772633263E-001         8.3439757706E-001         
2019-11-08                20:43:07.154              311.52994391              7476.718654               312.52994391              1573245787.154            0                         963                       1.0000000000E+000         1.6000000000E+001         0.0000000000E+000         4.6951444647E+001         4.7347286403E+001         5.0218485648E+002         5.0782217904E+002         6.5772633263E-001         8.3439757706E-001         
2019-11-08                20:43:58.227              311.53053505              7476.732841               312.53053505              1573245838.228            0                         963                       1.0000000000E+000         1.6000000000E+001         0.0000000000E+000         4.6951444647E+001         4.7347286403E+001         5.0168829929E+002         5.0735938438E+002         6.5772633263E-001         8.3439757706E-001         
2019-11-08                20:44:49.309              311.53112626              7476.747030               312.53112626              1573245889.309            0                         963                       1.0000000000E+000         1.6000000000E+001         0.0000000000E+000         4.6951444647E+001         4.7347286403E+001         5.0123542953E+002         5.0685771065E+002         6.5772633263E-001         8.3439757706E-001         
2019-11-08                20:45:41.507              311.53173042              7476.761530               312.53173042              1573245941.508            0                         963                       1.0000000000E+000         1.6000000000E+001         0.0000000000E+000         4.6951444647E+001         4.7347286403E+001         5.0094094827E+002         5.0640017451E+002         6.5772633263E-001         8.3439757706E-001         
2019-11-08                20:46:32.772              311.53232375              7476.775770               312.53232375              1573245992.772            0                         963                       1.0000000000E+000         1.0000000000E+000         0.0000000000E+000         4.6951444647E+001         4.7347286403E+001         6.6474829963E+002         5.0610265891E+002         6.5772633263E-001         8.3439757706E-001         
2019-11-08                20:47:24.892              311.53292700              7476.790248               312.53292700              1573246044.893            0                         963                       1.0000000000E+000         1.0000000000E+000         0.0000000000E+000         4.6951444647E+001         4.7347286403E+001         6.9350493368E+002         6.7159788616E+002         6.5772633263E-001         8.3439757706E-001         
2019-11-08                20:48:14.986              311.53350679              7476.804163               312.53350679              1573246094.987            0                         963                       1.0000000000E+000         1.6000000000E+001         0.0000000000E+000         4.6951444647E+001         4.7347286403E+001         5.2935506779E+002         7.0065082943E+002         6.5772633263E-001         8.3439757706E-001         
2019-11-08                20:49:07.184              311.53411094              7476.818662               312.53411094              1573246147.185            0                         963                       1.0000000000E+000         2.0000000000E+000         0.0000000000E+000         4.6951444647E+001         4.7347286403E+001         5.9246704659E+002         5.3480955837E+002         6.5772633263E-001         8.3439757706E-001         
2019-11-08                20:49:59.397              311.53471524              7476.833166               312.53471524              1573246199.397            0                         963                       1.0000000000E+000         2.0000000000E+000         0.0000000000E+000         4.6951444647E+001         4.7347286403E+001         6.1016430455E+002         5.9857184491E+002         6.5772633263E-001         8.3439757706E-001         
2019-11-08                20:50:50.496              311.53530668              7476.847360               312.53530668              1573246250.497            0                         963                       1.0000000000E+000         1.6000000000E+001         0.0000000000E+000         4.6951444647E+001         4.7347286403E+001         5.1772055539E+002         6.1645145595E+002         6.5772633263E-001         8.3439757706E-001         
2019-11-08                20:51:42.651              311.53591031              7476.861848               312.53591031              1573246302.651            0                         963                       1.0000000000E+000         3.0000000000E+000         0.0000000000E+000         4.6951444647E+001         4.7347286403E+001         6.2155594733E+002         5.2305516361E+002         6.5772633263E-001         8.3439757706E-001         
2019-11-08                20:52:33.743              311.53650166              7476.876040               312.53650166              1573246353.743            0                         963                       1.0000000000E+000         3.0000000000E+000         0.0000000000E+000         4.6951444647E+001         4.7347286403E+001         6.4706706910E+002         6.2796047855E+002         6.5772633263E-001         8.3439757706E-001         
2019-11-08                20:53:25.849              311.53710475              7476.890514               312.53710475              1573246405.850            0                         963                       1.0000000000E+000         1.6000000000E+001         0.0000000000E+000         4.6951444647E+001         4.7347286403E+001         5.2476927051E+002         6.5373446770E+002         6.5772633263E-001         8.3439757706E-001         
2019-11-08                20:54:16.970              311.53769642              7476.904714               312.53769642              1573246456.971            0                         963                       1.0000000000E+000         4.0000000000E+000         0.0000000000E+000         4.6951444647E+001         4.7347286403E+001         5.4801096443E+002         5.3017650890E+002         6.5772633263E-001         8.3439757706E-001         
2019-11-08                20:55:09.089              311.53829965              7476.919192               312.53829965              1573246509.090            0                         963                       1.0000000000E+000         4.0000000000E+000         0.0000000000E+000         4.6951444647E+001         4.7347286403E+001         5.6502018719E+002         5.5365768593E+002         6.5772633263E-001         8.3439757706E-001         
2019-11-08                20:56:00.250              311.53889178              7476.933403               312.53889178              1573246560.250            0                         963                       1.0000000000E+000         5.0000000000E+000         0.0000000000E+000         4.6951444647E+001         4.7347286403E+001         5.1596832288E+002         5.7084217224E+002         6.5772633263E-001         8.3439757706E-001         
2019-11-08                20:56:52.438              311.53949582              7476.947900               312.53949582              1573246612.439            0                         963                       1.0000000000E+000         5.0000000000E+000         0.0000000000E+000         4.6951444647E+001         4.7347286403E+001         5.8560365729E+002         5.2128487604E+002         6.5772633263E-001         8.3439757706E-001         
2019-11-08                20:57:43.520              311.54008705              7476.962089               312.54008705              1573246663.521            0                         963                       1.0000000000E+000         5.0000000000E+000         0.0000000000E+000         4.6951444647E+001         4.7347286403E+001         6.0792685716E+002         5.9163773503E+002         6.5772633263E-001         8.3439757706E-001         
2019-11-08                20:58:35.631              311.54069017              7476.976564               312.54069017              1573246715.631            0                         963                       1.0000000000E+000         6.0000000000E+000         0.0000000000E+000         4.6951444647E+001         4.7347286403E+001         7.9443545553E+002         6.1419095383E+002         6.5772633263E-001         8.3439757706E-001         
2019-11-08                20:59:27.816              311.54129418              7476.991060               312.54129418              1573246767.817            0                         963                       1.0000000000E+000         6.0000000000E+000         0.0000000000E+000         4.6951444647E+001         4.7347286403E+001         8.1176337581E+002         8.0262134242E+002         6.5772633263E-001         8.3439757706E-001         
2019-11-08                21:00:20.019              311.54189838              7477.005561               312.54189838              1573246820.020            0                         963                       1.0000000000E+000         6.0000000000E+000         0.0000000000E+000         4.6951444647E+001         4.7347286403E+001         5.4368375165E+002         8.2012781012E+002         6.5772633263E-001         8.3439757706E-001         
2019-11-08                21:01:11.117              311.54248978              7477.019755               312.54248978              1573246871.117            0                         963                       1.0000000000E+000         7.0000000000E+000         0.0000000000E+000         4.6951444647E+001         4.7347286403E+001         7.1963670171E+002         5.4928588542E+002         6.5772633263E-001         8.3439757706E-001         
2019-11-08                21:02:03.249              311.54309316              7477.034236               312.54309316              1573246923.249            0                         963                       1.0000000000E+000         7.0000000000E+000         0.0000000000E+000         4.6951444647E+001         4.7347286403E+001         7.4008112862E+002         7.2705185999E+002         6.5772633263E-001         8.3439757706E-001         
2019-11-08                21:02:54.355              311.54368466              7477.048432               312.54368466              1573246974.355            0                         963                       1.0000000000E+000         7.0000000000E+000         0.0000000000E+000         4.6951444647E+001         4.7347286403E+001         5.2677895126E+002         7.4770694688E+002         6.5772633263E-001         8.3439757706E-001         
2019-11-08                21:03:46.441              311.54428752              7477.062901               312.54428752              1573247026.442            0                         963                       1.0000000000E+000         8.0000000000E+000         0.0000000000E+000         4.6951444647E+001         4.7347286403E+001         6.7430730847E+002         5.3220689746E+002         6.5772633263E-001         8.3439757706E-001         
2019-11-08                21:04:37.538              311.54487891              7477.077094               312.54487891              1573247077.538            0                         963                       1.0000000000E+000         8.0000000000E+000         0.0000000000E+000         4.6951444647E+001         4.7347286403E+001         6.9265200739E+002         6.8125539131E+002         6.5772633263E-001         8.3439757706E-001         
2019-11-08                21:05:29.651              311.54548207              7477.091570               312.54548207              1573247129.651            0                         963                       1.0000000000E+000         1.6000000000E+001         0.0000000000E+000         4.6951444647E+001         4.7347286403E+001         5.2608769739E+002         6.9978911456E+002         6.5772633263E-001         8.3439757706E-001         
