DATE                      TIME                      FRAC_DAYS_SINCE_JAN1      FRAC_HRS_SINCE_JAN1       JULIAN_DAYS               EPOCH_TIME                ALARM_STATUS              INST_STATUS               species                   MPVPosition               solenoid_valves           CH4                       CH4_dry                   CO2                       CO2_dry                   H2O                       h2o_reported              
2019-08-04                04:17:37.536              214.84557334              5156.293760               215.84557334              1564892257.537            0                         963                       1.0000000000E+000         1.0000000000E+000         0.0000000000E+000         4.5078805697E+001         4.6421740583E+001         3.8908115436E+002         4.0323291932E+002         2.2794400937E+000         2.7602617272E+000         
2019-08-04                04:18:28.713              214.84616566              5156.307976               215.84616566              1564892308.713            0                         963                       1.0000000000E+000         1.0000000000E+000         0.0000000000E+000         4.5078805697E+001         4.6421740583E+001         3.8912646771E+002         4.0325996561E+002         2.2794400937E+000         2.7602617272E+000         
2019-08-04                04:19:19.890              214.84675799              5156.322192               215.84675799              1564892359.890            0                         963                       1.0000000000E+000         1.0000000000E+000         0.0000000000E+000         4.5078805697E+001         4.6421740583E+001         3.8919227396E+002         4.0330693027E+002         2.2794400937E+000         2.7602617272E+000         
2019-08-04                04:20:09.112              214.84732770              5156.335865               215.84732770              1564892409.113            0                         963                       1.0000000000E+000         1.0000000000E+000         0.0000000000E+000         4.5078805697E+001         4.6421740583E+001         3.8925292004E+002         4.0337513461E+002         2.2794400937E+000         2.7602617272E+000         
2019-08-04                04:20:58.351              214.84789759              5156.349542               215.84789759              1564892458.352            0                         963                       1.0000000000E+000         1.0000000000E+000         0.0000000000E+000         4.5078805697E+001         4.6421740583E+001         3.8930845032E+002         4.0343799075E+002         2.2794400937E+000         2.7602617272E+000         
2019-08-04                04:21:49.546              214.84849012              5156.363763               215.84849012              1564892509.546            0                         963                       1.0000000000E+000         1.0000000000E+000         0.0000000000E+000         4.5078805697E+001         4.6421740583E+001         3.8937011975E+002         4.0349554465E+002         2.2794400937E+000         2.7602617272E+000         
2019-08-04                04:22:40.727              214.84908250              5156.377980               215.84908250              1564892560.728            0                         963                       1.0000000000E+000         1.0000000000E+000         0.0000000000E+000         4.5078805697E+001         4.6421740583E+001         3.8940249113E+002         4.0355946142E+002         2.2794400937E+000         2.7602617272E+000         
2019-08-04                04:23:29.950              214.84965221              5156.391653               215.84965221              1564892609.951            0                         963                       1.0000000000E+000         1.0000000000E+000         0.0000000000E+000         4.5078805697E+001         4.6421740583E+001         3.8944319861E+002         4.0359301248E+002         2.2794400937E+000         2.7602617272E+000         
2019-08-04                04:24:19.088              214.85022093              5156.405302               215.85022093              1564892659.088            0                         963                       1.0000000000E+000         1.0000000000E+000         0.0000000000E+000         4.5078805697E+001         4.6421740583E+001         3.8951976413E+002         4.0363520340E+002         2.2794400937E+000         2.7602617272E+000         
2019-08-04                04:25:08.256              214.85079000              5156.418960               215.85079000              1564892708.256            0                         963                       1.0000000000E+000         1.0000000000E+000         0.0000000000E+000         4.5078805697E+001         4.6421740583E+001         3.8956265517E+002         4.0371455911E+002         2.2794400937E+000         2.7602617272E+000         
2019-08-04                04:25:58.450              214.85137096              5156.432903               215.85137096              1564892758.451            0                         963                       1.0000000000E+000         1.0000000000E+000         0.0000000000E+000         4.5078805697E+001         4.6421740583E+001         3.8962889360E+002         4.0375901317E+002         2.2794400937E+000         2.7602617272E+000         
2019-08-04                04:26:47.552              214.85193927              5156.446542               215.85193927              1564892807.553            0                         963                       1.0000000000E+000         1.0000000000E+000         0.0000000000E+000         4.5078805697E+001         4.6421740583E+001         3.8967497821E+002         4.0382766545E+002         2.2794400937E+000         2.7602617272E+000         
2019-08-04                04:27:37.635              214.85251894              5156.460454               215.85251894              1564892857.636            0                         963                       1.0000000000E+000         1.0000000000E+000         0.0000000000E+000         4.5078805697E+001         4.6421740583E+001         3.8968866329E+002         4.0387542947E+002         2.2794400937E+000         2.7602617272E+000         
2019-08-04                04:28:27.836              214.85309997              5156.474399               215.85309997              1564892907.837            0                         963                       1.0000000000E+000         1.0000000000E+000         0.0000000000E+000         4.5078805697E+001         4.6421740583E+001         3.8974307174E+002         4.0388961326E+002         2.2794400937E+000         2.7602617272E+000         
2019-08-04                04:29:18.020              214.85368080              5156.488339               215.85368080              1564892958.021            0                         963                       1.0000000000E+000         1.0000000000E+000         0.0000000000E+000         4.5078805697E+001         4.6421740583E+001         3.8982282288E+002         4.0394600445E+002         2.2794400937E+000         2.7602617272E+000         
2019-08-04                04:30:07.125              214.85424914              5156.501979               215.85424914              1564893007.126            0                         963                       1.0000000000E+000         1.0000000000E+000         0.0000000000E+000         4.5078805697E+001         4.6421740583E+001         3.8990368365E+002         4.0402866186E+002         2.2794400937E+000         2.7602617272E+000         
2019-08-04                04:30:56.375              214.85481917              5156.515660               215.85481917              1564893056.376            0                         963                       1.0000000000E+000         1.0000000000E+000         0.0000000000E+000         4.5078805697E+001         4.6421740583E+001         3.8993880529E+002         4.0411246934E+002         2.2794400937E+000         2.7602617272E+000         
2019-08-04                04:31:46.526              214.85539961              5156.529591               215.85539961              1564893106.526            0                         963                       1.0000000000E+000         1.0000000000E+000         0.0000000000E+000         4.5078805697E+001         4.6421740583E+001         3.8995716404E+002         4.0414887087E+002         2.2794400937E+000         2.7602617272E+000         
2019-08-04                04:32:37.696              214.85599185              5156.543804               215.85599185              1564893157.696            0                         963                       1.0000000000E+000         1.0000000000E+000         0.0000000000E+000         4.5078805697E+001         4.6421740583E+001         3.9000729510E+002         4.0416789865E+002         2.2794400937E+000         2.7602617272E+000         
2019-08-04                04:33:26.943              214.85656184              5156.557484               215.85656184              1564893206.943            0                         963                       1.0000000000E+000         1.0000000000E+000         0.0000000000E+000         4.5078805697E+001         4.6421740583E+001         3.9007873786E+002         4.0421985658E+002         2.2794400937E+000         2.7602617272E+000         
2019-08-04                04:34:16.098              214.85713078              5156.571139               215.85713078              1564893256.099            0                         963                       1.0000000000E+000         1.0000000000E+000         0.0000000000E+000         4.5078805697E+001         4.6421740583E+001         3.9014233446E+002         4.0429390284E+002         2.2794400937E+000         2.7602617272E+000         
2019-08-04                04:35:05.336              214.85770066              5156.584816               215.85770066              1564893305.337            0                         963                       1.0000000000E+000         1.0000000000E+000         0.0000000000E+000         4.5078805697E+001         4.6421740583E+001         3.9019400092E+002         4.0435981702E+002         2.2794400937E+000         2.7602617272E+000         
2019-08-04                04:35:56.519              214.85829306              5156.599033               215.85829306              1564893356.520            0                         963                       1.0000000000E+000         1.0000000000E+000         0.0000000000E+000         4.5078805697E+001         4.6421740583E+001         3.9023202828E+002         4.0441336629E+002         2.2794400937E+000         2.7602617272E+000         
2019-08-04                04:36:45.799              214.85886343              5156.612722               215.85886343              1564893405.800            0                         963                       1.0000000000E+000         1.0000000000E+000         0.0000000000E+000         4.5078805697E+001         4.6421740583E+001         3.9029183403E+002         4.0445277943E+002         2.2794400937E+000         2.7602617272E+000         
2019-08-04                04:37:34.914              214.85943189              5156.626365               215.85943189              1564893454.915            0                         963                       1.0000000000E+000         1.0000000000E+000         0.0000000000E+000         4.5078805697E+001         4.6421740583E+001         3.9033868224E+002         4.0451476461E+002         2.2794400937E+000         2.7602617272E+000         
2019-08-04                04:38:26.188              214.86002534              5156.640608               215.86002534              1564893506.189            0                         963                       1.0000000000E+000         1.0000000000E+000         0.0000000000E+000         4.5078805697E+001         4.6421740583E+001         3.9036361473E+002         4.0456332005E+002         2.2794400937E+000         2.7602617272E+000         
2019-08-04                04:39:16.401              214.86060649              5156.654556               215.86060649              1564893556.401            0                         963                       1.0000000000E+000         1.0000000000E+000         0.0000000000E+000         4.5078805697E+001         4.6421740583E+001         3.9042996841E+002         4.0458916113E+002         2.2794400937E+000         2.7602617272E+000         
2019-08-04                04:40:05.555              214.86117542              5156.668210               215.86117542              1564893605.556            0                         963                       1.0000000000E+000         1.0000000000E+000         0.0000000000E+000         4.5078805697E+001         4.6421740583E+001         3.9050818307E+002         4.0465793286E+002         2.2794400937E+000         2.7602617272E+000         
2019-08-04                04:40:54.667              214.86174384              5156.681852               215.86174384              1564893654.668            0                         963                       1.0000000000E+000         1.0000000000E+000         0.0000000000E+000         4.5078805697E+001         4.6421740583E+001         3.9057107009E+002         4.0473899780E+002         2.2794400937E+000         2.7602617272E+000         
2019-08-04                04:41:44.872              214.86232492              5156.695798               215.86232492              1564893704.873            0                         963                       1.0000000000E+000         1.0000000000E+000         0.0000000000E+000         4.5078805697E+001         4.6421740583E+001         3.9064147772E+002         4.0480417654E+002         2.2794400937E+000         2.7602617272E+000         
2019-08-04                04:42:35.108              214.86290635              5156.709752               215.86290635              1564893755.109            0                         963                       1.0000000000E+000         1.0000000000E+000         0.0000000000E+000         4.5078805697E+001         4.6421740583E+001         3.9074245260E+002         4.0487714994E+002         2.2794400937E+000         2.7602617272E+000         
2019-08-04                04:43:24.354              214.86347632              5156.723432               215.86347632              1564893804.354            0                         963                       1.0000000000E+000         1.0000000000E+000         0.0000000000E+000         4.5078805697E+001         4.6421740583E+001         3.9081679512E+002         4.0498180453E+002         2.2794400937E+000         2.7602617272E+000         
2019-08-04                04:44:13.500              214.86404515              5156.737084               215.86404515              1564893853.501            0                         963                       1.0000000000E+000         1.0000000000E+000         0.0000000000E+000         4.5078805697E+001         4.6421740583E+001         3.9089580822E+002         4.0505885622E+002         2.2794400937E+000         2.7602617272E+000         
2019-08-04                04:45:02.694              214.86461451              5156.750748               215.86461451              1564893902.694            0                         963                       1.0000000000E+000         1.0000000000E+000         0.0000000000E+000         4.5078805697E+001         4.6421740583E+001         3.9096219763E+002         4.0514074870E+002         2.2794400937E+000         2.7602617272E+000         
2019-08-04                04:45:53.862              214.86520675              5156.764962               215.86520675              1564893953.863            0                         963                       1.0000000000E+000         1.0000000000E+000         0.0000000000E+000         4.5078805697E+001         4.6421740583E+001         3.9101090742E+002         4.0520955746E+002         2.2794400937E+000         2.7602617272E+000         
2019-08-04                04:46:42.963              214.86577505              5156.778601               215.86577505              1564894002.964            0                         963                       1.0000000000E+000         1.0000000000E+000         0.0000000000E+000         4.5078805697E+001         4.6421740583E+001         3.9107766592E+002         4.0526004232E+002         2.2794400937E+000         2.7602617272E+000         
2019-08-04                04:47:32.072              214.86634344              5156.792242               215.86634344              1564894052.073            0                         963                       1.0000000000E+000         1.0000000000E+000         0.0000000000E+000         4.5078805697E+001         4.6421740583E+001         3.9114223568E+002         4.0532923362E+002         2.2794400937E+000         2.7602617272E+000         
2019-08-04                04:48:22.305              214.86692483              5156.806196               215.86692483              1564894102.305            0                         963                       1.0000000000E+000         1.0000000000E+000         0.0000000000E+000         4.5078805697E+001         4.6421740583E+001         3.9126145387E+002         4.0539615641E+002         2.2794400937E+000         2.7602617272E+000         
2019-08-04                04:49:13.542              214.86751786              5156.820429               215.86751786              1564894153.543            0                         963                       1.0000000000E+000         1.0000000000E+000         0.0000000000E+000         4.5078805697E+001         4.6421740583E+001         3.9136974696E+002         4.0551971913E+002         2.2794400937E+000         2.7602617272E+000         
2019-08-04                04:50:02.802              214.86808800              5156.834112               215.86808800              1564894202.803            0                         963                       1.0000000000E+000         1.0000000000E+000         0.0000000000E+000         4.5078805697E+001         4.6421740583E+001         3.9142508847E+002         4.0563195862E+002         2.2794400937E+000         2.7602617272E+000         
2019-08-04                04:50:51.947              214.86865679              5156.847763               215.86865679              1564894251.947            0                         963                       1.0000000000E+000         1.0000000000E+000         0.0000000000E+000         4.5078805697E+001         4.6421740583E+001         3.9150217021E+002         4.0568931686E+002         2.2794400937E+000         2.7602617272E+000         
2019-08-04                04:51:43.108              214.86924894              5156.861974               215.86924894              1564894303.108            0                         963                       1.0000000000E+000         1.0000000000E+000         0.0000000000E+000         4.5078805697E+001         4.6421740583E+001         3.9159793377E+002         4.0576920760E+002         2.2794400937E+000         2.7602617272E+000         
2019-08-04                04:52:34.308              214.86984153              5156.876197               215.86984153              1564894354.308            0                         963                       1.0000000000E+000         1.0000000000E+000         0.0000000000E+000         4.5078805697E+001         4.6421740583E+001         3.9168109946E+002         4.0586846095E+002         2.2794400937E+000         2.7602617272E+000         
2019-08-04                04:53:23.602              214.87041207              5156.889890               215.87041207              1564894403.603            0                         963                       1.0000000000E+000         1.0000000000E+000         0.0000000000E+000         4.5078805697E+001         4.6421740583E+001         3.9176469461E+002         4.0595465735E+002         2.2794400937E+000         2.7602617272E+000         
2019-08-04                04:54:12.704              214.87098038              5156.903529               215.87098038              1564894452.705            0                         963                       1.0000000000E+000         1.0000000000E+000         0.0000000000E+000         4.5078805697E+001         4.6421740583E+001         3.9186797750E+002         4.0604129886E+002         2.2794400937E+000         2.7602617272E+000         
2019-08-04                04:55:03.938              214.87157337              5156.917761               215.87157337              1564894503.939            0                         963                       1.0000000000E+000         1.0000000000E+000         0.0000000000E+000         4.5078805697E+001         4.6421740583E+001         3.9196666295E+002         4.0614834556E+002         2.2794400937E+000         2.7602617272E+000         
2019-08-04                04:55:55.118              214.87216573              5156.931977               215.87216573              1564894555.119            0                         963                       1.0000000000E+000         1.0000000000E+000         0.0000000000E+000         4.5078805697E+001         4.6421740583E+001         3.9204970212E+002         4.0625062729E+002         2.2794400937E+000         2.7602617272E+000         
2019-08-04                04:56:44.365              214.87273572              5156.945657               215.87273572              1564894604.366            0                         963                       1.0000000000E+000         1.0000000000E+000         0.0000000000E+000         4.5078805697E+001         4.6421740583E+001         3.9213700928E+002         4.0633669255E+002         2.2794400937E+000         2.7602617272E+000         
2019-08-04                04:57:33.503              214.87330443              5156.959306               215.87330443              1564894653.503            0                         963                       1.0000000000E+000         1.0000000000E+000         0.0000000000E+000         4.5078805697E+001         4.6421740583E+001         3.9223776785E+002         4.0642718134E+002         2.2794400937E+000         2.7602617272E+000         
2019-08-04                04:58:22.730              214.87387420              5156.972981               215.87387420              1564894702.731            0                         963                       1.0000000000E+000         1.0000000000E+000         0.0000000000E+000         4.5078805697E+001         4.6421740583E+001         3.9236510357E+002         4.0653161173E+002         2.2794400937E+000         2.7602617272E+000         
2019-08-04                04:59:13.914              214.87446660              5156.987198               215.87446660              1564894753.914            0                         963                       1.0000000000E+000         1.0000000000E+000         0.0000000000E+000         4.5078805697E+001         4.6421740583E+001         3.9250377416E+002         4.0666358780E+002         2.2794400937E+000         2.7602617272E+000         
2019-08-04                05:00:03.177              214.87503677              5157.000883               215.87503677              1564894803.177            0                         963                       1.0000000000E+000         1.0000000000E+000         0.0000000000E+000         4.5078805697E+001         4.6421740583E+001         3.9260163387E+002         4.0680731179E+002         2.2794400937E+000         2.7602617272E+000         
2019-08-04                05:00:52.305              214.87560539              5157.014529               215.87560539              1564894852.306            0                         963                       1.0000000000E+000         1.0000000000E+000         0.0000000000E+000         4.5078805697E+001         4.6421740583E+001         3.9268168441E+002         4.0690873768E+002         2.2794400937E+000         2.7602617272E+000         
2019-08-04                05:01:41.525              214.87617506              5157.028201               215.87617506              1564894901.525            0                         963                       1.0000000000E+000         1.0000000000E+000         0.0000000000E+000         4.5078805697E+001         4.6421740583E+001         3.9281435789E+002         4.0699170540E+002         2.2794400937E+000         2.7602617272E+000         
2019-08-04                05:02:32.710              214.87676749              5157.042420               215.87676749              1564894952.711            0                         963                       1.0000000000E+000         1.0000000000E+000         0.0000000000E+000         4.5078805697E+001         4.6421740583E+001         3.9294658363E+002         4.0712921374E+002         2.2794400937E+000         2.7602617272E+000         
2019-08-04                05:03:21.976              214.87733770              5157.056105               215.87733770              1564895001.977            0                         963                       1.0000000000E+000         1.0000000000E+000         0.0000000000E+000         4.5078805697E+001         4.6421740583E+001         3.9307027484E+002         4.0726625802E+002         2.2794400937E+000         2.7602617272E+000         
2019-08-04                05:04:11.112              214.87790640              5157.069754               215.87790640              1564895051.113            0                         963                       1.0000000000E+000         1.0000000000E+000         0.0000000000E+000         4.5078805697E+001         4.6421740583E+001         3.9318771515E+002         4.0739445676E+002         2.2794400937E+000         2.7602617272E+000         
2019-08-04                05:05:02.286              214.87849869              5157.083969               215.87849869              1564895102.287            0                         963                       1.0000000000E+000         1.0000000000E+000         0.0000000000E+000         4.5078805697E+001         4.6421740583E+001         3.9328132278E+002         4.0751617681E+002         2.2794400937E+000         2.7602617272E+000         
2019-08-04                05:05:53.428              214.87909061              5157.098175               215.87909061              1564895153.429            0                         963                       1.0000000000E+000         1.0000000000E+000         0.0000000000E+000         4.5078805697E+001         4.6421740583E+001         3.9340558972E+002         4.0761319566E+002         2.2794400937E+000         2.7602617272E+000         
2019-08-04                05:06:42.542              214.87965906              5157.111817               215.87965906              1564895202.543            0                         963                       1.0000000000E+000         1.0000000000E+000         0.0000000000E+000         4.5078805697E+001         4.6421740583E+001         3.9355462982E+002         4.0774199111E+002         2.2794400937E+000         2.7602617272E+000         
2019-08-04                05:07:32.835              214.88024116              5157.125788               215.88024116              1564895252.836            0                         963                       1.0000000000E+000         1.0000000000E+000         0.0000000000E+000         4.5078805697E+001         4.6421740583E+001         3.9367688916E+002         4.0789646250E+002         2.2794400937E+000         2.7602617272E+000         
2019-08-04                05:08:23.046              214.88082229              5157.139735               215.88082229              1564895303.046            0                         963                       1.0000000000E+000         1.0000000000E+000         0.0000000000E+000         4.5078805697E+001         4.6421740583E+001         3.9379991149E+002         4.0802317719E+002         2.2794400937E+000         2.7602617272E+000         
2019-08-04                05:09:13.253              214.88140340              5157.153682               215.88140340              1564895353.254            0                         963                       1.0000000000E+000         1.0000000000E+000         0.0000000000E+000         4.5078805697E+001         4.6421740583E+001         3.9394653116E+002         4.0815068267E+002         2.2794400937E+000         2.7602617272E+000         
2019-08-04                05:10:02.368              214.88197186              5157.167325               215.88197186              1564895402.369            0                         963                       1.0000000000E+000         1.0000000000E+000         0.0000000000E+000         4.5078805697E+001         4.6421740583E+001         3.9410275502E+002         4.0830264543E+002         2.2794400937E+000         2.7602617272E+000         
2019-08-04                05:10:52.440              214.88255139              5157.181233               215.88255139              1564895452.440            0                         963                       1.0000000000E+000         1.0000000000E+000         0.0000000000E+000         4.5078805697E+001         4.6421740583E+001         3.9424570810E+002         4.0846456236E+002         2.2794400937E+000         2.7602617272E+000         
2019-08-04                05:11:42.680              214.88313288              5157.195189               215.88313288              1564895502.681            0                         963                       1.0000000000E+000         1.0000000000E+000         0.0000000000E+000         4.5078805697E+001         4.6421740583E+001         3.9439594269E+002         4.0861272490E+002         2.2794400937E+000         2.7602617272E+000         
2019-08-04                05:12:32.028              214.88370403              5157.208897               215.88370403              1564895552.028            0                         963                       1.0000000000E+000         1.0000000000E+000         0.0000000000E+000         4.5078805697E+001         4.6421740583E+001         3.9455475818E+002         4.0876843432E+002         2.2794400937E+000         2.7602617272E+000         
2019-08-04                05:13:21.141              214.88427248              5157.222539               215.88427248              1564895601.142            0                         963                       1.0000000000E+000         1.0000000000E+000         0.0000000000E+000         4.5078805697E+001         4.6421740583E+001         3.9469965251E+002         4.0893303733E+002         2.2794400937E+000         2.7602617272E+000         
2019-08-04                05:14:10.378              214.88484235              5157.236216               215.88484235              1564895650.379            0                         963                       1.0000000000E+000         1.0000000000E+000         0.0000000000E+000         4.5078805697E+001         4.6421740583E+001         3.9484902049E+002         4.0908321186E+002         2.2794400937E+000         2.7602617272E+000         
2019-08-04                05:15:00.571              214.88542328              5157.250159               215.88542328              1564895700.571            0                         963                       1.0000000000E+000         1.0000000000E+000         0.0000000000E+000         4.5078805697E+001         4.6421740583E+001         3.9498448069E+002         4.0923802307E+002         2.2794400937E+000         2.7602617272E+000         
2019-08-04                05:15:51.779              214.88601596              5157.264383               215.88601596              1564895751.779            0                         963                       1.0000000000E+000         1.0000000000E+000         0.0000000000E+000         4.5078805697E+001         4.6421740583E+001         3.9510813178E+002         4.0937841969E+002         2.2794400937E+000         2.7602617272E+000         
2019-08-04                05:16:41.865              214.88659566              5157.278296               215.88659566              1564895801.865            0                         963                       1.0000000000E+000         1.0000000000E+000         0.0000000000E+000         4.5078805697E+001         4.6421740583E+001         3.9523547493E+002         4.0950657685E+002         2.2794400937E+000         2.7602617272E+000         
2019-08-04                05:17:30.970              214.88716400              5157.291936               215.88716400              1564895850.970            0                         963                       1.0000000000E+000         1.0000000000E+000         0.0000000000E+000         4.5078805697E+001         4.6421740583E+001         3.9537950124E+002         4.0963856061E+002         2.2794400937E+000         2.7602617272E+000         
2019-08-04                05:18:22.148              214.88775635              5157.306152               215.88775635              1564895902.149            0                         963                       1.0000000000E+000         1.0000000000E+000         0.0000000000E+000         4.5078805697E+001         4.6421740583E+001         3.9553989506E+002         4.0978783549E+002         2.2794400937E+000         2.7602617272E+000         
